START -20 -3452 3396 -450 -13053 6182 END
START -1064 -2936 4044 -1096 -14288 11008 END
START -2920 -4616 2372 -667 -15999 15953 END
START -5180 -8212 -848 587 -15214 17889 END
START -7028 -10704 -2612 1865 -13072 18235 END
START -8052 -11188 -2316 4012 -10925 18254 END
START -9172 -12704 -3136 4923 -9442 19260 END
START -9836 -15460 -5016 6488 -6962 18930 END
START -10500 -17972 -6268 7690 -3521 17612 END
START -10740 -19220 -4908 9010 -243 16095 END
START -11052 -19240 -3208 9688 1114 15061 END
START -11008 -20088 -4956 7293 3001 14822 END
START -11476 -21136 -5108 6462 6257 13604 END
START -12072 -22260 -2984 8231 7986 11711 END
START -12040 -22732 -1536 9569 7537 9835 END
START -11680 -22524 -1220 6817 9201 7754 END
START -11372 -22140 -1296 2340 12291 5652 END
START -11316 -22568 424 1259 13886 3916 END
START -11392 -23560 2820 3859 12919 1312 END
START -10676 -23536 4996 4892 10863 -1441 END
START -9788 -23604 5696 2683 9904 -4049 END
START -8656 -22860 5940 -393 9134 -6305 END
START -7528 -21808 5680 -2768 8199 -7774 END
START -7092 -21252 5348 -3840 7130 -9162 END
START -7548 -20500 5120 -4650 5980 -10580 END
START -8224 -20392 4388 -5506 5488 -11982 END
START -8476 -20108 4640 -5143 4541 -13911 END
START -7520 -19000 3924 -4448 3536 -15460 END
START -6460 -17548 2796 -4570 3415 -16364 END
START -6164 -17044 3040 -4703 3507 -17204 END
START -6048 -15708 3264 -4482 2691 -17806 END
START -5100 -14536 2116 -4118 1655 -18089 END
START -4348 -12936 2552 -3796 1517 -18013 END
START -3692 -11248 3340 -2399 552 -17516 END
START -2540 -9024 3836 -2276 -796 -15681 END
START -1196 -7224 3080 -2789 -2179 -13068 END
START -580 -6300 1124 -3639 -2920 -9901 END
START -316 -6436 672 -1572 -3042 -7379 END
START 304 -5236 1360 705 -3347 -5658 END
START 836 -4364 2192 357 -4389 -2159 END
START 1100 -4476 1340 466 -5675 1476 END
START 780 -4700 -148 1252 -5990 5345 END
START -120 -5788 -1312 2716 -5802 8541 END
START -860 -7064 -2048 5171 -5261 11309 END
START -2216 -8292 -2564 5992 -4816 14299 END
START -3084 -10720 -3432 7878 -4101 16732 END
START -4952 -12916 -4248 9472 -1986 17629 END
START -6484 -14940 -4376 9034 249 18349 END
START -7428 -16504 -6160 8094 2415 18433 END
START -8044 -17836 -7812 6170 6380 18588 END
START -9708 -20544 -8140 4601 10264 17782 END
START -12248 -23952 -6832 7767 12434 15719 END
START -12504 -25648 -4540 10677 13926 12054 END
START -12600 -25596 -1532 10359 15609 8325 END
START -12096 -24896 -232 4493 17262 5747 END
START -11532 -25416 396 876 19140 2669 END
START -10696 -24196 120 -424 19533 28 END
START -10060 -23844 1792 3021 18696 -3032 END
START -9092 -21676 4300 3331 17215 -5644 END
START -8176 -20764 6880 719 15643 -8563 END