START -5332 -8424 -5256 -6994 -22213 31002 END
START -5892 -10084 -7648 -4254 -19629 32542 END
START -6680 -12580 -11624 -5228 -15183 32767 END
START -7572 -15860 -14472 -5086 -8257 32612 END
START -10496 -19396 -14820 -726 -1434 30903 END
START -12524 -22616 -14796 4172 2930 29509 END
START -13124 -23040 -13316 4829 7750 27157 END
START -13940 -28796 -13848 4936 11531 23357 END
START -15312 -30124 -11104 9557 17791 16162 END
START -15260 -30904 -6196 7940 18695 11370 END
START -14552 -31924 -1076 7486 17727 7606 END
START -14148 -32768 2060 9416 15641 2017 END
START -12884 -32768 3420 9757 14991 -5084 END
START -9516 -30964 3684 3000 14015 -9928 END
START -7348 -29760 4080 -1711 13323 -14039 END
START -6560 -26660 4252 -1462 11336 -17024 END
START -5984 -22936 4236 -2470 9315 -18605 END
START -5772 -21620 4916 -2264 8046 -19876 END
START -6656 -20176 5480 471 5830 -21717 END
START -6504 -16776 5604 767 3699 -22105 END
START -5452 -15684 4300 -2046 2314 -22343 END
START -5300 -14192 3492 -596 1235 -23067 END
START -4268 -11744 2212 48 475 -22600 END
START -3348 -9464 1424 -130 45 -20976 END
START -2648 -8360 1480 216 -307 -19798 END
START -2180 -6952 2544 2854 -1348 -18070 END
START -1556 -4280 3744 4020 -4763 -15195 END
START 588 -3372 1940 1460 -6272 -10126 END
START 768 -3780 744 2 -6353 -7278 END
START 772 -3400 704 1346 -6653 -4807 END
START 1200 -1788 740 3639 -7933 -828 END
START 2036 -1908 -392 3518 -8006 3652 END
START 1624 -2784 -1116 2841 -7373 7781 END
START 696 -4888 -2272 2850 -6747 11307 END
START 256 -7020 -3568 5407 -6879 14531 END
START 328 -8760 -6900 5500 -5623 17859 END
START -736 -12272 -9584 6189 -636 18460 END
START -2300 -15224 -8496 10197 3835 17709 END
START -3272 -16540 -5920 16451 5405 17589 END
START -4060 -17208 -3944 16275 6651 19532 END
START -4056 -21844 -4032 9747 9043 19970 END
START -5380 -23784 -4056 6329 13722 17901 END
START -5128 -25592 -6764 -1554 17104 17893 END
START -5928 -31820 -9736 -3196 23248 15337 END
START -8952 -32768 -11672 3184 31725 5502 END
START -10804 -32768 -11900 9139 32767 -8906 END
START -16076 -32768 -4624 9900 32767 -22042 END
START -13028 -31692 4560 2435 32767 -24410 END
START -12904 -26532 7192 9372 32767 -27604 END
START -10312 -21644 10620 7605 32767 -27066 END