START 4496 -10064 6592 721 -13190 4326 END
START 2800 -7428 6872 775 -14192 7355 END
START 1280 -5640 6852 -470 -15899 11372 END
START -160 -4648 5812 -2474 -17523 15152 END
START -2648 -3292 3944 -4479 -16984 18769 END
START -5288 -4180 2396 -6225 -17838 22857 END
START -7076 -7468 -2756 -6517 -18630 27154 END
START -7972 -11772 -7964 -4318 -17020 29082 END
START -8124 -14512 -10776 83 -12679 29058 END
START -8352 -17296 -11136 3582 -8425 27938 END
START -8660 -19056 -10276 6127 -3202 25907 END
START -8684 -20616 -9212 6355 2963 23593 END
START -8820 -22640 -9140 3658 7848 21259 END
START -10068 -26292 -8324 5047 12740 17538 END
START -10872 -27032 -5520 9839 15573 13982 END
START -11044 -26740 -2472 9190 16816 10023 END
START -9924 -27700 -640 4233 16525 7497 END
START -9784 -29664 -504 1767 16777 4128 END
START -10352 -30212 1676 2174 17107 259 END
START -9884 -29456 4164 1748 16056 -3797 END
START -9568 -28384 6704 816 13106 -7174 END
START -9132 -27252 8068 477 10295 -10851 END
START -7692 -24244 8248 -2467 7824 -13885 END
START -6480 -22444 6592 -5390 5978 -16032 END
START -6076 -21112 5780 -4948 4681 -17642 END
START -6352 -19680 5492 -3745 3364 -19208 END
START -5916 -17264 5496 -4529 1935 -20086 END
START -5640 -15756 4764 -5444 347 -20154 END
START -5356 -14668 3596 -3582 -181 -20719 END
START -5124 -12168 4152 -3334 -1479 -20699 END
START -4184 -10408 3108 -4938 -3588 -19135 END
START -3116 -9060 1820 -3892 -3544 -18168 END
START -2116 -6944 2204 -1582 -3776 -16608 END
START -1420 -4232 1644 -1432 -5345 -13589 END
START -504 -3496 204 -920 -5363 -10175 END
START 124 -2872 -488 -309 -5858 -6597 END
START 432 -2444 -1056 845 -6793 -2931 END
START 728 -1604 -468 2982 -7368 1458 END
START 1044 -1964 -1192 2780 -8094 6398 END
START 596 -3428 -3080 3107 -7753 10959 END
START 8 -6032 -5928 3145 -6731 14965 END
START -916 -8988 -7756 5764 -4559 17258 END
START -2124 -11216 -9028 8541 -2161 18596 END
START -4052 -13056 -9584 10260 1018 19905 END
START -5484 -14592 -8484 11748 4288 21036 END
START -6692 -17568 -7364 18169 7310 19758 END
START -6216 -18408 -7000 19489 11104 19109 END
START -6504 -18080 -6732 14359 19414 16842 END
START -7248 -19616 -7936 1582 27957 18959 END
START -11100 -30344 -9496 -3200 32767 12662 END
START -15356 -32768 -6184 10733 32767 3324 END
START -13024 -32768 -6532 18673 32767 -5653 END