START -1524 -19716 5824 -2903 -5687 -9257 END
START -1488 -19136 5856 -4027 -7553 -9812 END
START -1300 -17608 5336 -4224 -8800 -10011 END
START -1280 -16488 4616 -4917 -9482 -10310 END
START -1168 -15160 4548 -5027 -10332 -10398 END
START -864 -13228 4516 -3620 -11672 -9997 END
START -540 -11744 4132 -3767 -12986 -9046 END
START -188 -10512 3536 -4314 -13475 -7338 END
START -156 -9784 1956 -5268 -13492 -5800 END
START -704 -9940 1000 -4546 -13352 -4764 END
START -1056 -9404 -32 -2792 -13684 -3754 END
START -1052 -8960 -564 -2147 -13418 -2612 END
START -832 -7984 -624 -774 -13046 -1369 END
START -520 -6460 -156 -93 -12598 740 END
START -692 -6064 348 178 -13011 3676 END
START -1400 -6796 -652 -439 -13624 6647 END
START -2276 -7832 -2680 -583 -13068 8831 END
START -3248 -9324 -4612 924 -11838 10286 END
START -3976 -10296 -6032 3458 -10508 11286 END
START -4240 -10972 -6236 6256 -8097 11947 END
START -4828 -10892 -5052 7652 -5415 13164 END
START -6040 -12852 -4192 8003 -4197 14431 END
START -7236 -14144 -3620 9794 -3222 14982 END
START -8768 -16016 -2584 11110 -1916 14782 END
START -9760 -17780 -2636 11392 -877 14793 END
START -10020 -19812 -3164 11951 441 13986 END
START -9548 -20956 -3504 11143 3100 12942 END
START -9612 -22068 -2664 10252 5582 11443 END
START -9640 -22540 -2116 8707 7050 10176 END
START -9488 -22916 -1672 7207 9298 8686 END
START -9368 -22832 -100 6339 10945 6765 END
START -9660 -23428 1532 4903 11084 5093 END
START -9216 -24704 3176 5341 10668 2971 END
START -8636 -24428 4200 3299 10153 905 END
START -7888 -24860 4744 643 9681 -974 END
START -7052 -24672 4484 -1348 9240 -3093 END
START -6716 -24712 4408 -2330 8392 -5420 END
START -6448 -23540 3992 -3176 7502 -7529 END
START -6080 -22424 3804 -3719 7326 -9549 END
START -5616 -20536 4648 -4399 6869 -11076 END
START -5840 -18716 4984 -5003 5812 -12088 END
START -5568 -17528 4360 -5899 5324 -12806 END
START -5152 -15672 4688 -5444 4848 -13496 END
START -4884 -13640 5240 -4277 3166 -13660 END
START -4364 -11440 4632 -4494 1806 -12600 END
START -4028 -10116 3532 -4307 1301 -11372 END
START -3252 -8160 3204 -2877 689 -10172 END
START -2708 -6428 3248 -1299 -387 -8503 END
START -2128 -4968 2800 -1332 -1526 -5216 END
START -2000 -4872 1692 -1575 -1868 -2185 END
START -1908 -5236 592 -228 -2193 495 END
START -2148 -5376 448 932 -2016 2987 END
START -2764 -5968 -364 1285 -2294 5957 END
START -3564 -7332 -2460 1995 -1758 8729 END
START -4656 -9356 -4008 3809 -419 10265 END
START -5660 -11048 -5056 6885 1739 10748 END
START -6832 -13220 -5928 8706 4116 11294 END
START -7236 -15168 -6096 8904 7077 11408 END
START -7292 -16552 -6336 7505 10499 11491 END
START -7632 -17944 -7336 4693 14430 11901 END
START -8820 -20664 -8000 3952 18980 10238 END
START -10992 -23508 -5864 9331 21078 7639 END
START -12824 -25776 -3156 14126 21454 4352 END
START -11972 -26120 1504 13841 23628 286 END
START -10844 -25020 6436 7982 24891 -3007 END
START -9652 -24700 10324 1381 24316 -5254 END