START 2192 -19612 6272 1266 693 -2958 END
START 2040 -18928 7836 261 -1634 -3904 END
START 3180 -18188 8944 312 -4293 -4769 END
START 3744 -17496 9392 810 -6819 -5098 END
START 3436 -16668 10408 3297 -8513 -5361 END
START 2860 -15108 11064 3177 -10630 -4992 END
START 2580 -13736 10964 568 -12143 -4727 END
START 1400 -11664 11232 -935 -14672 -4180 END
START -176 -9228 10908 -1325 -17874 -1251 END
START -2052 -7236 9520 -1582 -22395 3621 END
START -3424 -5680 7128 -2921 -26111 7807 END
START -4828 -6068 3076 -5302 -28259 12821 END
START -5404 -8308 -2832 -4914 -27446 15415 END
START -4828 -8948 -6520 -3798 -23570 16358 END
START -5032 -8276 -9116 -3628 -18242 18956 END
START -6096 -8160 -8896 -957 -13281 20963 END
START -7228 -8896 -10112 1081 -10293 25097 END
START -7440 -12100 -12136 4438 -5724 26002 END
START -8036 -13068 -13976 5876 -364 25609 END
START -9636 -17916 -13180 7252 5764 26016 END
START -12252 -23184 -10788 8119 10796 22598 END
START -13292 -27888 -6336 9010 15660 18218 END
START -14260 -32424 -712 9638 20033 11389 END
START -14164 -32768 5044 7031 19863 4988 END
START -12740 -32768 7216 3607 17458 -862 END
START -10128 -32160 6168 426 15987 -6152 END
START -8060 -29188 4812 703 14835 -11002 END
START -6984 -25016 5920 1783 14132 -15570 END
START -6948 -22632 7992 704 12393 -18231 END
START -6972 -21412 9472 898 9737 -21332 END
START -6592 -18760 10160 1176 6567 -24170 END
START -6076 -16964 10924 833 2519 -26646 END
START -5424 -14360 9908 2035 -1970 -28744 END
START -4028 -9004 7884 908 -4265 -26080 END
START -1268 -5944 5560 -2773 -4811 -21039 END
START -584 -4592 4868 -6147 -3850 -15639 END
START -616 -3876 4428 -6272 -6224 -12425 END
START -804 -3240 3156 -1889 -8972 -7199 END
START -500 -2684 1416 1815 -10623 -3297 END
START -976 -1392 -600 333 -11452 2287 END
START -996 -2760 -3048 -1801 -11106 9094 END
START -1052 -5036 -4792 330 -9571 11837 END
START -1052 -5944 -5720 5044 -7804 14568 END
START -1904 -7248 -6376 5600 -6930 18762 END
START -3352 -10264 -6228 4769 -8114 26317 END
START -4260 -13940 -7556 4721 -8448 30298 END
START -4344 -18812 -13428 7102 132 23489 END
START -7280 -16728 -14024 6874 10272 20620 END
START -9048 -16432 -12352 3420 16673 22758 END
START -11460 -14908 -11348 -105 19599 25189 END
START -13444 -23024 -14828 3826 28891 21822 END
START -20388 -25832 -8412 13491 32767 12294 END
START -23684 -31904 -1888 16575 32767 2272 END
START -23140 -32768 1216 21391 32767 -10107 END
START -19340 -30568 3868 21798 32767 -20463 END
START -16928 -24480 7428 16007 32767 -28102 END
START -12164 -20276 11976 7573 32767 -28808 END