START -6480 -26756 5840 -1872 4692 -9109 END
START -6712 -24932 8532 -615 832 -12743 END
START -5640 -20896 9072 -696 -2394 -14724 END
START -4192 -17552 9412 -2238 -4562 -15367 END
START -3388 -14320 8512 -2655 -6817 -15436 END
START -2628 -10616 7460 -2654 -9733 -14272 END
START -2216 -9100 6824 -2722 -11863 -12280 END
START -2188 -7612 5512 -3468 -13347 -10230 END
START -1920 -6788 4196 -3944 -14423 -8113 END
START -1776 -6256 2008 -4028 -15547 -5420 END
START -1556 -6708 -264 -2783 -15257 -3286 END
START -896 -6540 -1580 -1023 -14424 -1212 END
START -856 -6764 -1832 -34 -13205 886 END
START -604 -6132 -1020 1012 -12730 3395 END
START -1508 -7224 -716 1555 -13175 6454 END
START -2012 -8188 -1980 2306 -12733 9357 END
START -2788 -10056 -3976 2166 -11236 11124 END
START -3552 -11472 -5420 3145 -9204 12663 END
START -4616 -12952 -5604 5126 -6489 13343 END
START -5760 -13588 -3720 7564 -4366 13488 END
START -6764 -13620 -2276 8010 -3056 13842 END
START -7044 -14820 -3168 7252 -1674 14835 END
START -7316 -16024 -5352 6318 784 15080 END
START -7888 -16300 -6264 7151 3412 14930 END
START -8904 -17224 -6736 8297 6084 14672 END
START -10280 -18656 -6920 7710 8579 14671 END
START -11460 -20792 -5700 8012 11140 13598 END
START -11812 -21648 -4376 8299 12969 11589 END
START -11676 -22004 -1880 8779 14067 9725 END
START -12180 -23508 1036 9287 13708 7503 END
START -12184 -25392 2696 9422 12971 4613 END
START -11860 -26816 5060 7482 13128 1086 END
START -10964 -27420 7044 3541 12402 -2406 END
START -9288 -27268 8232 875 10232 -5739 END
START -7336 -25840 7144 -548 7934 -8658 END
START -6692 -24180 6220 -2855 7067 -11286 END
START -6784 -22592 5484 -3821 6280 -13699 END
START -6748 -20652 5696 -3084 5001 -15638 END
START -6772 -18820 5712 -3383 4077 -17021 END
START -6456 -17352 5684 -4287 3026 -17717 END
START -6232 -16404 5400 -4824 1874 -18156 END
START -6104 -15152 4872 -4190 827 -18418 END
START -5616 -13456 4656 -2517 -134 -18362 END
START -4352 -11340 4608 -2783 -1142 -17737 END
START -3436 -9292 4400 -3865 -1739 -16075 END
START -2836 -8508 3800 -5184 -2499 -13707 END
START -2760 -7464 2984 -3490 -4037 -11578 END
START -1972 -6744 1904 -1939 -5078 -9207 END
START -988 -5088 1468 -2155 -5282 -6406 END
START -1696 -3668 1108 -2388 -5806 -2879 END
START -924 -4124 764 -842 -6161 922 END
START -1080 -4856 -312 1506 -7781 4697 END
START -844 -5708 -2076 2762 -7255 7231 END
START -872 -5612 -3612 2313 -4745 10156 END
START -2116 -6536 -4564 2661 -2749 13511 END
START -3188 -8980 -5132 5377 -1150 15944 END
START -4476 -10412 -5056 8390 576 17783 END
START -6628 -13616 -6584 7265 2332 20547 END
START -7920 -16252 -9048 4776 6494 20852 END
START -8760 -17780 -10944 2164 11831 20672 END
START -9996 -18556 -11968 1561 17190 20272 END
START -11168 -19780 -12600 1403 22211 19558 END
START -13376 -21872 -12328 1754 28180 18337 END
START -16768 -26944 -11008 -2478 32767 15808 END
START -18896 -30700 -8176 1019 32767 9980 END
START -19372 -32236 -4744 5054 32767 4077 END