START -468 -26128 2740 -268 6833 1771 END
START -2328 -30192 5008 -1382 6432 -2188 END
START -4088 -31948 7340 -533 4421 -7333 END
START -4632 -30052 9320 -2743 1399 -11941 END
START -3012 -26152 9512 -5951 -654 -15613 END
START -2032 -20732 9272 -5631 -3344 -17209 END
START -1820 -16048 9168 -4366 -6975 -17246 END
START -1424 -11736 8184 -5563 -9467 -15575 END
START -1692 -8612 7844 -6842 -11998 -13315 END
START -1468 -6192 6496 -6567 -14798 -10325 END
START -1296 -4096 4152 -5992 -16339 -6747 END
START -1684 -4060 1252 -4895 -17225 -3294 END
START -1928 -4760 -1248 -2712 -16720 -786 END
START -1636 -4156 -2372 -776 -14452 1147 END
START -1404 -3684 -2036 603 -13426 4469 END
START -1372 -4512 -1508 2723 -13114 7603 END
START -1676 -5800 -2956 4449 -11453 10838 END
START -2108 -6436 -4500 4488 -8835 13644 END
START -3228 -7904 -5052 4938 -5616 16174 END
START -5220 -9964 -4012 7057 -3708 18317 END
START -7096 -12748 -4820 9274 -3493 20371 END
START -8116 -15740 -6148 10896 -1499 20410 END
START -9060 -14764 -7100 7805 2682 20870 END
START -9988 -14804 -9804 2088 6983 22696 END
START -12224 -18632 -11280 5531 10723 22529 END
START -13592 -21824 -9280 15279 11325 19723 END
START -13056 -23404 -8988 15022 14105 16962 END
START -12200 -22760 -8408 6844 20579 14692 END
START -14132 -24928 -5368 560 26906 12807 END
START -16696 -29424 792 6494 25928 7430 END
START -16788 -31756 6636 15369 20393 1656 END
START -17180 -32660 10708 10684 18622 -4211 END
START -16000 -32276 13244 -2359 17298 -10248 END
START -12108 -28652 10420 -3643 12700 -14942 END
START -8444 -23232 6652 -1947 9740 -17778 END
START -7500 -19932 6152 -2388 8403 -19623 END
START -7900 -19004 6548 -1540 5695 -20577 END
START -8108 -16832 5620 -505 3193 -21379 END
START -7444 -14692 6012 -142 1301 -22112 END
START -6704 -12892 6628 139 -695 -21890 END
START -6276 -12136 5604 33 -2955 -21038 END
START -5392 -10088 4680 -93 -4402 -20072 END
START -4228 -8508 4360 -978 -5540 -18242 END
START -2980 -6268 3692 -1192 -6983 -16381 END
START -1928 -4948 2412 -2340 -8356 -12513 END
START -764 -4004 716 -3607 -8679 -8800 END
START -440 -3056 -308 -5057 -8993 -4725 END
START -656 -3804 -1412 -3049 -10460 -765 END
START -1156 -4620 -2352 2624 -11865 2596 END
START -1084 -4736 -2024 5051 -11903 5507 END
START -1772 -4988 -2732 2295 -11917 10292 END
START -2044 -6760 -6204 -170 -11043 14753 END
START -2688 -8084 -9404 822 -7697 16871 END
START -3680 -9564 -12044 2736 -4427 19311 END
START -5260 -12652 -13216 6671 -2189 21050 END
START -6508 -15840 -12996 12010 1400 20327 END
START -7424 -15988 -12584 10641 4617 20337 END
START -8076 -16420 -16356 6646 13593 20039 END
START -12356 -18948 -16368 1603 24586 20437 END
START -16944 -26316 -13992 2289 32767 16518 END
START -19148 -27484 -9276 11822 32767 9676 END
START -17772 -26772 -5668 17907 32403 4080 END
START -17112 -25248 -368 14323 32767 -45 END
START -16260 -24784 4292 4588 32767 -2028 END
START -15264 -25336 6844 -2150 32767 -5896 END