START 3620 -21572 4720 -509 874 -2675 END
START 2708 -21172 6820 153 647 -5213 END
START 1740 -19428 8752 600 -2053 -6088 END
START 2044 -18116 9932 -300 -5119 -5898 END
START 2508 -15724 9176 -1233 -7507 -5331 END
START 2048 -13284 8804 -541 -10159 -4334 END
START 1668 -10276 8160 -649 -12552 -2888 END
START 1112 -7584 7204 -2229 -14055 -629 END
START 208 -6912 6948 -2623 -15456 2266 END
START -1140 -6152 6080 -2124 -17231 5040 END
START -1944 -5580 4616 -1914 -19301 8604 END
START -2448 -6856 1492 -1600 -20117 11254 END
START -2376 -8588 -3472 -1879 -18138 13306 END
START -2536 -9924 -5892 -1576 -13933 13409 END
START -2948 -10036 -5292 822 -10288 14022 END
START -3872 -11216 -5816 2836 -8368 15409 END
START -4376 -12468 -6148 5639 -5631 16958 END
START -5540 -14700 -5584 7832 -2190 17509 END
START -7264 -16880 -3792 8914 698 17640 END
START -8004 -19936 -3916 8081 2467 17369 END
START -8104 -21400 -3916 7945 4479 15857 END
START -7460 -21936 -4316 5615 6966 14833 END
START -7756 -24108 -3016 6854 9482 13077 END
START -8528 -27268 -308 8798 10137 10793 END
START -8092 -27720 1196 7028 10528 7265 END
START -7000 -27768 1204 1176 12516 3718 END
START -7288 -28904 3192 -1597 13700 277 END
START -7552 -27940 5244 -30 11513 -3273 END
START -6280 -26140 4884 -1033 10296 -6223 END
START -5236 -24280 4532 -3584 10349 -9191 END
START -4528 -23044 5092 -4537 10188 -11680 END
START -4396 -21364 5792 -4019 8756 -13350 END
START -4568 -20192 6572 -4305 7322 -14563 END
START -4948 -18664 7604 -2887 5918 -15797 END
START -5032 -17060 7976 -2121 3964 -16409 END
START -4652 -15060 8164 -1719 2172 -16746 END
START -4028 -13756 6384 -2959 554 -16333 END
START -3420 -12132 4848 -2334 -328 -15943 END
START -3308 -10712 4900 -164 -1225 -14949 END
START -2688 -8356 5444 698 -3213 -12901 END
START -2244 -6844 4896 -593 -4500 -10521 END
START -1760 -5800 3516 -1760 -5438 -7125 END
START -1304 -5664 2352 -832 -5715 -4324 END
START -1308 -5480 1396 972 -6207 -1457 END
START -1160 -4988 564 1924 -6990 1928 END
START -520 -5700 -1336 1541 -6088 5535 END
START -356 -6000 -2336 1245 -3239 7750 END
START -1000 -6012 -1756 1778 -1884 10889 END
START -2012 -7612 -2652 4403 -2242 14321 END
START -3240 -8764 -3320 6954 -545 17014 END
START -5144 -12404 -4680 7108 1698 19311 END
START -5992 -15812 -7300 6122 5377 19393 END
START -6232 -17928 -10444 3252 10640 18972 END
START -8148 -21820 -11508 2825 17249 17571 END