START -8688 -25072 -1620 7270 -351 -2053 END
START -10692 -24352 -1648 3055 2745 -4552 END
START -10344 -26240 -1628 -4379 2702 -7798 END
START -10652 -28564 -1072 -4401 3772 -11044 END
START -10492 -28624 -1324 -2098 3513 -14933 END
START -10828 -27864 -1876 584 2731 -18119 END
START -9240 -25840 -1188 -793 4012 -19134 END
START -9180 -23772 540 -5536 6425 -19744 END
START -8824 -21824 2828 -10673 5439 -20593 END
START -7980 -22476 2796 -12018 3502 -20452 END
START -7624 -21964 2688 -9439 2457 -21716 END
START -7348 -20076 3192 -9744 2407 -22364 END
START -5924 -17988 2880 -13558 3014 -21276 END
START -5068 -17008 2180 -16171 3447 -20636 END
START -4224 -15084 884 -15165 3471 -20284 END
START -2492 -12552 -276 -12543 3746 -19338 END
START -728 -10464 -1108 -13227 4453 -17358 END
START 208 -9388 -1204 -15122 6002 -15005 END
START -92 -8508 -1244 -17041 6071 -13184 END
START 40 -7128 -1848 -13253 5658 -11649 END
START 1604 -5172 -2840 -9646 5222 -9526 END
START 2476 -3628 -3304 -8948 6047 -6775 END
START 2892 -3480 -4624 -9864 6397 -4241 END
START 3076 -2956 -5364 -9170 6845 -1759 END
START 3660 -2592 -6036 -7651 8038 198 END
START 3628 -2288 -5840 -5909 8948 2253 END
START 3608 -1972 -5660 -5436 8783 4688 END
START 4456 -2196 -5572 -5019 8704 7719 END
START 4128 -3328 -5608 -3697 8801 9507 END
START 3428 -3660 -4900 -553 8736 11258 END
START 2436 -4128 -2588 2020 7554 12550 END
START 644 -3832 -292 4127 6183 14666 END
START 144 -5460 388 5120 4431 16829 END
START 288 -7428 -76 8010 2675 18015 END
START -464 -9600 -1484 10365 2029 19079 END
START -1664 -11196 -1444 11807 4105 18963 END
START -2060 -11736 -364 9651 5880 20021 END
START -2300 -13864 212 7621 5378 22257 END
START -4244 -16704 164 9367 4758 22078 END
START -5216 -17076 236 11995 5088 21411 END
START -6232 -18168 -1044 10502 5786 21977 END
START -7168 -20156 -956 9590 7923 21511 END
START -7848 -22656 2384 12769 8759 18767 END
START -7676 -23084 5372 17804 6701 15794 END
START -5968 -23272 5408 18174 4417 15285 END
START -4912 -24896 4432 13087 6744 15614 END
START -4712 -27600 4660 5817 9478 14020 END
START -4308 -28160 6784 3358 9004 11952 END
START -3492 -27316 8424 3417 5407 9411 END
START -2756 -25652 8856 1218 2351 8129 END
START -3352 -24200 8224 -3061 243 7012 END
START -4688 -24376 6248 -5554 -2208 5610 END
START -4776 -24856 3524 -3967 -3823 2661 END
START -4580 -23240 2804 -1919 -3810 -661 END
START -4552 -21576 3476 -1424 -3143 -3031 END
START -4624 -20636 5004 -2895 -3279 -4108 END
START -4344 -21396 6052 -3658 -4165 -5319 END
START -4904 -21260 7308 -2975 -5699 -7645 END
START -5368 -20568 8000 -2975 -8786 -8634 END
START -4948 -20128 6788 -5118 -10577 -8872 END
START -4920 -20476 6524 -5807 -11183 -9956 END
START -5248 -20788 7516 -3221 -13178 -12044 END
START -5508 -19860 8724 -2365 -15238 -13127 END
START -5388 -19300 8784 -5571 -17069 -12415 END
START -5208 -20092 8792 -8861 -17096 -12975 END
START -6432 -20472 10448 -7935 -18761 -15445 END
START -7600 -18012 10224 -4455 -22952 -17505 END
START -7584 -12504 7916 -10264 -25175 -15744 END