START 532 -3256 1380 2440 -15262 5246 END
START -1092 -3952 1560 4007 -15634 9112 END
START -2756 -4956 660 5131 -16593 13021 END
START -4680 -7444 -848 4407 -15428 15814 END
START -6368 -9512 -1728 3917 -13213 17139 END
START -8020 -11888 -2544 4001 -11263 18305 END
START -8800 -14572 -3000 6832 -10107 18340 END
START -8844 -15424 -2956 9413 -8195 17906 END
START -9232 -16348 -2916 9036 -6635 18180 END
START -10348 -18476 -4544 8248 -4247 18188 END
START -11208 -21360 -5896 7050 -443 16595 END
START -11380 -21704 -5876 7835 2410 14945 END
START -11036 -21096 -4048 8240 4735 13483 END
START -10808 -20308 -2508 7022 6514 12691 END
START -11452 -21000 -2352 5106 7960 11713 END
START -12352 -22344 -1988 4848 9303 10247 END
START -12684 -23300 -1132 5330 10104 7623 END
START -12252 -23660 636 5031 10932 4762 END
START -11548 -23312 2268 4007 11636 2225 END
START -10736 -22832 2504 1313 11688 257 END
START -10204 -22536 2884 177 11477 -1823 END
START -9540 -22164 3000 -296 10985 -4002 END
START -9060 -21920 2980 -286 10610 -6253 END
START -8432 -21196 3376 -1189 10404 -8271 END
START -8044 -20632 4668 -2375 9553 -9884 END
START -7936 -20484 5508 -2697 8079 -11490 END
START -7480 -20024 5356 -3345 6438 -12694 END
START -6644 -19812 4512 -4508 5825 -14044 END
START -6880 -19364 4540 -4031 5136 -15690 END
START -6644 -17284 4704 -3632 4159 -16899 END
START -6268 -15520 5796 -3843 2932 -17325 END
START -5772 -13756 5076 -4270 1524 -16931 END
START -4504 -11936 4212 -4365 889 -16356 END
START -3868 -10824 3332 -3540 -434 -15502 END
START -3032 -8752 2484 -2426 -1582 -14180 END
START -2140 -7264 1544 -2282 -1722 -12241 END
START -1872 -5924 1532 -1287 -2316 -9830 END
START -1420 -4928 680 -1138 -3017 -6674 END
START -920 -4460 -32 56 -3409 -3820 END
START -448 -3764 116 1254 -3258 -590 END
START -860 -4068 -160 1499 -3302 3097 END
START -1268 -5376 -624 2265 -3823 6557 END
START -1760 -7364 -1604 3791 -4104 9258 END
START -2312 -8648 -2772 6090 -2609 10721 END
START -3532 -9604 -2812 6527 -992 12864 END
START -4836 -12104 -3332 7155 -202 15074 END
START -6460 -15772 -4732 8395 1232 15552 END
START -7464 -18720 -5636 9535 4254 14054 END
START -7720 -19576 -6040 8851 7180 12900 END
START -8084 -20188 -6404 7082 9852 12470 END
START -8684 -20004 -6112 4603 12116 12978 END
START -10212 -21844 -5100 5117 14044 12260 END
START -11800 -24232 -2236 8772 15421 9278 END
START -12052 -25164 -356 8535 15845 6555 END
START -11756 -25972 -1220 4805 17604 3846 END
START -11640 -25132 -1776 1572 22192 433 END
START -11236 -24368 -880 -1380 25194 -2403 END
START -10572 -24792 2876 2854 25950 -6220 END
START -9512 -22384 6184 7200 23012 -9881 END