START 2232 -14096 4472 -967 -30 -4280 END
START 2296 -13548 7428 -446 -2081 -4227 END
START 1636 -12164 10356 1015 -7135 -4201 END
START -248 -7912 11324 2324 -13038 -545 END
START -2752 -6152 10608 2304 -18314 4904 END
START -5856 -6096 7740 4318 -23628 11048 END
START -8428 -7368 360 3665 -27146 17279 END
START -10356 -9868 -6260 2713 -26642 22152 END
START -11364 -12712 -12972 2969 -20088 20997 END
START -13528 -12896 -14672 1383 -13211 21638 END
START -14608 -15560 -16364 3255 -6806 21871 END
START -14836 -16100 -14852 6121 -1873 21747 END
START -14128 -20668 -15160 9611 4412 20390 END
START -13064 -22480 -12320 12479 14289 14479 END
START -13056 -22416 -6996 10662 22100 12332 END
START -12668 -25276 -1964 5846 25913 10728 END
START -12292 -30556 2524 4486 28476 5388 END
START -12936 -32768 7716 5946 25730 -1721 END
START -12360 -32768 9604 6407 19670 -8203 END
START -9380 -30988 8656 3141 16120 -13357 END
START -6668 -26580 6524 -516 15438 -18001 END
START -5532 -22092 5656 -2497 14712 -21734 END
START -5248 -19448 6460 -2959 12054 -22209 END
START -5296 -18296 8784 -2184 7779 -23544 END
START -4700 -15832 9832 -1660 3461 -24694 END
START -4212 -13572 10868 -1681 -34 -24711 END
START -3016 -9432 9644 -3353 -3939 -20944 END
START -2072 -7152 6912 -6844 -6344 -17358 END
START -2108 -4836 5104 -7542 -7597 -14076 END
START -1684 -3040 3276 -4393 -9976 -10876 END
START -1664 -1552 584 -2308 -11660 -6382 END
START -1424 -1560 -3300 -2909 -11014 -1122 END
START -1284 -2632 -6708 -2770 -8362 3166 END
START -1660 -4568 -7520 310 -6356 6132 END
START -2060 -5016 -6260 7488 -6769 8277 END
START -1836 -4804 -6348 10070 -6047 12672 END
START -3068 -7240 -6384 8931 -3134 16679 END
START -5696 -10924 -4296 8612 -2239 19760 END
START -7112 -12308 -4220 9593 -3911 22884 END
START -7936 -14220 -9076 7546 -732 24056 END
START -11032 -17272 -11868 3594 5802 25729 END
START -12744 -20048 -13180 1977 10877 24928 END
START -14036 -21268 -13248 5984 15021 22592 END
START -14040 -25480 -17500 8521 24693 16371 END
START -17328 -24716 -14864 9712 32767 7833 END
START -17912 -24476 -9912 -255 32767 7267 END