START -2140 -16872 -2084 879 3509 2078 END
START -2336 -18680 -1324 983 4376 1704 END
START -2100 -21164 -408 1081 4203 786 END
START -2704 -22948 1720 811 3654 -980 END
START -3120 -24076 4276 490 2971 -3485 END
START -3008 -23852 6388 -539 1066 -6360 END
START -2252 -21252 7612 -1521 -1873 -8330 END
START -1188 -18288 6728 -2987 -4365 -8560 END
START -924 -15960 6324 -3229 -6308 -8909 END
START -980 -13732 5832 -3300 -8484 -7942 END
START -1072 -12052 4804 -3697 -10701 -6661 END
START -868 -10436 3560 -4990 -11845 -4771 END
START -848 -8908 2920 -6185 -12164 -3008 END
START -1348 -7988 2596 -5022 -12956 -805 END
START -1856 -6876 1832 -4075 -14631 2049 END
START -2236 -6200 224 -3441 -14909 5001 END
START -3016 -5976 -1224 -2416 -14101 7668 END
START -4244 -6184 -3224 -613 -13541 10734 END
START -5316 -7292 -5700 1370 -11977 12983 END
START -6764 -9568 -7008 3297 -8735 14535 END
START -8012 -11760 -7316 5314 -5596 15094 END
START -9368 -13804 -7552 7085 -2652 15070 END
START -9900 -15264 -8720 6403 853 15212 END
START -9768 -15300 -9068 6022 4920 15022 END
START -10236 -15404 -8428 6641 7864 15152 END
START -10788 -15932 -6836 9901 8730 15384 END
START -12136 -18824 -5572 12976 9831 15118 END
START -13692 -22264 -3316 11005 11709 13320 END
START -15120 -26348 -620 8105 13150 9998 END
START -15252 -30044 960 6685 13428 5712 END
START -14908 -30812 2236 4551 12896 108 END
START -13008 -29540 2792 2916 12274 -4843 END
START -11340 -26488 3944 2788 11597 -9243 END
START -9508 -23160 3968 1487 9852 -11710 END
START -8584 -21724 3580 -546 8810 -13264 END
START -8288 -21120 4548 -1184 8288 -15298 END
START -8144 -20208 6696 -1122 6053 -17322 END
START -7180 -18896 7356 -1227 3364 -19215 END
START -6228 -16564 6400 -3750 2140 -20030 END
START -4904 -14836 5332 -6679 2236 -20199 END
START -4480 -13152 6332 -5779 1699 -20404 END
START -4076 -10480 7392 -4440 -1191 -19795 END
START -2096 -8052 6404 -4080 -4119 -17513 END
START -1404 -6344 4276 -4857 -5139 -14461 END
START -940 -5484 3820 -4232 -5250 -12120 END
START -680 -3968 3756 -3341 -6685 -8984 END
START 172 -3384 2624 -555 -8862 -5111 END
START -28 -3088 1248 790 -9906 -753 END
START -404 -3988 268 1332 -10242 2893 END
START -784 -4784 -2060 1882 -10595 6808 END
START -1080 -5540 -4272 3192 -9781 10261 END
START -1216 -5976 -5232 5464 -7680 12877 END
START -2320 -6148 -5100 7499 -5525 16162 END
START -4720 -8284 -5360 6615 -3802 19911 END
START -6844 -12008 -8316 3932 -1440 22285 END
START -8772 -14512 -10212 4334 1848 23007 END
START -10408 -16828 -13984 5176 5589 23005 END
START -11140 -16984 -16756 4166 10855 23101 END
START -12696 -18340 -17932 3689 18265 22034 END
START -17056 -21800 -15068 2682 27636 19460 END
START -21328 -28740 -8836 1110 32342 15231 END
START -22780 -32768 -4484 13012 31775 6386 END