START -6856 -24060 -500 84 -404 6278 END
START -7640 -27052 -3116 -1188 1419 2063 END
START -8164 -29148 -2764 -1109 4248 -1784 END
START -10016 -30000 -1652 -4850 5190 -5525 END
START -11048 -31176 -1072 -8645 5389 -9954 END
START -11012 -30000 -1640 -9048 6272 -13888 END
START -10276 -27556 -1424 -12676 7860 -16831 END
START -9972 -25832 -372 -16875 9971 -18122 END
START -10608 -24660 728 -18890 10617 -19022 END
START -10508 -22584 1128 -18082 10182 -19200 END
START -10060 -20592 688 -18328 11045 -19802 END
START -9368 -19900 468 -19635 12545 -20514 END
START -8392 -18248 684 -16470 11961 -20740 END
START -6572 -15056 940 -12310 12446 -21351 END
START -5252 -12160 1448 -9633 12296 -20425 END
START -4580 -9716 1056 -9265 11872 -17868 END
START -3100 -8544 408 -8731 11743 -16441 END
START -2148 -7072 704 -9264 11979 -14925 END
START -1928 -5752 -84 -7937 10345 -12424 END
START -192 -4308 -1040 -6824 9875 -10192 END
START 648 -3716 -1748 -5453 9632 -8268 END
START 1196 -2532 -2028 -2946 9066 -6304 END
START 1628 -864 -1560 -1494 8372 -4153 END
START 2348 136 -1104 -818 7184 -1168 END
START 2824 680 -1088 -520 5987 2149 END
START 3224 656 -1712 1246 5542 6429 END
START 3248 24 -2872 2728 4763 9410 END
START 2084 -812 -3292 4433 4168 12750 END
START 724 -2620 -3080 8137 5070 15647 END
START -688 -3748 -516 9058 5579 18251 END
START -2744 -7320 1036 9519 4569 20847 END
START -4376 -10752 384 12249 3022 22431 END
START -4440 -13884 -1216 15636 3617 22698 END
START -4272 -14980 156 15729 6499 21481 END
START -5364 -15316 2756 13438 7586 21600 END
START -6152 -17300 2976 12114 6579 23119 END
START -5620 -21416 640 12031 5596 23529 END
START -5640 -22328 -456 12667 7934 21691 END
START -7508 -21084 2332 12488 11568 20649 END
START -9652 -20380 6240 11120 12541 20565 END
START -9696 -22592 8600 9368 8628 20986 END
START -9352 -24752 7996 9975 5307 19998 END
START -9348 -27476 5684 8248 3933 17988 END
START -8528 -28708 4120 6090 4174 14344 END
START -7756 -29248 4900 4702 4315 10654 END
START -7452 -28924 5596 2829 3551 7224 END
START -7164 -29152 5708 607 1988 3555 END
START -6292 -28864 5324 1171 690 -469 END
START -5784 -26268 5188 -543 418 -3818 END
START -5856 -24264 5792 -3023 489 -6704 END
START -5884 -22388 6572 -4583 -398 -8665 END
START -5808 -21088 7888 -4412 -2055 -10215 END
START -6236 -19624 9120 -4319 -4298 -11334 END
START -6264 -18640 9848 -5610 -6356 -12307 END
START -6744 -17732 10456 -5694 -8451 -13067 END
START -7424 -17784 11460 -4705 -10604 -13824 END
START -8136 -16948 13408 -2140 -13611 -14298 END
START -8028 -15500 14428 -5315 -16294 -14670 END
START -8428 -15792 15088 -9947 -18015 -15971 END
START -9536 -14152 15308 -9200 -21619 -17720 END
START -10428 -12692 14964 -8450 -27793 -17452 END