START 360 -5108 2728 -2186 -15145 -6257 END
START 204 -3116 1540 -637 -14965 -3308 END
START -368 -876 1384 -212 -14383 137 END
START -1092 360 1476 -676 -14450 5009 END
START -2432 -448 800 1034 -15331 10127 END
START -4184 -2288 -1480 3387 -15686 14146 END
START -6284 -6040 -4228 6289 -14755 16559 END
START -6796 -8712 -6520 8017 -10885 18184 END
START -7732 -10668 -4912 8852 -6370 18708 END
START -9360 -14084 -2796 9088 -4387 19298 END
START -10788 -19104 -3568 9655 -3296 18921 END
START -10868 -21928 -3388 12169 -1299 16730 END
START -10684 -22280 -1316 11905 617 14868 END
START -10136 -21520 80 7663 2361 14214 END
START -10220 -21584 4 3183 3606 14188 END
START -10968 -22044 -584 1490 4417 13398 END
START -11276 -22440 -1524 2499 5342 11656 END
START -11380 -22200 -896 3840 6111 9574 END
START -11440 -22928 -608 3747 6813 7438 END
START -10632 -22760 128 3345 7991 4549 END
START -9512 -21932 1424 3204 8774 2472 END
START -8504 -21412 2956 2510 8361 889 END
START -7972 -21664 3084 57 8398 -416 END
START -8100 -22304 3676 -1944 8500 -1944 END
START -8568 -22724 4688 -1921 7219 -3960 END
START -8032 -22144 3244 -2800 5959 -5713 END
START -7916 -21616 2308 -4405 6331 -7596 END
START -7880 -21176 1960 -4768 6869 -9639 END
START -8284 -20264 2800 -3622 6643 -11801 END
START -7852 -18488 3812 -2512 5900 -13409 END
START -7164 -17056 4772 -3507 5609 -14128 END
START -7308 -16120 5616 -3933 4063 -14381 END
START -6984 -15780 5140 -3291 2562 -15200 END
START -6316 -14028 4508 -3091 1594 -15485 END
START -5012 -12312 4748 -3710 717 -14943 END
START -4388 -11312 4564 -3230 -658 -14085 END
START -3712 -9944 3908 -2647 -2014 -12824 END
START -2916 -8572 3484 -2568 -2773 -11106 END
START -2456 -7252 3916 -2805 -3555 -9164 END
START -1744 -6092 3264 -2749 -4702 -6329 END
START -1448 -5856 1988 -1972 -5792 -3247 END
START -1432 -6304 516 -716 -6693 -788 END
START -1860 -6704 -1296 50 -6768 2003 END
START -2164 -7032 -2924 696 -5349 4322 END
START -2456 -7392 -3448 1460 -3423 6477 END
START -2740 -7440 -2644 4378 -2387 8538 END
START -3072 -6816 -1480 7457 -2189 10961 END
START -4692 -9008 -3144 7422 -2726 14676 END
START -6200 -13100 -6040 7897 -461 16281 END
START -7732 -15776 -6664 8594 3763 15517 END
START -9012 -16728 -6536 7711 6817 15434 END
START -9580 -18532 -8280 5226 10039 15738 END
START -10540 -20292 -7580 6433 13245 14527 END
START -12132 -20692 -6468 7853 15446 12989 END
START -13176 -22128 -3784 8782 16391 11154 END
START -12824 -22128 -2856 7613 16739 9970 END
START -13296 -22664 -3096 4772 18529 8322 END
START -15044 -24404 -1776 2361 22232 4858 END
START -15952 -26924 976 5093 22092 235 END
START -15392 -25956 3216 8585 19606 -4505 END
START -13328 -23816 3868 7386 19172 -8695 END
START -10832 -20836 5312 4166 18670 -11278 END
START -8408 -18332 5852 1667 17981 -12623 END
START -6756 -16776 6096 247 16651 -13073 END