START -5480 -30800 4080 4644 11331 -1644 END
START -5900 -32052 8640 3594 9073 -5839 END
START -5212 -29968 10872 457 5960 -9495 END
START -3808 -26992 11292 -3525 3144 -13072 END
START -2160 -22452 11428 -3420 -238 -14768 END
START -1736 -19008 11956 -702 -4212 -15264 END
START -1912 -16148 12888 -295 -8573 -15859 END
START -1480 -12372 11984 -3622 -12145 -15090 END
START -812 -8616 10344 -8047 -13646 -13164 END
START -1252 -5124 8648 -10387 -15619 -10287 END
START -1672 -2760 6144 -9231 -18042 -5917 END
START -2128 -1620 2868 -5638 -19831 -1607 END
START -2800 -1492 -348 -3817 -19009 2069 END
START -2872 -1960 -3452 -3659 -16984 5695 END
START -2892 -3284 -5164 -1112 -14288 8574 END
START -3252 -4840 -5780 3337 -11571 10951 END
START -3808 -5636 -5672 5987 -9475 13339 END
START -4332 -7672 -5596 5880 -6226 16188 END
START -6196 -10976 -4840 7841 -3058 17897 END
START -7640 -13308 -4724 8743 -715 19018 END
START -8520 -15244 -5932 7251 1735 20340 END
START -9472 -17400 -7168 4346 5383 20413 END
START -10972 -20464 -7204 5327 8320 19291 END
START -11732 -21544 -8224 5710 10751 18036 END
START -12884 -24604 -7140 5369 13677 16098 END
START -13352 -26832 -4212 6524 16706 12037 END
START -13420 -27896 -992 4211 17611 8738 END
START -13204 -28556 2128 4577 16300 5096 END
START -13596 -30752 5744 4128 15011 401 END
START -12936 -30744 7700 1647 13474 -5410 END
START -10872 -28632 8484 -1093 10768 -9864 END
START -8292 -25348 7632 -2310 8901 -13442 END
START -6624 -22784 7320 -1919 7393 -15929 END
START -5488 -20784 7712 -1772 5332 -18445 END
START -4228 -18340 6864 -2054 3177 -19614 END
START -3608 -17268 6352 -2461 1865 -20200 END
START -3668 -15932 6756 -2397 -199 -21142 END
START -2632 -13392 5952 -3593 -1756 -20866 END
START -3052 -11616 6360 -3185 -3279 -19265 END
START -2940 -9236 5744 -2990 -5486 -17686 END
START -2292 -7732 3720 -4300 -6265 -15002 END
START -2028 -6744 3320 -4411 -7103 -12534 END
START -2052 -5524 3244 -2132 -8435 -9825 END
START -1104 -3388 2092 -1217 -9763 -5810 END
START -876 -2640 640 -2197 -10474 -1559 END
START -1396 -3708 -532 -222 -10805 2626 END
START -1412 -4224 -2216 1821 -11213 6383 END
START -1324 -4984 -4616 1827 -10502 10398 END
START -1528 -5532 -6376 2330 -8671 13940 END
START -2860 -6760 -7864 3407 -6150 17382 END
START -4812 -10568 -9640 5486 -3896 19909 END
START -6184 -15064 -9428 10138 -1006 20225 END
START -7232 -15956 -8016 11566 1094 20367 END
START -7272 -16924 -11168 6657 4460 21242 END
START -7824 -17508 -16704 -1006 11193 21483 END
START -10032 -19268 -18080 -2334 20769 19590 END
START -11732 -18656 -17516 4767 24870 17533 END
START -13972 -19804 -15204 10174 28823 16593 END
START -18136 -21952 -9620 14628 32767 11709 END
START -22788 -26352 -1884 12008 32767 8351 END
START -24692 -31596 3792 12025 32767 791 END
START -22084 -29560 6500 9125 32767 -5688 END
START -19264 -25912 9456 7540 32767 -12373 END