START -7804 -25536 4448 6952 -10206 -761 END
START -8984 -25524 3504 1410 -6462 -3126 END
START -9348 -29268 3752 -4116 -6519 -5665 END
START -8364 -30800 3616 2270 -6706 -9284 END
START -9580 -32192 2516 11587 -6201 -12491 END
START -10544 -29504 2172 8842 -6147 -16481 END
START -9816 -27588 3564 -222 -1936 -20390 END
START -9900 -25056 5628 -9530 1029 -23006 END
START -10784 -25592 6372 -12876 -375 -22971 END
START -10048 -23740 6560 -7686 -353 -23972 END
START -9624 -20184 6744 -9676 -896 -26061 END
START -8828 -18460 6184 -14193 -679 -26571 END
START -7864 -17116 5164 -17171 -238 -26714 END
START -7136 -15260 5528 -15707 1358 -26469 END
START -6204 -11976 5392 -13654 788 -24804 END
START -4124 -10544 3208 -14601 -28 -21587 END
START -2880 -8748 1052 -15838 1590 -20289 END
START -996 -7084 -780 -17824 3919 -18365 END
START -32 -5728 -2808 -18314 7013 -16370 END
START 108 -4972 -2092 -15046 9257 -14280 END
START 400 -3984 -356 -8928 7265 -12426 END
START 1692 -3060 -1176 -4022 4359 -9623 END
START 2384 -2164 -2936 -5429 3713 -7025 END
START 2756 -1764 -3924 -8559 5416 -4240 END
START 3292 -1712 -3964 -9638 6563 -1268 END
START 3776 -1880 -3704 -6364 6131 1238 END
START 4736 -1280 -3680 -3764 5478 3610 END
START 5860 -672 -4168 -3984 5600 7039 END
START 5768 -1340 -4624 -6046 6309 10564 END
START 4360 -3124 -4128 -5213 7238 13138 END
START 2540 -3392 -2708 -2358 7505 15471 END
START 648 -4296 -1212 -875 4059 18072 END
START 8 -6168 -1956 4746 -298 20370 END
START -1844 -7292 -1236 11048 1284 21166 END
START -2464 -9156 -2768 11473 1083 23523 END
START -3264 -11972 -2848 11364 3515 24741 END
START -3632 -12668 -1500 9361 8616 24414 END
START -5384 -13296 428 7287 11428 25707 END
START -7348 -15984 3056 6097 10818 27212 END
START -9496 -20020 3344 8255 9485 26576 END
START -9200 -21224 3332 12871 9597 23581 END
START -8140 -20216 3712 12845 10411 21926 END
START -7400 -20704 2864 8946 10935 22813 END
START -8656 -24960 5696 8301 12472 20948 END
START -8932 -28516 7764 11617 9267 17331 END
START -8196 -31540 6900 17104 4523 13590 END
START -6396 -31616 5252 18935 3362 8190 END
START -6060 -30268 4604 12943 6101 5865 END
START -6520 -29092 6532 1218 8667 3329 END
START -5564 -27520 7772 -7506 8724 719 END
START -5268 -25292 8384 -8975 7299 -933 END
START -5224 -22680 8452 -7452 4154 -3350 END
START -5588 -20644 8944 -4959 626 -4130 END
START -5720 -19876 8784 -2460 -1912 -5504 END
START -6060 -17476 8768 -3557 -3596 -6921 END
START -6036 -17160 9276 -6579 -4346 -7154 END
START -7184 -17268 11480 -5718 -5951 -8069 END
START -7768 -17712 13492 -1767 -11095 -8529 END
START -7896 -17544 14260 -1897 -16179 -8841 END
START -8076 -16752 14632 -5936 -18400 -10556 END
START -9004 -14516 15944 -10277 -23046 -10812 END
START -9720 -13864 15732 -7884 -30345 -10218 END
START -11168 -11576 14224 -2106 -32768 -8242 END
START -11452 -8524 11224 -7067 -32768 -5090 END
START -12868 -7512 8276 -11935 -32768 -2372 END
START -15276 -8564 4612 -12293 -32768 -383 END
START -16588 -8816 -496 -7320 -32768 1028 END