START 1608 -9656 11128 -179 -11338 1239 END
START -1388 -7076 10400 -881 -13723 5660 END
START -4028 -7536 8860 -1020 -18092 9613 END
START -5920 -10176 3676 -384 -20702 13139 END
START -7368 -12808 -1124 549 -17604 12852 END
START -8160 -13252 -2568 196 -14060 12200 END
START -8864 -13340 -3488 936 -11901 12478 END
START -9084 -14252 -3992 2831 -10249 13257 END
START -9260 -14952 -4948 5025 -6986 13870 END
START -9180 -15592 -5164 4421 -3672 14066 END
START -9484 -17604 -7204 4423 -1380 14113 END
START -9216 -18384 -7956 5197 2556 13334 END
START -9008 -18380 -7484 4367 7069 12709 END
START -8860 -18928 -7508 2678 10841 12126 END
START -8924 -19668 -7632 2116 15056 11136 END
START -10600 -21908 -3296 5746 17683 9302 END
START -11076 -22448 272 10316 18097 7311 END
START -10960 -23160 4144 9054 18545 4725 END
START -11324 -25760 8660 5489 18108 1681 END
START -11144 -28484 11972 4055 16451 -3260 END
START -9620 -27996 11984 1337 12352 -7186 END
START -7760 -26628 9312 105 9963 -11084 END
START -6116 -24116 7512 -496 8636 -14076 END
START -5548 -22184 7388 -1295 8072 -16793 END
START -5924 -20212 8032 -2839 7135 -18119 END
START -6192 -18904 8612 -2861 5328 -19194 END
START -6212 -17444 8688 -1130 3155 -20282 END
START -6224 -15924 7940 -1059 2019 -20791 END
START -5948 -14336 8552 -1434 1269 -21510 END
START -5108 -11292 8456 -1496 -749 -20771 END
START -3992 -9032 6956 -2159 -2713 -18825 END
START -3268 -7148 6352 -2847 -4012 -16433 END
START -3112 -6688 7192 -491 -5906 -14046 END
START -1784 -5096 6036 26 -8774 -10928 END
START -1116 -3300 3660 -1487 -9340 -6526 END
START -912 -3516 1356 -3723 -8896 -2398 END
START -880 -5352 860 -1732 -8841 815 END
START -448 -6516 60 2136 -10224 3691 END
START 408 -5108 -1704 4312 -8805 6533 END
START 352 -5100 -2684 2410 -4906 10328 END
START -844 -6984 -4244 101 -3468 14236 END
START -1676 -9668 -5984 2306 -2424 17142 END
START -2624 -12164 -6884 8601 971 18334 END
START -4264 -15292 -6528 9436 4409 18886 END
START -4704 -18144 -8288 5730 7444 18824 END
START -5124 -18228 -9540 2479 11473 18700 END
START -5812 -16588 -9628 1021 13786 19747 END
START -8156 -18736 -7800 7010 14935 20651 END
START -11080 -22832 -3168 17748 20135 15707 END
START -13396 -23492 804 11876 23969 11961 END
START -15448 -27764 2772 -2669 27665 8399 END
START -17172 -32768 3736 -7657 30653 1752 END
START -17320 -32768 5632 -7057 30934 -5992 END
START -15896 -30992 6956 2583 25162 -10545 END
START -12536 -25136 7412 9182 19598 -13162 END