START -10772 -26536 2744 2068 -1378 -181 END
START -10840 -26888 264 -3250 2540 -3191 END
START -11572 -26824 -468 -4769 4123 -5863 END
START -12356 -27284 48 -4193 3911 -9590 END
START -12340 -27308 1356 -4556 3541 -13247 END
START -11580 -26240 2984 -6216 3522 -15947 END
START -11244 -24076 3492 -9562 3563 -17016 END
START -10696 -23428 2824 -11236 3652 -18264 END
START -9416 -21824 2712 -10846 4532 -20018 END
START -8548 -19796 4148 -11382 4573 -20390 END
START -8264 -18016 4308 -13082 3759 -19733 END
START -7476 -17280 3084 -13565 4387 -19216 END
START -6332 -16332 3052 -13843 5957 -19797 END
START -5736 -14160 3688 -14140 5587 -18898 END
START -4792 -13036 2644 -13685 4300 -18085 END
START -3412 -10792 1576 -13126 4759 -16446 END
START -2260 -9780 92 -14582 5718 -14505 END
START -1712 -8304 -824 -14787 5934 -12460 END
START -736 -6924 -1824 -12199 5105 -10326 END
START 412 -5708 -2700 -9952 5025 -7699 END
START 1380 -4532 -2792 -10076 6064 -5118 END
START 1160 -4016 -3912 -10426 6049 -1738 END
START 1156 -4764 -5748 -10222 6925 902 END
START 1012 -4508 -5776 -8796 8325 2433 END
START 1300 -4988 -5740 -5640 7922 4012 END
START 1172 -4424 -5780 -1907 6138 5357 END
START 1620 -4456 -6552 -138 6090 7631 END
START 1384 -4600 -6300 332 7897 9571 END
START 1140 -5592 -5400 526 8043 12051 END
START 240 -6004 -4156 3634 7066 13474 END
START -952 -6084 -3196 5129 6092 15146 END
START -2172 -6704 -1848 6291 6672 16349 END
START -3068 -6732 -556 5989 6618 18372 END
START -3840 -8228 -872 5461 6136 20211 END
START -5108 -9752 -1620 7546 5841 20893 END
START -6832 -10892 -2028 10369 5402 21007 END
START -7900 -12460 -1232 12850 6371 21014 END
START -8812 -14492 -628 12087 7292 21680 END
START -10388 -17292 -196 11745 7849 21453 END
START -11740 -18628 1168 14907 8253 19434 END
START -11852 -18692 2256 15901 8275 18199 END
START -11352 -19028 2420 13650 8528 17791 END
START -11256 -20300 344 11235 9393 17449 END
START -11916 -21324 1216 11563 11265 15095 END
START -12104 -21204 4432 14456 11050 12226 END
START -10840 -19884 6360 14562 8713 11115 END
START -9384 -19296 6844 12794 7102 11078 END
START -8508 -18876 6468 8460 6578 11733 END
START -9764 -20988 5804 5014 6225 12282 END
START -10020 -23552 6132 5703 4346 9834 END
START -9832 -24684 5968 5950 2229 6753 END
START -9324 -25652 5504 5058 1139 3548 END
START -9120 -25888 5232 3264 1218 267 END
START -8512 -25344 6140 441 1123 -2780 END
START -8556 -23912 7656 -529 -856 -5899 END
START -8432 -22600 8336 -92 -3558 -8290 END
START -8516 -20788 8432 -1183 -5090 -10212 END
START -8480 -19452 9052 -3516 -5726 -11491 END
START -8284 -18996 9920 -5125 -8191 -12400 END
START -8124 -18632 10548 -3638 -11648 -13872 END
START -8208 -17428 10396 -2741 -14637 -14972 END
START -7920 -16432 10832 -3946 -16556 -15164 END
START -7532 -15772 12024 -6569 -17938 -14625 END
START -7364 -15384 13516 -10790 -19963 -13577 END
START -8236 -15880 15140 -12334 -23596 -13410 END
START -9092 -14664 16140 -12830 -27304 -13529 END
START -9852 -13412 16528 -16037 -30268 -12129 END
START -11164 -11932 14924 -20903 -32768 -10421 END