START -9508 -27436 3236 -5907 -4875 -13590 END
START -8172 -26820 2804 -5479 -2430 -17417 END
START -8328 -25320 3632 -8996 -112 -21014 END
START -8408 -24888 3816 -10266 847 -23615 END
START -7472 -23284 4140 -7955 2892 -24465 END
START -7088 -21352 5236 -7615 3495 -25920 END
START -6812 -19564 4968 -10083 3042 -26680 END
START -5964 -18052 5128 -9312 4139 -27114 END
START -5836 -15176 5484 -7867 4659 -26453 END
START -5076 -12600 4740 -6524 3650 -25036 END
START -3116 -10272 3128 -7370 3266 -24381 END
START -1356 -7088 1756 -7405 4730 -22680 END
START -892 -4816 792 -7640 6069 -19898 END
START -76 -3940 596 -6848 5588 -16964 END
START 1184 -3052 836 -2823 5299 -13812 END
START 1524 -1900 152 -2552 4425 -10361 END
START 2708 -2056 -708 -3815 4537 -7471 END
START 3340 -2000 -1548 -3650 5871 -4416 END
START 3240 -1768 -1412 -3095 6454 -1134 END
START 3220 -1900 -1556 -2140 6675 1926 END
START 2884 -1832 -836 -2334 7433 4871 END
START 1832 -2352 -260 -2505 7787 7963 END
START 336 -3796 336 -675 7802 11215 END
START -228 -5144 1016 2395 7100 14211 END
START -128 -6780 1324 5119 7084 16692 END
START 172 -8004 1392 4906 8118 18598 END
START -560 -11352 1808 2825 9535 19414 END
START -2012 -13984 2404 5047 9870 20632 END
START -924 -14628 3496 7423 9700 22822 END
START -400 -14840 3888 4865 10673 24216 END
START -2176 -16488 3600 -208 12013 24880 END
START -4860 -18820 4672 -1657 12739 25288 END
START -7412 -20812 8504 1891 11144 25444 END
START -6928 -21512 10192 3114 8077 26524 END
START -6888 -24660 8920 858 4750 26245 END
START -5684 -25376 6812 -1032 5425 22983 END
START -6256 -22860 7068 -5264 6315 20259 END
START -7616 -25708 7248 -8059 3987 18956 END
START -8376 -28920 6664 -4419 -177 16338 END
START -7360 -30480 5668 624 -2427 11822 END
START -6228 -28924 4292 -566 -1901 6575 END
START -5424 -29280 3820 -5139 -939 1517 END
START -5572 -28508 3480 -5373 -586 -3054 END
START -5472 -26108 4184 -3322 -125 -6613 END
START -6148 -23664 5980 -885 -313 -9544 END
START -6700 -20756 8336 -940 -2644 -11518 END
START -6600 -18960 9184 -1639 -4736 -12225 END
START -6964 -17564 9472 -2893 -6589 -12458 END
START -7016 -16832 9796 -3327 -8784 -12884 END
START -7268 -16016 9604 -3654 -10865 -12868 END
START -7432 -15608 9460 -3783 -12360 -13254 END
START -7468 -15076 9280 -3821 -13829 -13322 END
START -7344 -14256 9716 -4511 -14881 -12784 END
START -7548 -14368 10456 -5300 -16070 -12838 END
START -7644 -13804 10736 -4071 -18445 -12756 END
START -7280 -12832 10036 -2055 -21351 -12260 END
START -7664 -9980 8688 -2579 -23798 -10881 END
START -7656 -9148 7428 -6555 -24887 -9005 END