START -8776 -31548 -3992 805 14814 -6260 END
START -8720 -30700 -1936 -4789 15298 -10825 END
START -8880 -29808 -792 -6549 14110 -13539 END
START -8584 -26956 -428 -7938 12267 -15273 END
START -7976 -26212 -724 -10109 11109 -16944 END
START -7748 -24628 -160 -10247 11330 -19235 END
START -7416 -22688 520 -11363 10918 -20610 END
START -6532 -21324 704 -13871 10070 -20766 END
START -5888 -19940 -28 -14844 10055 -20163 END
START -5080 -18360 -1012 -14854 10442 -19331 END
START -4564 -16008 -1956 -13823 10945 -18711 END
START -3448 -13492 -2052 -12963 11928 -18117 END
START -2884 -11456 -1800 -11481 11818 -16682 END
START -2188 -9176 -860 -7444 12035 -15205 END
START -1660 -6188 -112 -6299 10933 -12977 END
START -836 -5056 -248 -6258 10276 -10326 END
START -412 -4432 -248 -6088 9640 -8263 END
START 184 -3660 -160 -3389 8984 -6441 END
START 1144 -2048 296 -2017 8408 -3898 END
START 1276 -2144 -412 -3048 7158 -1059 END
START 1732 -2748 -256 -1072 5712 996 END
START 2396 -2204 -16 1740 3586 3217 END
START 3116 -1736 -296 3026 2346 6158 END
START 3360 -2328 -652 2280 1592 9186 END
START 2340 -3784 -628 1974 1487 12037 END
START 1216 -5820 -332 2973 415 14250 END
START 632 -7408 -352 5119 -1378 15882 END
START 24 -8600 -1112 7943 -1525 17371 END
START -1360 -9228 -1528 9784 -701 18589 END
START -2124 -10820 -1404 11030 -20 19902 END
START -2736 -12728 -652 13512 596 20657 END
START -3648 -14048 -1048 14100 1011 21680 END
START -5148 -16408 -2152 13803 2403 22290 END
START -4988 -18840 -3768 11801 5157 21756 END
START -5972 -21436 -3120 13969 8759 20155 END
START -7656 -22260 428 17775 10340 18374 END
START -9244 -22100 1896 14408 9030 18327 END
START -8776 -25932 356 10096 10522 17041 END
START -10064 -26772 3004 11055 12764 13919 END
START -11124 -27356 5988 12378 10879 11146 END
START -8848 -27572 7108 11579 8188 8621 END
START -7180 -28176 6600 5466 6920 6364 END
START -5576 -27460 5572 1245 6261 3647 END
START -5268 -27056 5504 -540 4924 1288 END
START -4652 -25444 6136 -557 2500 -1050 END
START -3580 -24316 5932 -1413 1171 -3369 END
START -3524 -22072 6128 -2443 1086 -5275 END
START -3624 -19988 7352 -4534 361 -7013 END
START -3660 -18404 8604 -5136 -2031 -8293 END
START -3720 -18124 8952 -3995 -4358 -9593 END
START -3648 -16900 8608 -2925 -6682 -10510 END
START -3528 -15580 8264 -3423 -8357 -10167 END
START -3092 -16160 8980 -4314 -10029 -9821 END
START -3596 -16588 9408 -4064 -12578 -9915 END
START -4052 -17020 9332 -3258 -15220 -9932 END
START -3900 -16936 9680 -3676 -17828 -9664 END
START -4544 -16860 9492 -5900 -19561 -10051 END
START -5812 -17080 10576 -7648 -21457 -10488 END
START -6752 -15652 11276 -6703 -24595 -10784 END
START -8008 -12752 10664 -8834 -27785 -9933 END
START -9832 -10140 8516 -13233 -30937 -6785 END
START -10596 -9600 4548 -17427 -32579 -3493 END