START -11232 -27440 3988 4275 -1357 1636 END
START -13156 -31852 4432 -1144 1444 -2182 END
START -13216 -32768 3436 -1707 -707 -7418 END
START -12776 -32768 2348 -2193 -1116 -12815 END
START -11444 -31564 1760 -6077 578 -16105 END
START -10736 -29064 3068 -11339 2162 -17814 END
START -10300 -26952 4720 -15572 2893 -18309 END
START -10428 -24564 5628 -16417 2061 -19619 END
START -9956 -21668 5288 -18208 2373 -19548 END
START -9036 -19672 5432 -18856 4921 -20218 END
START -9164 -16828 6580 -19713 4698 -20146 END
START -8344 -15360 4996 -16975 1941 -20066 END
START -5780 -11084 3692 -16266 2245 -18843 END
START -4236 -9660 1684 -18429 4175 -16543 END
START -2628 -8980 -816 -18223 6006 -14152 END
START -1472 -8176 -2756 -17134 7472 -12038 END
START -1636 -7348 -2528 -13678 7975 -10971 END
START -944 -6128 -1900 -10591 6809 -9387 END
START -544 -5696 -2344 -8498 6583 -6965 END
START -296 -5912 -2216 -6524 6396 -5551 END
START -292 -5728 -2812 -5310 5466 -3863 END
START -492 -5896 -2840 -3773 5781 -3136 END
START -132 -5364 -2892 -4259 5193 -1410 END
START 40 -5324 -3068 -4552 5042 76 END
START 260 -5456 -3288 -3319 4329 846 END
START 256 -5716 -4100 -1882 3121 1513 END
START 1248 -4380 -4532 -760 2689 2871 END
START 2508 -4168 -4916 -1003 2569 5289 END
START 2208 -4188 -5616 -22 3116 7589 END
START 1020 -4052 -5684 1535 3994 9012 END
START 272 -4916 -5004 3525 3861 10763 END
START 256 -5600 -4392 6983 4235 11942 END
START 140 -6084 -3636 9626 4804 13755 END
START -788 -7968 -3400 9970 4609 16329 END
START -2896 -10852 -3448 11869 5656 17496 END
START -4784 -12540 -2516 14717 6948 16967 END
START -4808 -12436 -1340 16414 8123 17083 END
START -5364 -12980 -1708 16186 9927 18248 END
START -7140 -13548 -1820 15633 13618 19236 END
START -9056 -13684 428 15852 18397 19419 END
START -10292 -13172 4900 16056 20304 19737 END
START -10216 -17464 7500 18284 16860 20835 END
START -9488 -20972 7504 23945 12982 18980 END
START -9088 -23688 8332 24439 12674 16579 END
START -8508 -23112 9796 17325 13816 15930 END
START -8664 -24004 10924 8176 12347 16791 END
START -10976 -27400 12556 5598 8976 16074 END
START -12144 -29996 11432 4993 3394 13602 END
START -11300 -32372 8612 4153 908 9649 END
START -9720 -31936 7160 2098 865 4705 END
START -7620 -29916 6384 -110 912 503 END
START -6648 -27660 6220 -1375 214 -3311 END
START -6508 -24848 7464 -1851 -53 -6799 END
START -6388 -21676 9336 -3133 -669 -9149 END
START -5840 -19600 10324 -4676 -2577 -10098 END
START -5564 -17964 10232 -5522 -4696 -10703 END
START -5348 -16380 10240 -6491 -6199 -11158 END
START -5664 -16480 10812 -6280 -7890 -11869 END
START -5216 -15748 11840 -5251 -10914 -12144 END
START -4852 -15828 11808 -4433 -13177 -12152 END
START -4856 -15784 12876 -4069 -15311 -13005 END
START -4388 -14664 12856 -5822 -18527 -12507 END
START -4756 -13420 12824 -7270 -19831 -11605 END
START -5376 -12456 13768 -6923 -22604 -11298 END
START -6216 -11244 14152 -5039 -26223 -9935 END
START -7500 -9540 14484 -2649 -31109 -8163 END
START -8096 -6372 13296 -9306 -32768 -3039 END
START -10284 -7288 11948 -15798 -32768 1039 END