START -52 -19388 -504 -6057 -1638 -4227 END
START -532 -22032 188 -4769 -208 -6104 END
START -2436 -23688 2812 -3999 193 -9113 END
START -3908 -23568 5692 -3414 -1779 -11991 END
START -3752 -21624 6992 -3043 -4510 -13317 END
START -3020 -18292 7180 -2773 -6871 -14792 END
START -2036 -14092 6768 -3558 -8870 -14813 END
START -896 -10496 5560 -4577 -10633 -12979 END
START -568 -8696 4772 -5430 -12297 -10827 END
START -276 -7292 3200 -5028 -13676 -8823 END
START -860 -6976 1764 -3467 -14856 -6452 END
START -740 -6884 568 -2894 -14976 -4635 END
START -588 -6424 -52 -2310 -14542 -3110 END
START -416 -5436 96 -1622 -14025 -1436 END
START -408 -4472 336 -383 -15009 1370 END
START -756 -4344 204 466 -15683 4872 END
START -2376 -5684 -904 1232 -16107 7765 END
START -3480 -7668 -3784 2026 -16143 10218 END
START -3564 -9196 -6516 3486 -14390 11934 END
START -3904 -10144 -7844 4861 -10826 13107 END
START -5052 -10300 -7204 6412 -8409 14838 END
START -6120 -12628 -8220 9041 -7217 16297 END
START -7268 -14332 -8284 12672 -3731 16620 END
START -8416 -15776 -6000 12352 -396 16800 END
START -8560 -17760 -4852 10800 1280 16875 END
START -8316 -18924 -6500 9103 3110 16844 END
START -7820 -19460 -9880 7230 6178 16794 END
START -9432 -21728 -9652 7737 11053 16016 END
START -11464 -24780 -6040 9536 13525 13713 END
START -12264 -26828 -1964 10249 13137 11027 END
START -11768 -28576 976 7985 13031 7440 END
START -11980 -28956 3332 3359 13134 4293 END
START -11644 -30016 4680 1039 11663 312 END
START -9856 -28084 3688 48 9232 -3274 END
START -7796 -25384 1820 -1724 8766 -6291 END
START -6940 -24188 888 -2527 8871 -8769 END
START -6344 -22196 704 -2085 8792 -11140 END
START -6512 -20364 1656 -2514 8552 -12597 END
START -6668 -19000 2904 -2175 8291 -14005 END
START -6484 -17792 4228 -2853 7076 -14690 END
START -6192 -16792 4488 -2479 5363 -15163 END
START -5620 -15360 4444 -2548 4260 -15707 END
START -5432 -13768 5100 -3015 3244 -15632 END
START -5296 -12744 4932 -2703 1298 -15287 END
START -4416 -11228 4696 -1863 112 -14780 END
START -3872 -10104 5016 -1542 -745 -13744 END
START -3268 -8460 5228 -1755 -2365 -12568 END
START -2248 -6716 4524 -2285 -3848 -10526 END
START -676 -4864 2596 -2007 -5234 -7649 END
START -320 -4932 536 -1160 -5705 -4681 END
START -196 -5728 -104 615 -6206 -1636 END
START -40 -5788 -1356 2494 -6014 888 END
START 264 -5548 -1632 3192 -4604 3799 END
START -28 -5052 -948 4134 -3573 6937 END
START -864 -5212 -264 4654 -4264 11101 END
START -1800 -7652 -2988 5885 -5718 15959 END
START -2964 -10232 -7288 6006 -4248 19158 END
START -5220 -14392 -9856 7803 -744 19790 END
START -7016 -17252 -9376 9596 3393 19351 END
START -7308 -18220 -9588 8223 7058 18720 END
START -8328 -19172 -10568 5584 9958 18339 END
START -10320 -21056 -11352 5732 13768 17715 END
START -12468 -22832 -8024 9982 16776 15158 END
START -13276 -22948 -3804 9736 18030 13315 END
START -14848 -24620 -1076 5904 20297 11745 END
START -15976 -27168 1604 2801 21816 7105 END
START -15364 -26616 2312 5576 20617 1722 END
START -14252 -26156 1000 7187 19270 -1948 END
START -12836 -25328 600 7806 20938 -7503 END
START -11280 -22972 1812 6873 22254 -11508 END
START -9704 -20428 4208 7136 21080 -14492 END
START -7456 -17468 5524 7890 19410 -16212 END
START -6132 -15548 6332 5509 18678 -16769 END
START -5128 -14472 6336 3287 18032 -16179 END
START -4608 -13100 7000 2999 17341 -15276 END
START -3932 -11952 8660 2378 13794 -15268 END