START -11732 -32768 13236 -113 -831 13717 END
START -12040 -32768 7164 -230 -3441 8342 END
START -12560 -32768 4348 -3296 -1273 -1118 END
START -12840 -32768 2176 -4676 -1455 -10787 END
START -12236 -32768 -416 -801 -816 -17041 END
START -12068 -32472 -1204 -1765 666 -21024 END
START -12372 -28776 -656 -5072 2481 -24111 END
START -13240 -26336 612 -6225 2945 -25633 END
START -12916 -24496 184 -8317 3185 -26186 END
START -11776 -22960 496 -8045 6113 -27805 END
START -12304 -19436 3348 -6841 8688 -28315 END
START -12732 -17280 5788 -8241 6423 -27469 END
START -10868 -15760 5948 -9742 4666 -26415 END
START -8748 -14056 5376 -12217 3851 -25095 END
START -7156 -12360 3672 -11824 4281 -22956 END
START -4996 -9140 2972 -11994 4957 -20662 END
START -3172 -6740 1864 -13098 4454 -17953 END
START -1496 -5276 280 -13892 3521 -14278 END
START -780 -4916 -1288 -12356 4148 -10546 END
START -44 -4620 -2632 -11057 6474 -8022 END
START 124 -3984 -1852 -11167 8425 -6701 END
START -308 -3576 -552 -9593 8125 -5160 END
START -356 -2960 -756 -6341 6262 -3181 END
START 1164 -2140 -1796 -4824 6014 -1276 END
START 2000 -1896 -2332 -5377 6888 -206 END
START 2180 -1512 -1620 -4555 6043 1337 END
START 2792 -408 -1432 -2404 4387 3579 END
START 3584 564 -2040 -1552 3722 6345 END
START 3108 652 -2712 -2506 3814 9725 END
START 1924 -1300 -3040 -2508 3353 12481 END
START 668 -2236 -2468 558 3797 15460 END
START -932 -2912 -1244 1128 3851 18375 END
START -3108 -5312 -252 -542 2153 21265 END
START -4252 -9608 -1792 133 6 23399 END
START -4616 -13288 -3216 3690 43 24471 END
START -5436 -14420 -1776 9361 2281 23044 END
START -7520 -14560 -780 11573 3040 23681 END
START -7616 -17112 -3336 9573 1422 24727 END
START -6884 -19272 -2324 13219 6600 23430 END
START -9876 -16500 3292 16864 10747 21645 END
START -11712 -17460 5400 13102 7427 24635 END
START -8960 -24356 1708 8410 5374 26102 END
START -10600 -27828 2216 9181 8210 22821 END
START -11416 -28892 2524 8594 8107 19268 END
START -10804 -27972 3328 7905 7978 15881 END
START -9316 -28164 1264 4687 6819 14402 END
START -9384 -30244 2440 3470 8221 11708 END
START -10620 -31600 5020 4093 8106 7487 END
START -11116 -29792 8116 3233 4532 3165 END
START -9820 -28540 8024 594 -83 -450 END
START -9272 -27068 7260 -996 -1022 -3810 END
START -8412 -24344 6736 -2991 -1398 -7037 END
START -8464 -21264 7652 -3564 -3026 -9710 END
START -8448 -19524 8648 -3669 -5965 -10356 END
START -8748 -17924 8780 -5013 -8159 -10709 END
START -8388 -17368 9332 -5716 -10591 -10852 END
START -8396 -17932 9112 -4548 -13405 -11431 END
START -8636 -18316 9580 -4735 -15066 -11932 END
START -9204 -17956 9628 -7075 -16261 -13923 END
START -10012 -17392 10872 -12246 -17538 -14801 END
START -11996 -18752 12464 -12515 -20779 -16163 END
START -13696 -17212 12352 -9529 -25287 -17701 END
START -13860 -14244 11100 -8666 -29942 -17866 END
START -13044 -10144 9044 -12124 -32768 -16209 END
START -13160 -8600 6444 -16104 -32768 -14559 END