START -6056 -14684 -2064 15270 936 20410 END
START -7060 -15668 -1736 20037 2179 19632 END
START -7224 -17264 -1768 18313 4021 20477 END
START -8216 -19256 -1740 17085 8021 21048 END
START -9308 -20100 444 18388 12576 19304 END
START -9792 -21676 5044 21304 14446 18223 END
START -9800 -24368 9428 20418 11512 16475 END
START -9396 -25688 8788 17779 8345 15929 END
START -8940 -26620 8080 14519 9002 14575 END
START -8704 -26940 10512 11027 9122 12629 END
START -8024 -27616 12348 8738 5253 10778 END
START -7168 -27932 11232 6857 1035 9357 END
START -6256 -27832 8028 3263 -465 7218 END
START -5796 -26892 5956 -861 260 5191 END
START -5584 -27376 4716 -2640 468 2822 END
START -5776 -27124 4464 -2687 -86 -836 END
START -6212 -25876 5940 -2488 -555 -4361 END
START -5736 -23484 8172 -2847 -1343 -6973 END
START -5320 -21140 9592 -4746 -2345 -8323 END
START -5224 -19460 10464 -7398 -3855 -8609 END
START -5236 -17712 10128 -9316 -5647 -8773 END
START -5672 -16428 9196 -10527 -6981 -8559 END
START -5936 -16152 8852 -10679 -8108 -8856 END
START -5672 -16420 9412 -8941 -10138 -9446 END
START -6220 -17776 11408 -6148 -13382 -10413 END
START -6708 -18200 12088 -6093 -17170 -11273 END
START -7472 -18432 12924 -6842 -19303 -11876 END
START -8232 -17444 13236 -7814 -22547 -12646 END
START -8880 -16992 12136 -9748 -25082 -12563 END
START -9908 -16452 11876 -10840 -27347 -13507 END