START -3224 -23688 5864 49 -3004 -11595 END
START -2040 -21708 5420 -3549 -3049 -12514 END
START -1716 -19476 5588 -5084 -3553 -14077 END
START -1492 -16148 5888 -5346 -5963 -14174 END
START -544 -14676 5332 -5166 -7945 -13743 END
START 96 -12780 4728 -5801 -8520 -12581 END
START -108 -11136 4820 -5259 -8920 -11511 END
START -20 -8772 4500 -5024 -10650 -10142 END
START -4 -7956 3940 -4381 -12080 -8053 END
START 216 -7580 3384 -3470 -13137 -5905 END
START 256 -6860 2468 -2965 -14057 -3892 END
START 144 -6056 1652 -2415 -14883 -1921 END
START -112 -5956 616 -1541 -14948 583 END
START -1052 -6380 -772 -1197 -14927 2842 END
START -1656 -7184 -2464 -286 -14154 4992 END
START -1680 -8052 -3560 1618 -12563 6206 END
START -1912 -7900 -3132 4058 -11875 7865 END
START -2312 -8008 -2856 5142 -11117 10059 END
START -3412 -8716 -3400 5733 -10191 12746 END
START -4644 -10200 -4252 6871 -8390 14278 END
START -5892 -12636 -4708 8780 -6427 15266 END
START -7036 -14464 -2876 11374 -4814 15078 END
START -7948 -15192 -1048 11814 -3816 15329 END
START -9100 -17044 -2164 10161 -3147 16541 END
START -9712 -19020 -4080 9475 -144 15548 END
START -10328 -20888 -4180 12200 2127 13609 END
START -10772 -21004 -3612 13598 3201 12346 END
START -10028 -21124 -4424 10749 5605 11602 END
START -10512 -22364 -4768 7431 9297 10810 END
START -11348 -24488 -2384 8510 11846 8746 END
START -10752 -24736 1040 9774 11150 5994 END
START -9800 -24680 2952 7009 10895 4338 END
START -8996 -24356 3416 1400 11569 2817 END
START -8752 -24676 4088 -2114 12483 723 END
START -8548 -24816 5600 -1551 11211 -1999 END
START -8200 -23608 5512 -2238 9086 -4113 END
START -7372 -22668 4252 -4126 8622 -6010 END
START -6972 -21876 3160 -5476 8498 -7894 END
START -6892 -21544 2540 -4779 8504 -10102 END
START -6840 -19996 3256 -4062 8473 -11960 END
START -6568 -19108 4208 -4755 8109 -13110 END
START -6524 -18752 4668 -4960 6609 -13989 END
START -6000 -17624 4040 -5061 6156 -14736 END
START -5652 -16568 5752 -4809 5460 -15560 END
START -5380 -15292 5636 -3880 3051 -15883 END
START -4128 -13652 4972 -4186 1378 -15516 END
START -3688 -12356 5224 -3968 352 -15019 END
START -2776 -10692 5172 -4558 -983 -13979 END
START -2124 -9356 4476 -3911 -2888 -12566 END
START -1092 -7876 2724 -3473 -3729 -10608 END
START -828 -6564 1968 -3554 -3865 -8531 END
START -1004 -6196 2320 -1733 -4770 -6316 END
START -1020 -5580 2176 29 -6744 -3925 END
START -444 -4964 928 74 -7711 -813 END
START -452 -4728 -1076 -164 -7451 2385 END
START -732 -5032 -3848 809 -5906 5582 END
START -1824 -6120 -5888 2554 -3822 7967 END
START -2184 -7080 -6512 7170 -2766 10098 END
START -3120 -7860 -5568 11205 -815 12484 END
START -4592 -9376 -3692 14237 859 14657 END
START -6508 -13308 -3788 13436 2297 16842 END
START -7864 -16784 -5104 11293 5476 16884 END
START -8180 -17444 -6160 8118 9281 16585 END
START -8360 -17644 -7692 4429 12449 17256 END
START -10280 -20356 -7736 7118 14661 16662 END
START -12104 -22616 -4392 13376 15240 14675 END
START -12828 -23584 -2584 11970 15215 13515 END
START -12892 -24028 -2320 6828 16951 11826 END
START -13984 -25176 -2516 2339 20862 9067 END
START -15448 -26668 -1244 -51 23832 5172 END
START -16152 -27076 1388 3345 22652 578 END
START -14788 -26032 1720 6195 20870 -3764 END
START -13792 -23488 4576 6559 20765 -8285 END
START -11628 -20296 6984 3710 19609 -11149 END