START -8272 -27108 3004 -5265 4269 -14820 END
START -8760 -27960 4536 -6349 3890 -19215 END
START -8456 -26396 5260 -5177 3806 -20959 END
START -8652 -24900 4884 -6496 4436 -23331 END
START -8832 -22352 5308 -5869 5484 -26123 END
START -8760 -19188 6940 -5914 4185 -27907 END
START -8836 -15908 6360 -7339 721 -26321 END
START -6584 -15856 3740 -7320 72 -25315 END
START -5160 -13488 3312 -7050 1601 -24843 END
START -4816 -12976 2696 -7592 1090 -23337 END
START -3720 -11196 1128 -6825 930 -22026 END
START -3072 -9316 -200 -6606 2303 -20865 END
START -2188 -7492 -1676 -6414 4296 -19074 END
START -1380 -6052 -1592 -4363 6545 -17744 END
START -884 -2792 -652 -941 7366 -14890 END
START 192 -448 -288 -782 7616 -11325 END
START 1464 -700 -548 -3053 8612 -7154 END
START 2388 -1652 -1336 -2644 9067 -3290 END
START 3156 -2184 -1364 -841 9319 407 END
START 4104 -2388 -1348 571 9303 3878 END
START 4360 -3144 -1100 -656 9460 7325 END
START 4008 -5280 -664 -2931 10365 11022 END
START 3100 -7596 -216 -4282 11382 13325 END
START 1388 -8884 1236 -3583 11541 15218 END
START -312 -9016 1936 -4593 11100 17222 END
START -2032 -9556 2220 -7004 11628 20029 END
START -3652 -12880 1724 -8097 11446 22642 END
START -4032 -17808 2456 -3820 10359 22779 END
START -3804 -17664 3964 5691 9601 22366 END
START -3212 -17304 5976 5806 9531 22451 END
START -3764 -19836 6148 1094 9513 22511 END
START -2920 -23776 6224 428 8462 21701 END
START -1848 -24612 5520 1036 6951 19677 END
START -1876 -26172 5924 -1 5693 18009 END
START -3068 -28372 5436 -1947 4107 15695 END
START -2912 -30768 3732 -3415 2491 12990 END
START -1748 -32320 2608 -1167 2506 7951 END
START -1576 -30436 4076 -309 3323 3030 END
START -2136 -28368 5848 -575 2786 -1036 END
START -1912 -25724 6564 -1581 1126 -4401 END
START -1308 -22840 6668 -2011 107 -7244 END
START -932 -20244 7484 -1342 -437 -8858 END
START -1408 -18188 8484 -885 -1961 -9494 END
START -1840 -17104 9480 -554 -4932 -9772 END
START -1976 -16372 10008 -677 -7818 -9519 END
START -2112 -15868 9492 -335 -10250 -9037 END
START -2204 -16120 9364 -319 -13066 -8825 END
START -2168 -16532 9052 -69 -15332 -8084 END
START -2772 -17036 8872 -1234 -17025 -7959 END
START -3852 -16848 8604 -2224 -18148 -8092 END
START -4992 -16356 8764 -2810 -20197 -8082 END
START -5768 -15768 9100 -2140 -22266 -8179 END
START -7124 -13868 9980 -3250 -24809 -8206 END
START -8324 -12400 9868 -7907 -28847 -8364 END