START -8568 -24076 -3624 -6951 6631 -19635 END
START -9196 -23008 -2992 -8977 7051 -18693 END
START -8324 -22900 -1700 -10707 7015 -19804 END
START -7900 -22528 -328 -13952 6946 -18997 END
START -7504 -21664 -1500 -17407 6945 -19062 END
START -7704 -19688 -2488 -16111 6769 -19252 END
START -5624 -17944 -3656 -11931 6372 -18814 END
START -4300 -14876 -3608 -11056 7237 -18671 END
START -3356 -12872 -2720 -12499 8231 -16906 END
START -2024 -11512 -3540 -11464 9244 -14999 END
START -1248 -9004 -3496 -12424 10997 -13672 END
START -1344 -8124 -3932 -13446 12367 -12160 END
START -364 -7676 -4632 -13122 13749 -10730 END
START -468 -6996 -2932 -9247 13494 -10282 END
START 920 -4824 -2320 -5678 10891 -8305 END
START 1980 -3616 -3528 -6307 9294 -6580 END
START 3192 -2816 -3324 -6497 9310 -4588 END
START 3316 -2972 -3628 -4550 8380 -2838 END
START 4272 -2556 -5008 -3077 7175 -1477 END
START 4884 -1836 -5144 -2839 6995 56 END
START 5188 -1016 -4404 -3087 6715 1898 END
START 5684 -1760 -4584 -2431 5799 4108 END
START 6468 -2672 -5376 -114 4995 5519 END
START 7256 -1980 -4888 1662 4683 6947 END
START 7392 -1256 -3500 1257 4217 9616 END
START 6300 -2840 -2156 313 2986 12649 END
START 3996 -5376 -2100 1994 1036 14468 END
START 3360 -7256 -2420 3161 -636 15818 END
START 2796 -8496 -2252 1340 -1399 16746 END
START 856 -9628 -1328 1149 -1257 17294 END
START -1596 -10648 -572 2550 -1996 17785 END
START -2776 -11536 -464 5139 -4005 17719 END
START -2532 -12720 -1648 8030 -6044 18413 END
START -1944 -12156 -2072 11744 -5124 18360 END
START -2068 -12324 -2460 9849 -4048 20505 END
START -2836 -14960 -3268 7663 -3491 21881 END
START -3676 -15824 -2884 8702 -1921 21825 END
START -5756 -15376 -2004 11036 -1011 22672 END
START -7496 -16760 -2516 8859 -904 24477 END
START -8712 -23144 -4116 9810 189 24111 END
START -8228 -24804 -3284 15537 2890 21073 END
START -9576 -25196 -40 15367 4408 18848 END
START -10956 -28276 832 8627 2163 18113 END
START -9816 -32768 -2148 4360 1032 15288 END
START -8564 -32768 -2976 6482 1938 9412 END
START -7492 -32652 -2020 6902 1876 4804 END
START -6244 -30568 -216 1973 1088 2456 END
START -5460 -30368 -632 -3041 687 250 END
START -5760 -28548 -648 -4816 747 -3009 END
START -5700 -25900 -356 -5340 517 -6008 END
START -5484 -23916 640 -5508 359 -8301 END
START -5988 -21928 1984 -5644 -153 -10235 END
START -5524 -19852 3668 -5586 -1043 -11975 END
START -5108 -18492 4768 -4816 -2987 -12641 END
START -4240 -17684 5332 -4258 -4998 -13019 END
START -3840 -16508 4772 -4590 -6717 -13610 END
START -4020 -15488 5184 -5276 -8250 -13296 END
START -4212 -15044 5964 -5682 -9834 -12904 END
START -4252 -15000 6268 -5532 -12092 -12376 END
START -4176 -15500 6560 -4647 -15069 -12241 END
START -4192 -15032 7128 -3699 -17535 -12058 END
START -4568 -13996 8004 -5571 -19750 -11055 END
START -6596 -14260 8752 -9412 -22822 -10290 END
START -8804 -14940 6580 -10584 -26353 -10028 END