START 612 -28960 3720 -919 3981 -6439 END
START 192 -27868 8252 1655 1636 -10643 END
START 1420 -23424 11312 157 -3294 -11549 END
START 2272 -20248 12408 -3366 -7898 -12301 END
START 2608 -16284 12112 -1750 -13052 -13016 END
START 2212 -10876 9436 -2005 -17195 -11911 END
START 2444 -6412 7048 -5412 -18535 -7960 END
START 1116 -4312 6716 -8492 -18377 -4855 END
START -576 -2240 6592 -7084 -20499 -1507 END
START -2052 -808 3504 -6613 -23692 2984 END
START -3440 -1776 -1580 -5367 -25423 7271 END
START -4740 -4472 -5268 -1887 -23765 9451 END
START -4712 -4416 -6220 1800 -21216 10261 END
START -4968 -3936 -7308 2659 -18394 13294 END
START -6060 -5640 -9412 2605 -15300 17360 END
START -7288 -9052 -10380 7461 -10560 17949 END
START -7588 -8660 -7604 13253 -7038 18664 END
START -10096 -11308 -7064 14537 -5529 22090 END
START -12252 -17776 -8252 14027 -2298 22966 END
START -13740 -21288 -8296 14132 1597 21370 END
START -13704 -22724 -9444 12409 4626 20457 END
START -13032 -24696 -12212 8515 9915 19995 END
START -13892 -29064 -10108 7392 15256 17083 END
START -13996 -32768 -5188 12409 15547 11083 END
START -12280 -32768 -2440 11338 16027 5125 END
START -11748 -32768 1800 5488 19303 -501 END
START -11372 -32768 5736 1465 18533 -6420 END
START -9364 -32040 6092 -80 14783 -11586 END
START -7680 -28324 5380 -1207 13158 -16174 END
START -6328 -23424 5412 -3643 12340 -18892 END
START -5396 -20372 5672 -5242 10614 -20265 END
START -5048 -17476 5468 -5485 8023 -20675 END
START -4368 -15568 4628 -6478 6312 -20531 END
START -4192 -14496 5104 -5678 5335 -20834 END
START -4492 -12512 4596 -4598 2642 -20156 END
START -3564 -10432 4068 -4521 770 -18920 END
START -3032 -8388 4420 -3197 -557 -17878 END
START -2396 -5844 4100 -2174 -2208 -15083 END
START -1576 -4332 3704 -1328 -4334 -12206 END
START -584 -3068 2392 -812 -6337 -8296 END
START -568 -2532 1504 605 -7419 -4619 END
START -252 -2124 -20 306 -7682 -855 END
START -332 -2348 -1124 405 -7300 3263 END
START -1072 -3848 -2584 1755 -7728 7004 END
START -1560 -4928 -4504 3345 -7155 9914 END
START -1980 -7104 -6108 5234 -5302 12882 END
START -2996 -8220 -7268 6709 -3122 14884 END
START -4356 -10672 -7384 9336 -770 16384 END
START -6016 -12768 -6984 11599 1330 17584 END
START -7948 -13940 -7572 10027 3286 19871 END
START -8868 -15508 -9000 5821 5526 23221 END
START -9848 -19536 -10836 7351 9590 22752 END
START -12484 -20128 -9836 9557 12500 21260 END
START -13012 -19496 -11576 6561 15953 21791 END
START -13540 -23076 -18588 1173 29725 20990 END
START -17336 -24864 -17572 -4839 32767 17951 END
START -20224 -31116 -14012 -709 32767 9870 END