START -6736 -24172 7328 -3530 2125 -11312 END
START -6224 -22240 8956 -2696 -944 -13772 END
START -5076 -18148 8864 -4000 -4019 -14955 END
START -3388 -14864 8956 -5721 -5618 -14883 END
START -2972 -11824 9124 -5179 -7577 -14651 END
START -2176 -8644 8772 -5048 -10830 -12890 END
START -2112 -6796 7200 -5676 -13420 -9989 END
START -1780 -5776 5108 -6843 -14426 -7521 END
START -1644 -5200 3060 -6146 -15064 -5115 END
START -1920 -4964 1460 -3989 -15367 -2791 END
START -1852 -4596 456 -2383 -15798 -159 END
START -1992 -4944 -280 -871 -14977 2166 END
START -2276 -5708 -964 -356 -14453 4543 END
START -3196 -7304 -2724 1069 -14474 7458 END
START -3176 -9000 -4840 3008 -13086 9111 END
START -3656 -9852 -5260 4979 -9522 10030 END
START -4600 -10744 -4140 5971 -7110 11448 END
START -6096 -13344 -3328 7103 -6249 12709 END
START -7324 -15076 -2536 8865 -5009 12951 END
START -7696 -15776 -2468 8381 -3300 12929 END
START -8712 -16904 -3060 6319 -1755 13892 END
START -9548 -18648 -4988 6029 8 13478 END
START -9804 -19392 -5516 6840 2715 12099 END
START -9828 -18832 -4868 6786 5058 11047 END
START -9880 -18280 -4596 6287 6927 10469 END
START -10696 -18704 -3704 6148 8665 10552 END
START -10920 -19160 -2800 6104 9796 9297 END
START -10896 -19296 -2164 5623 11170 8290 END
START -10924 -20132 -728 5288 12733 6707 END
START -11256 -21264 1352 4750 13081 5044 END
START -11536 -22840 3280 5245 12213 3445 END
START -11208 -23784 4576 3992 10772 1043 END
START -10072 -23696 3624 600 10609 -1227 END
START -9072 -23232 2776 -1639 10880 -3345 END
START -8856 -23392 3088 -514 9701 -5739 END
START -8584 -21984 2356 -83 8946 -7765 END
START -8240 -21140 2308 -1980 9026 -9192 END
START -8316 -20884 3248 -2943 8991 -10677 END
START -7996 -20320 3788 -2773 7889 -12172 END
START -8052 -19380 4416 -2950 7237 -13676 END
START -7524 -17484 5404 -4501 6135 -14489 END
START -6484 -16208 5492 -4740 4818 -15127 END
START -5876 -14348 6168 -4325 3280 -15459 END
START -5240 -13060 6076 -4027 1330 -15306 END
START -4768 -11752 5460 -3640 13 -15163 END
START -3896 -9612 5464 -3633 -1577 -14211 END
START -2740 -7768 4580 -4115 -2892 -12498 END
START -1700 -6076 3944 -3875 -3796 -10639 END
START -1608 -4172 3208 -2902 -5446 -7547 END
START -964 -3832 1940 -2043 -6635 -4039 END
START -956 -3832 944 347 -6574 -1419 END
START -1516 -4128 844 1367 -7084 1410 END
START -1776 -4908 388 2812 -7670 4284 END
START -1788 -5288 -1608 3641 -8058 7536 END
START -2344 -6356 -4268 4431 -6692 10868 END
START -3768 -8940 -6964 5260 -3663 13347 END
START -5616 -11788 -7768 8298 -1118 14392 END
START -6772 -13600 -7840 11734 1511 14589 END
START -7952 -15852 -8708 11522 5355 14746 END
START -8780 -16804 -10008 8436 9787 14866 END
START -10352 -18472 -10112 7370 13455 15272 END
START -11848 -20956 -9840 9443 15489 14298 END
START -12868 -22180 -8520 11605 19251 11965 END
START -13832 -22940 -6848 11595 22532 9406 END
START -14748 -21932 -4904 8560 25638 8002 END
START -15936 -23744 -2544 4648 27710 6870 END
START -16696 -25512 600 7774 28280 2223 END
START -16376 -25112 3600 9913 26425 -1864 END
START -15300 -23340 7564 9157 24328 -5766 END
START -13440 -21872 9864 4633 21049 -7662 END