START -7520 -22204 5204 5958 -580 -1101 END
START -8136 -23116 4708 2303 1000 -3622 END
START -9192 -24104 5232 -2480 2455 -5262 END
START -8956 -26208 4808 -4182 1005 -6899 END
START -9532 -27244 3704 -3244 571 -10279 END
START -9152 -25672 4108 -4015 2680 -14206 END
START -8832 -23012 5212 -8322 3276 -15521 END
START -8440 -22000 5284 -11941 3504 -15485 END
START -8052 -21640 5416 -12141 3646 -16169 END
START -7712 -20588 6248 -12293 3090 -16983 END
START -7280 -19388 6552 -12896 1439 -17090 END
START -6620 -18564 5124 -14295 1038 -16814 END
START -6012 -18280 4012 -15252 1581 -16481 END
START -5508 -16816 3744 -14963 2515 -16581 END
START -4296 -16212 3068 -15267 1395 -15404 END
START -3264 -14920 2144 -14648 550 -14242 END
START -2688 -14656 -144 -14837 764 -12798 END
START -2696 -14016 -1288 -14376 2355 -11946 END
START -2160 -13232 -1556 -14547 3303 -11409 END
START -2040 -12084 -2080 -13572 3061 -10737 END
START -1180 -10284 -3036 -12562 4325 -9220 END
START -636 -8924 -3684 -12909 5934 -7863 END
START -476 -6536 -3092 -13672 6550 -6069 END
START -276 -5472 -4252 -12142 6858 -3831 END
START 24 -3840 -4684 -9440 6944 -2732 END
START 680 -1796 -4380 -7188 7138 -797 END
START 1448 -1508 -6076 -7889 7499 1979 END
START 1084 -1596 -7424 -7855 9254 4359 END
START 944 -1892 -7028 -4622 9565 6214 END
START 928 -2552 -6976 -264 8478 7274 END
START 1064 -3012 -7848 2832 7605 9371 END
START 192 -3612 -8324 4044 9191 11635 END
START -1476 -4896 -6744 5050 11614 13212 END
START -1468 -5752 -4792 5815 12081 14791 END
START -1888 -7416 -3004 6809 10024 16279 END
START -3012 -9204 -1808 10107 7036 15493 END
START -4912 -9948 -880 16027 3480 13786 END
START -5212 -9364 -456 23976 2736 16922 END
START -4120 -10868 980 24657 4457 19445 END
START -5220 -12312 2592 17325 9200 22604 END
START -8312 -16184 3984 9952 14097 23785 END
START -10456 -19316 7240 10243 13857 23038 END
START -10324 -22712 9288 16445 8381 19503 END
START -9160 -22320 8592 19482 5690 16698 END
START -8032 -20308 8480 16184 7874 15743 END
START -8800 -20008 8780 9253 9596 16587 END
START -9080 -22568 7400 6427 8229 15840 END
START -8328 -25192 6752 11872 6002 11856 END
START -6576 -23976 7256 15394 4053 8160 END
START -5440 -23344 7240 13339 3179 7498 END
START -5592 -24164 6208 8177 3751 7932 END
START -5680 -25776 6756 2899 5502 7155 END
START -6692 -28124 9380 1218 4476 5054 END
START -7172 -28484 10092 1712 707 1136 END
START -6728 -26608 9388 198 -1586 -2055 END
START -6240 -24612 9168 -2567 -1731 -4823 END
START -5876 -22468 9292 -4738 -2006 -6930 END
START -5608 -20704 10728 -5144 -3965 -8790 END
START -5324 -19496 11924 -3165 -7063 -10797 END
START -5028 -17644 12160 -3387 -10441 -11397 END
START -4376 -16664 11188 -6557 -11567 -11214 END
START -4360 -16348 11888 -8448 -12536 -11135 END
START -4452 -15176 12600 -8059 -15895 -11389 END
START -4452 -14524 12748 -7152 -19129 -10728 END
START -4864 -13768 13032 -7943 -21100 -9177 END
START -4952 -13464 13124 -11384 -22108 -7817 END
START -5444 -13116 13264 -12628 -23981 -7133 END
START -6860 -12520 13472 -12216 -27449 -6503 END
START -8508 -12548 12620 -11127 -31458 -6217 END
START -9680 -10808 9568 -13734 -32768 -5132 END
START -10424 -10260 6656 -18154 -32768 -3578 END