START -2816 -24980 2656 -2241 4000 -4386 END
START -3080 -25052 4864 -1403 3089 -6999 END
START -3360 -23868 7924 -146 1310 -10370 END
START -3380 -20836 10428 -1450 -2444 -12429 END
START -2740 -19140 11428 -2755 -6399 -13620 END
START -1588 -15536 10240 -3039 -10210 -13752 END
START -304 -12320 8204 -4195 -12203 -12081 END
START 144 -10240 6656 -5970 -14135 -10305 END
START 264 -9568 4436 -6424 -15731 -8134 END
START 108 -9316 2260 -5423 -16556 -6650 END
START -224 -8996 396 -4436 -16784 -5247 END
START -600 -8612 -16 -3201 -16180 -4234 END
START -364 -7756 120 -2413 -15981 -2330 END
START -176 -7280 192 -1443 -16157 -427 END
START -264 -7052 -516 -1313 -16249 2077 END
START -944 -7796 -1620 -298 -16247 4257 END
START -1172 -8132 -2388 889 -15655 5972 END
START -2072 -8876 -2232 2109 -14965 7851 END
START -3276 -10060 -2920 1715 -15009 9974 END
START -3756 -11792 -4856 1906 -13215 11148 END
START -4704 -11780 -5312 2626 -10674 11643 END
START -5516 -12340 -4900 4328 -8966 12096 END
START -6392 -12964 -5512 6333 -7781 12825 END
START -6956 -13328 -4372 7573 -5822 13315 END
START -7632 -13412 -3160 8813 -4692 13871 END
START -8244 -14284 -3484 9092 -4080 14826 END
START -8936 -16336 -4728 8977 -2212 14996 END
START -9956 -16780 -5260 9035 769 14555 END
START -10724 -17592 -3832 8043 3349 13856 END
START -11228 -17444 -2620 8866 4656 13393 END
START -11532 -18944 -3932 8559 6033 13102 END
START -12492 -20968 -3684 9832 8430 11159 END
START -12668 -21360 -2780 9679 10415 8914 END
START -11864 -22124 -1540 9500 11841 6946 END
START -11720 -22920 1000 9071 12441 4957 END
START -11352 -23912 3312 7496 12044 2910 END
START -11024 -25028 4064 4383 11347 918 END
START -10544 -25948 4656 1950 10759 -1924 END
START -9724 -25372 4576 372 9929 -4608 END
START -8932 -24236 4592 -487 8499 -7251 END
START -8328 -22640 4012 -2303 8124 -9156 END
START -7332 -21232 3788 -4673 8260 -10662 END
START -7436 -20056 3948 -5684 7186 -11872 END
START -7592 -19948 3400 -5386 5992 -13149 END
START -7408 -18656 2428 -5847 6383 -14681 END
START -6652 -16976 2928 -6240 6619 -15759 END
START -6216 -15136 3404 -4648 5486 -16271 END
START -5336 -13080 4008 -3204 4594 -16617 END
START -4692 -10224 4868 -2814 3204 -15643 END
START -3792 -8684 4648 -2916 2188 -13898 END
START -3060 -7052 4504 -1932 477 -12105 END
START -1924 -5672 3356 -1838 -847 -9533 END
START -1228 -4652 1884 -1376 -1230 -6818 END
START -540 -3752 880 -1108 -1217 -3805 END
START -644 -3088 436 -64 -900 -803 END
START -1016 -3052 -60 1452 -1750 2753 END
START -1828 -4320 -328 4286 -2351 6083 END
START -2856 -6372 -1140 5890 -2289 8815 END
START -4092 -8332 -1680 7702 -840 10592 END
START -5536 -10344 -2316 9243 -76 11935 END
START -6144 -12624 -2996 10299 1207 12735 END
START -6636 -14136 -4128 9818 3951 13124 END
START -6724 -14512 -5980 7617 7337 14170 END
START -6992 -14616 -9620 7182 11505 15423 END
START -7484 -15560 -10252 11030 15685 16164 END
START -10944 -18856 -6348 16703 17944 16174 END
START -14588 -25328 -1448 15164 18652 14247 END
START -17196 -30408 3232 10837 20269 8879 END
START -18604 -32768 8144 5994 20931 1841 END
START -15656 -32204 11308 5215 17718 -5259 END