START -3616 -25156 6068 -2144 -3635 -11105 END
START -3212 -22948 7008 -4818 -4585 -13246 END
START -2632 -20388 6544 -6498 -5828 -14258 END
START -2200 -17528 6248 -6625 -7748 -14955 END
START -1452 -14440 5744 -5372 -10074 -14859 END
START -772 -11740 4940 -5822 -11934 -13849 END
START -408 -10148 4440 -5741 -13290 -12406 END
START -192 -8576 2752 -5929 -14347 -10663 END
START 92 -7512 540 -5816 -14154 -8312 END
START 24 -7272 -844 -5549 -13299 -6521 END
START 248 -6940 -884 -3543 -12252 -5248 END
START 284 -5760 104 -1537 -12803 -3424 END
START 656 -5156 516 235 -13903 -1250 END
START 536 -4884 112 1226 -14270 2191 END
START 232 -5548 -1012 2014 -14088 4953 END
START -892 -6640 -2552 2329 -13642 7645 END
START -1600 -7784 -4308 3621 -12550 9379 END
START -2388 -8152 -5852 5835 -10107 10766 END
START -3716 -9688 -6000 6654 -7446 12387 END
START -5472 -12560 -5332 8201 -5298 13382 END
START -6732 -15080 -4912 11407 -4504 13377 END
START -6776 -16976 -4284 14059 -3102 12745 END
START -7220 -18396 -4772 12985 -1036 12578 END
START -7372 -20088 -5532 11166 2040 12439 END
START -8040 -21784 -5120 10257 5308 11282 END
START -8032 -23148 -3884 12000 6803 9944 END
START -7628 -23256 -2760 11792 7909 8582 END
START -7172 -24076 -1748 8206 9475 7761 END
START -6716 -24792 -532 4511 11425 6815 END
START -6544 -25860 1464 3742 11720 4521 END
START -6048 -26632 2996 3084 10573 2470 END
START -5332 -27092 3944 1299 9748 93 END
START -4240 -27452 4520 -2799 9070 -1997 END
START -3748 -27856 3968 -4530 8406 -4801 END
START -3292 -27004 3396 -3924 7769 -8044 END
START -3256 -24796 4324 -4739 7805 -10510 END
START -3588 -23076 5680 -5963 7217 -12297 END
START -3452 -20192 6500 -5626 5577 -13860 END
START -2880 -17160 6164 -5672 4229 -14694 END
START -2732 -14476 5928 -5946 2712 -14413 END
START -2364 -12868 4432 -5768 1545 -13762 END
START -2132 -10992 3096 -4058 1369 -13174 END
START -1772 -8480 3132 -3081 1065 -12087 END
START -1212 -6624 3604 -2771 33 -9634 END
START -672 -5456 3104 -1622 -1105 -6958 END
START -600 -5172 1564 -619 -1658 -4265 END
START -804 -4780 688 177 -1314 -2009 END
START -876 -4828 1148 1310 -1929 802 END
START -1092 -5280 836 3294 -2755 3340 END
START -1352 -6668 -1440 3932 -2726 6000 END
START -2136 -8456 -3048 3909 -346 7755 END
START -2900 -9992 -3000 4947 1840 9117 END
START -3876 -11944 -2204 8510 2517 10014 END
START -3996 -13488 -1772 11101 3194 10767 END
START -4176 -15504 -1904 10477 4954 11283 END
START -4936 -17632 -1724 8962 7118 11877 END
START -5524 -20296 -1892 7078 8833 11759 END
START -5568 -21588 -2988 4168 10833 11703 END
START -6340 -23816 -2968 1133 13143 11379 END
START -7884 -27312 -1896 3145 12931 9363 END
START -8560 -29456 -2252 3808 13153 5963 END
START -8628 -30336 -1536 2086 15126 1741 END
START -8300 -29364 -552 321 17601 -2384 END
START -7328 -28176 464 -1496 19206 -5809 END
START -6588 -26148 2832 -1943 19827 -9285 END
START -5944 -23960 4900 -163 19179 -12603 END