START -1548 -24432 -236 3591 7106 4350 END
START -1984 -27956 1864 2631 5850 909 END
START -2072 -30576 4040 797 3816 -2640 END
START -2040 -31432 5876 -1300 2048 -6602 END
START -1304 -29028 6792 -3814 -707 -10530 END
START -780 -25080 6732 -4566 -3141 -13258 END
START -416 -19296 5848 -4561 -6094 -13712 END
START -80 -15420 5160 -4508 -8925 -12797 END
START 132 -11588 4020 -4655 -10654 -11030 END
START 104 -8480 2868 -5748 -11144 -9091 END
START -24 -5940 2496 -5774 -11012 -6592 END
START -308 -4268 2308 -4804 -11883 -3069 END
START -688 -2436 1452 -3327 -13125 697 END
START -1468 -2368 -44 -1583 -12584 5150 END
START -2516 -3796 -1440 478 -11926 8780 END
START -3500 -5056 -1820 2873 -10043 10734 END
START -4380 -5748 -1172 3768 -8565 13434 END
START -5760 -8208 -1656 3246 -7509 15767 END
START -7168 -11016 -3852 2626 -6470 17757 END
START -8116 -13656 -7252 4535 -3654 18020 END
START -8732 -13816 -8720 5079 412 18176 END
START -10104 -14888 -10292 3243 3879 19444 END
START -11448 -16996 -11508 3400 7796 19617 END
START -12916 -20368 -10208 7518 10646 18322 END
START -14304 -23836 -6976 15923 11595 15078 END
START -14068 -25780 -3720 14964 11866 12208 END
START -13192 -27804 -1592 7333 14150 9590 END
START -13444 -30160 380 154 16134 5475 END
START -12796 -31884 2076 712 14618 767 END
START -10700 -30240 2464 2672 12218 -3794 END
START -8856 -27904 2628 1289 11806 -7828 END
START -7728 -25464 3376 -1059 11641 -11244 END
START -7496 -23040 4416 -1165 10512 -13646 END
START -7332 -20680 5140 -922 9081 -16031 END
START -7012 -18248 6160 -1773 7390 -17582 END
START -6316 -16228 4936 -2269 6095 -18070 END
START -5836 -14348 4892 -2803 5379 -18576 END
START -5520 -12864 6012 -2142 3952 -18740 END
START -4912 -11000 6024 -1651 1491 -17943 END
START -3708 -8268 5468 -1837 -601 -16160 END
START -2800 -6080 3908 -2771 -2167 -13272 END
START -1900 -5036 2680 -2918 -2646 -10417 END
START -1660 -4656 2368 -1313 -3165 -7654 END
START -1548 -3468 2460 269 -4836 -4627 END
START -1472 -3308 972 629 -6629 -395 END
START -1544 -3692 -1304 1719 -7313 4090 END
START -1456 -5388 -3252 3550 -6202 6723 END
START -1624 -6132 -3768 5589 -4889 9540 END
START -2392 -6824 -4052 5962 -4177 12678 END
START -3160 -9628 -6584 5116 -3081 16827 END
START -4040 -11896 -7060 5953 -1504 19133 END
START -3784 -12892 -9612 4332 47 21485 END
START -5796 -12452 -11580 1250 2755 24673 END
START -9384 -17436 -13616 4363 5674 25287 END
START -12728 -19640 -14312 10499 10938 21493 END
START -14704 -20392 -13328 11744 18203 18637 END
START -19312 -22464 -8676 10129 28286 15856 END
START -21324 -24060 -3560 850 32767 12842 END
START -20748 -25800 -1348 -4411 32767 9473 END
START -20660 -29456 60 1331 32767 2032 END
START -19152 -26308 1184 9334 32767 -7769 END
START -15800 -22280 4300 10510 26039 -12709 END