START -1492 -9272 9632 -2366 -9338 -11907 END
START -556 -6520 8556 -3615 -11859 -8979 END
START -512 -6440 7292 -3573 -13926 -5813 END
START -880 -5980 5880 -2096 -15694 -3712 END
START -996 -5216 4852 -1166 -17063 -1618 END
START -1132 -3740 3460 -1841 -17397 1506 END
START -1916 -3576 1788 -2749 -17359 4758 END
START -2988 -4668 -196 -884 -17639 7844 END
START -3928 -5972 -1664 2629 -16811 9843 END
START -4488 -7128 -2920 3780 -15389 12148 END
START -5076 -8932 -4728 3657 -13206 14361 END
START -6364 -11432 -6756 4117 -9790 15757 END
START -7836 -13928 -5860 6158 -6677 15815 END
START -9092 -15508 -4060 8835 -5183 15752 END
START -9368 -16900 -3948 9778 -4251 15576 END
START -9940 -18016 -4464 8577 -1905 15682 END
START -10776 -19700 -3100 6911 1418 14541 END
START -11340 -20044 -920 5247 1994 13634 END
START -11656 -20680 -1492 4887 2241 13095 END
START -11844 -21032 -2016 3557 4288 12074 END
START -12496 -22332 -2724 2384 6317 10301 END
START -12344 -22792 -2080 3355 7274 7524 END
START -11416 -21744 -1688 4537 8448 5062 END
START -10476 -19956 -1072 3657 10196 3285 END
START -9692 -18788 564 2072 11132 2361 END
START -9836 -19160 1816 1388 11304 1701 END
START -10072 -19716 2980 1689 10936 55 END
START -9484 -20668 3716 1528 10235 -1454 END
START -8908 -21164 4100 753 9489 -2941 END
START -8156 -21584 3476 -1509 8739 -4552 END
START -7516 -21816 3100 -2828 8506 -6296 END
START -7168 -20812 3312 -3659 7794 -7674 END
START -7460 -20276 3128 -4346 7448 -8685 END
START -7828 -20228 2716 -4907 7044 -9858 END
START -8200 -19860 2684 -3824 6687 -11210 END
START -7796 -18828 3600 -3338 5894 -12584 END
START -6984 -17584 3688 -3675 4467 -13350 END
START -6536 -16572 3828 -3115 3481 -13978 END
START -6072 -15372 4064 -2506 2575 -14447 END
START -5364 -13300 3968 -2831 2035 -14871 END
START -4300 -11340 3976 -3344 913 -14236 END
START -3608 -10008 4096 -1913 -553 -13366 END
START -2792 -8488 3692 -1241 -2189 -12018 END
START -2112 -7212 2996 -1459 -2790 -10212 END
START -1840 -6304 2400 -1249 -3927 -8058 END
START -1644 -6188 1584 98 -4575 -6039 END
START -1264 -5652 1372 1473 -5030 -3972 END
START -964 -5180 1572 2942 -5617 -1534 END
START -952 -4656 956 3707 -6514 1713 END
START -944 -4636 -812 3566 -6296 5537 END
START -1148 -5392 -2324 3762 -5182 9289 END
START -1972 -6900 -4620 4244 -3975 12710 END
START -3668 -8708 -6808 5866 -1980 15284 END
START -5268 -10948 -6900 8101 997 16709 END
START -7752 -13944 -5784 9347 3294 17494 END
START -9408 -16152 -4992 9171 5462 17555 END
START -10600 -17252 -4160 7876 7842 17328 END
START -11860 -17732 -4100 6455 9674 17120 END
START -14132 -20852 -3200 7826 11580 15709 END
START -14688 -23468 -2080 10351 12351 12974 END
START -14620 -24148 -812 10384 13121 9722 END
START -13392 -23896 -1380 6079 14669 7333 END
START -11980 -22124 -2980 967 17236 5870 END
START -11612 -21508 -4568 -3177 20504 5085 END
START -13216 -23116 -2300 1795 21159 2657 END
START -14432 -24268 1164 7277 19177 -1018 END
START -13940 -23116 4008 7772 17664 -5296 END