START 1276 -17292 7508 -187 -3000 -3084 END
START 1560 -16064 7984 -230 -5166 -2956 END
START 1732 -14532 7612 -957 -6755 -2505 END
START 1784 -12352 7840 -2360 -8602 -1504 END
START 1756 -10728 8068 -2223 -10154 -48 END
START 672 -8276 8308 -1464 -11885 1900 END
START -764 -6496 8004 -2188 -13887 5235 END
START -2616 -6556 6284 -2192 -15580 8623 END
START -4568 -8192 1460 -1824 -16819 11671 END
START -5916 -9388 -3672 -716 -14924 13006 END
START -7072 -9244 -5344 -1170 -10379 14366 END
START -7932 -10496 -6584 -1340 -7839 16299 END
START -8144 -12752 -9440 938 -5416 17465 END
START -8792 -14696 -11152 5323 -2068 17654 END
START -9796 -17428 -10716 8181 2624 17204 END
START -11492 -21232 -8632 7850 7439 15577 END
START -11184 -23072 -6356 5524 11050 14136 END
START -10840 -25764 -3716 7067 13633 11185 END
START -10720 -27884 1872 11693 14865 6494 END
START -9676 -29536 7552 9094 14527 2295 END
START -8484 -31496 11820 3769 12320 -2263 END
START -6036 -30688 10932 -157 8544 -5907 END
START -3608 -28588 7708 -2190 7331 -10020 END
START -3096 -26148 7492 -2364 6239 -13513 END
START -3320 -23744 7176 -2995 3820 -16086 END
START -3308 -21252 6380 -4709 2928 -17784 END
START -3256 -18700 5792 -6594 2497 -18566 END
START -3848 -16364 6548 -5417 1071 -18761 END
START -4372 -14920 7220 -3912 -886 -18728 END
START -4588 -12252 7512 -4229 -2874 -17691 END
START -4336 -10280 5816 -5496 -3748 -16133 END
START -3840 -8032 5112 -6036 -4564 -14368 END
START -3552 -6160 4396 -4228 -6116 -12017 END
START -2156 -2916 3508 -2664 -6228 -8746 END
START -2220 -1820 2768 -3654 -6600 -4218 END
START -2516 -2784 3360 -1637 -8416 -587 END
START -2128 -3108 1752 1143 -10152 2949 END
START -1532 -3264 -1308 1029 -8672 6940 END
START -1972 -5116 -4044 169 -6063 10093 END
START -2176 -6632 -4572 1880 -3431 11924 END
START -2676 -6368 -3736 5871 -2360 14970 END
START -4172 -8024 -4244 7401 -2345 19064 END
START -5880 -13624 -7736 7823 -77 20982 END
START -7572 -16404 -9516 7289 4956 20309 END
START -9232 -17392 -11644 5004 9290 21056 END
START -11396 -21016 -12156 4850 12550 21788 END
START -13752 -25200 -10588 9676 16044 19559 END
START -15596 -29028 -8884 13047 21898 13185 END
START -16740 -29860 -5160 11373 28362 6338 END
START -19112 -32768 512 8739 31786 217 END