START -12896 -32768 14552 2811 6579 -489 END
START -12504 -32768 12408 -6118 4777 -4928 END
START -11444 -32768 8188 -9082 3092 -10017 END
START -11264 -32484 6332 -11768 2997 -14583 END
START -10628 -30296 6216 -13808 4420 -17946 END
START -10604 -27740 7892 -13941 5149 -20538 END
START -10416 -24940 9556 -14607 3146 -22791 END
START -9036 -21224 9508 -17333 2329 -22151 END
START -8304 -18916 8936 -21250 2147 -20801 END
START -8064 -17432 7160 -22185 2567 -20092 END
START -7428 -16552 5792 -20393 3358 -20553 END
START -6536 -14204 5444 -18386 2387 -20046 END
START -5632 -13196 4668 -19325 1959 -17863 END
START -4828 -12388 3052 -18891 3120 -15513 END
START -3724 -11080 996 -18943 3860 -13962 END
START -2800 -9684 -576 -16391 4472 -12696 END
START -1844 -8420 -2468 -12207 5414 -12102 END
START -900 -7316 -3452 -10845 5782 -10659 END
START -724 -6876 -3860 -9758 6971 -9499 END
START -844 -5828 -3260 -7240 7380 -8566 END
START -56 -4732 -3364 -5246 7921 -7325 END
START 1192 -3364 -3232 -6850 8242 -5006 END
START 1144 -3792 -3784 -7478 7562 -2643 END
START 1432 -3144 -3748 -4212 6726 -1553 END
START 1796 -2216 -4148 -2414 5873 35 END
START 2756 -2156 -4416 -2874 5659 2037 END
START 2968 -2940 -4568 -3849 5388 4046 END
START 3384 -3804 -4788 -1619 5257 5593 END
START 2800 -3012 -3432 224 5058 6571 END
START 2284 -2556 -2088 -1041 4305 9575 END
START 1244 -4096 -968 -1445 3333 12696 END
START -512 -5892 -420 1829 1513 13903 END