START -4496 -19140 5588 -6187 -6330 7087 END
START -4144 -22892 4444 -4264 -6795 6300 END
START -3704 -25188 2360 -3767 -3524 2250 END
START -4560 -27892 3248 -8935 -769 -2891 END
START -5444 -32768 3444 -7786 1457 -8965 END
START -6092 -32768 4028 -4028 1469 -15432 END
START -5944 -30676 3432 -3193 166 -18472 END
START -5108 -29732 2536 -4046 1126 -22044 END
START -5908 -25544 3048 -4440 1514 -25094 END
START -6100 -22904 4308 -4923 166 -26735 END
START -5780 -19116 4348 -4130 -1112 -25981 END
START -4760 -16520 3272 -5554 -804 -25757 END
START -2652 -13816 3504 -6827 358 -25135 END
START -2972 -11124 2528 -6617 -1106 -23613 END
START -1488 -8612 1880 -5505 -1431 -21395 END
START -292 -6588 420 -5672 -1203 -18061 END
START 856 -6276 -940 -6159 -453 -15759 END
START 1532 -5768 -1500 -4677 796 -13259 END
START 1944 -4172 -2356 -4253 1020 -10662 END
START 2444 -3396 -4048 -4913 2517 -7585 END
START 2732 -3584 -5008 -5235 4349 -5304 END
START 2564 -2980 -4892 -3862 5134 -2036 END
START 2440 -2448 -5264 -3672 5963 655 END
START 2472 -2100 -4764 -5658 6729 3718 END
START 1704 -3400 -3936 -4579 6930 6551 END
START 464 -3404 -3320 -2293 6907 9240 END
START -516 -3448 -2520 -2108 7574 12099 END
START -2212 -4324 -1964 -3569 8091 14968 END
START -3008 -6264 -1652 -5921 8069 17536 END
START -3552 -8684 -1536 -4985 8037 20561 END
START -3700 -10100 -1532 -2796 8351 22757 END
START -5092 -11364 -704 1653 9332 24368 END
START -5148 -12032 -720 2960 9324 26811 END
START -4748 -15756 -860 2341 10477 28769 END
START -5308 -19184 536 4484 11254 29201 END
START -7052 -22316 2784 5724 11243 28899 END
START -7556 -24896 4540 3610 9721 27356 END
START -6096 -27676 4404 2184 8568 26207 END
START -5548 -28336 4104 2617 8702 23779 END
START -6952 -30084 5856 2272 9186 20441 END
START -8292 -31560 7592 1853 6792 16200 END
START -5804 -31836 6996 -276 3287 12450 END
START -4440 -32232 5408 -1442 2023 8000 END
START -4824 -31916 5360 591 2269 3302 END
START -6020 -29028 5832 386 1099 -1646 END
START -6252 -25776 6424 -573 -546 -5492 END
START -5844 -22368 7512 -705 -1773 -7799 END
START -5456 -20392 7316 -584 -3528 -8762 END
START -5244 -19116 7144 -2089 -5489 -9276 END
START -5856 -20452 7108 -3835 -7248 -10070 END
START -6340 -21696 6884 -2741 -8677 -11873 END
START -6412 -21140 6700 -1575 -10485 -13395 END
START -6324 -21832 6496 -974 -11597 -15062 END
START -6464 -21568 7076 -1291 -12817 -16789 END
START -7400 -20332 8188 -1019 -14435 -17511 END
START -7764 -17876 8316 -1627 -16497 -18214 END
START -8220 -15732 8944 -3674 -17697 -17809 END
START -8964 -15828 10004 -3464 -19339 -17347 END
START -10424 -13876 10476 -1427 -23688 -17832 END
START -9448 -9544 10128 -740 -27668 -15509 END
START -9796 -4868 9064 -6969 -31409 -12547 END
START -9900 -5068 5328 -12334 -32768 -8715 END
START -10884 -7032 208 -10080 -32768 -6871 END
START -10432 -6760 -5116 -6631 -32768 -4826 END
START -7776 -7112 -9468 -6095 -32768 -2861 END