START -3024 -21756 4436 -1181 -1002 -15104 END
START -2276 -19068 4748 -1662 -1165 -15675 END
START -2048 -17372 6284 -1904 -2134 -16361 END
START -1848 -14536 7804 -1381 -4836 -16410 END
START -1104 -12644 7840 -1727 -7108 -14839 END
START -84 -11132 7604 -1637 -9050 -13570 END
START 72 -9676 7392 -1203 -11171 -12029 END
START 480 -7360 6944 -377 -13085 -9820 END
START 868 -6084 6072 -2498 -14679 -6782 END
START 564 -5844 5220 -2234 -15712 -4320 END
START -32 -5496 3984 -1127 -17149 -1859 END
START -400 -5448 2280 -868 -18270 798 END
START -656 -6068 776 -241 -18575 3443 END
START -520 -7048 -1084 988 -17178 5567 END
START -712 -6628 -1300 1651 -15168 7542 END
START -1736 -7220 -1540 1537 -15367 10384 END
START -2948 -9324 -3228 3362 -15232 12913 END
START -3656 -11348 -5168 4903 -12975 14041 END
START -4376 -12896 -6024 5414 -9846 15036 END
START -5656 -14100 -5280 7592 -6757 14885 END
START -6348 -14132 -3580 8647 -4851 14878 END
START -7020 -14204 -2424 9885 -3795 15425 END
START -7872 -15812 -2004 11951 -3473 16575 END
START -8628 -17180 -2892 11737 -1661 16726 END
START -9076 -18396 -3656 10023 1176 16182 END
START -9708 -18340 -2892 9363 3816 15847 END
START -10356 -18856 -3248 8163 5417 15894 END
START -10484 -18920 -4416 5429 8316 15011 END
START -11140 -19208 -3672 4341 12253 13374 END
START -13472 -20824 -1596 6533 12807 12790 END
START -14044 -22724 -532 6996 12477 11233 END
START -14204 -23796 1364 7605 12962 7998 END
START -14012 -23744 2248 5487 14174 4533 END
START -14060 -23876 2932 2731 15083 1410 END
START -13708 -24656 4720 4703 14100 -1963 END
START -12180 -23604 5120 6880 12390 -5142 END
START -10832 -22708 5308 5206 12302 -8059 END
START -9484 -22220 6232 2506 12484 -10937 END
START -8588 -21608 6944 -306 11393 -12922 END
START -7948 -20916 7016 -1320 9557 -14676 END
START -7360 -19904 6152 -2480 8056 -16013 END
START -7148 -19304 6048 -4099 8278 -17506 END
START -7416 -18184 7280 -4140 7245 -18761 END
START -6732 -16720 6932 -3582 4663 -19216 END
START -5912 -15304 6740 -3576 2909 -19351 END
START -5380 -13384 6328 -4913 1556 -18696 END
START -4712 -12644 4928 -4837 401 -18004 END
START -3608 -10736 4308 -4097 -320 -17299 END
START -3052 -8460 4264 -3375 -1677 -15907 END
START -2320 -7100 4012 -3154 -3250 -13138 END
START -1580 -5944 3408 -2309 -4470 -10460 END
START -268 -4568 2672 -2382 -5062 -7476 END
START 20 -4280 856 -3209 -4700 -4328 END
START 256 -4212 560 -2165 -4716 -1017 END
START 504 -4060 248 743 -6226 2388 END
START 576 -4244 -1300 2102 -6859 6413 END
START 344 -5056 -2612 2322 -5029 9689 END
START -652 -6128 -3268 2679 -2924 12867 END
START -1984 -7344 -2456 4783 -2034 15709 END
START -3888 -10468 -2908 7926 -2583 18267 END
START -5468 -14516 -5588 8703 -1398 19218 END
START -6628 -17008 -8016 8302 2733 18480 END
START -6896 -17388 -9392 6662 7328 17701 END
START -7544 -17908 -10152 3921 10758 18131 END
START -8884 -19256 -10480 6261 14068 18074 END
START -11624 -20056 -8940 7796 17661 16873 END
START -13956 -20716 -6540 7498 19360 15939 END
START -17416 -25996 -1204 10474 21191 12113 END
START -18964 -27900 2276 9009 21079 6984 END
START -17972 -28876 2104 4001 20953 1316 END
START -15296 -26056 588 -162 23464 -3769 END