START -3528 -28840 3864 13369 -13920 16515 END
START -6540 -30944 -40 13953 -11704 9945 END
START -8096 -32768 -2368 3489 -6489 7755 END
START -10492 -32768 -4016 -4249 -1924 3789 END
START -12568 -32768 -4784 -5390 -166 -3630 END
START -13340 -32768 -4372 -5851 1509 -11320 END
START -11416 -32416 -2556 -9372 4657 -14857 END
START -10160 -27948 -280 -14072 7093 -15253 END
START -10228 -25084 -100 -19029 7592 -13615 END
START -9976 -23684 -1064 -19934 7916 -13873 END
START -9840 -21728 -1696 -19849 8893 -14703 END
START -8920 -20144 -1084 -19955 9476 -15119 END
START -7320 -17684 -200 -19552 9087 -15018 END
START -5496 -15216 -184 -18623 8538 -14174 END
START -4240 -12956 -844 -18613 8881 -12611 END
START -3456 -10952 -2384 -19657 9901 -9706 END
START -3248 -9276 -4068 -20613 11434 -7123 END
START -2652 -8756 -5304 -18691 13305 -5840 END
START -2016 -7824 -4908 -14100 13378 -5944 END
START -1280 -5368 -5096 -10578 13143 -3413 END
START -1700 -4560 -6040 -10791 13138 -830 END
START -1988 -4444 -6160 -9036 13324 786 END
START -2220 -3720 -4756 -4537 12600 201 END
START -1684 -2572 -4696 -761 9929 799 END
START -1044 -2140 -5184 1606 8664 1207 END
START -640 -1704 -4952 1691 8446 2159 END
START -64 -1756 -4328 880 7675 4073 END
START 376 -2732 -3884 2060 6031 4405 END
START 1012 -2200 -3080 4209 3734 4828 END
START 412 -2608 -3068 4052 1835 6692 END
START -1508 -3476 -2796 4705 1049 8190 END
START -2860 -5428 -2012 5694 228 8266 END
START -2388 -5820 -1612 8161 -732 7081 END
START -2544 -5372 -2216 10381 -2002 8466 END
START -3040 -6280 -3696 12367 -2179 9953 END
START -3400 -7648 -4140 15449 -214 10476 END
START -1224 -9044 -2216 19131 797 10740 END
START -1932 -9056 -288 17901 912 14889 END
START -5440 -13252 -788 13998 1657 20097 END
START -7556 -17020 -816 16106 2942 19773 END
START -7948 -19664 -1140 20079 2240 18957 END
START -8024 -22720 -180 22880 3390 17351 END
START -7536 -22264 2756 22821 6298 16281 END
START -6392 -22692 4480 17127 6940 18785 END
START -6784 -28832 2164 12340 5788 19995 END
START -8296 -31680 3420 12271 6406 15539 END
START -8712 -31232 5152 9186 6369 12888 END
START -7588 -31004 5804 5502 4454 10509 END
START -6136 -30020 3840 3390 2421 7804 END
START -5120 -27760 1664 1796 1946 5259 END
START -4328 -24864 280 -54 2799 3202 END
START -4448 -23472 1524 -1223 3706 1588 END
START -5264 -23476 3296 -529 3384 -504 END
START -6456 -24052 5552 446 2150 -3465 END
START -6488 -23304 6900 -328 717 -6518 END
START -5628 -21112 7288 -2101 -834 -7696 END
START -4964 -20636 7452 -4116 -2762 -7882 END
START -4876 -20852 7948 -4148 -4165 -9560 END
START -4836 -19488 8592 -4141 -6738 -10757 END
START -4348 -18680 8888 -5049 -9718 -10901 END
START -4316 -19080 9220 -5242 -12428 -11822 END
START -4724 -19244 10296 -4955 -14585 -12710 END
START -5340 -18420 11288 -5267 -17589 -13172 END
START -5196 -16828 11196 -8281 -20124 -12416 END
START -5688 -16156 11204 -11579 -21308 -11679 END
START -6368 -14100 11420 -14883 -23005 -10335 END
START -7528 -13096 9784 -16783 -26087 -8504 END
START -8604 -13056 6336 -14984 -28968 -8148 END
START -8924 -12636 4336 -10791 -30499 -8378 END
START -9292 -10736 2912 -9390 -30190 -7670 END
START -8756 -8172 1196 -14854 -27040 -5243 END
START -9804 -7584 -2016 -19532 -24875 -2337 END