START -12620 -29816 -356 4717 1295 1967 END
START -12536 -32324 -176 -4272 5213 -911 END
START -13280 -32564 -1128 -8787 6030 -4707 END
START -13992 -31712 -3884 -9388 8212 -8952 END
START -13760 -30560 -5328 -9530 10531 -13012 END
START -14160 -29400 -4796 -12043 11571 -15827 END
START -14108 -28192 -3684 -14528 12312 -17572 END
START -13800 -26148 -2004 -15510 12430 -19611 END
START -13440 -23196 -216 -15890 11999 -20222 END
START -11356 -20572 324 -15811 11997 -20593 END
START -9016 -17240 1564 -15996 11855 -21002 END
START -7728 -13800 2388 -15092 9628 -20651 END
START -6176 -11264 180 -14275 7760 -17294 END
START -3752 -9124 -2224 -14575 9446 -14907 END
START -1796 -6592 -2664 -15001 12263 -13135 END
START -736 -5280 -2976 -14974 13016 -9501 END
START -608 -3956 -2956 -14073 12893 -6341 END
START -972 -3408 -2944 -11645 12073 -3881 END
START -1076 -2884 -2268 -8428 10776 -3027 END
START -548 -1864 -2316 -4575 8631 -1698 END
START 748 -1140 -3048 -1792 7483 -602 END
START 1020 -236 -3036 -2544 7080 901 END
START 1500 -792 -3664 -2062 7219 2416 END
START 2240 -1128 -3404 -1552 5974 3279 END
START 2484 -1624 -3344 -367 3912 3783 END
START 2612 -2152 -4108 1959 1717 4796 END
START 2400 -2972 -4640 2881 576 5743 END
START 1012 -3628 -3588 3441 248 7302 END
START -28 -5312 -3304 3360 -879 8352 END
START -608 -5644 -3740 4494 -1028 8315 END
START -1952 -4648 -3020 7186 -379 8049 END
START -3340 -4928 -2592 9949 -655 9143 END
START -1640 -6344 -2112 14754 72 9676 END
START -1160 -7436 -1308 18406 -493 10668 END
START -1468 -8772 -320 21070 -393 12400 END
START -3640 -9504 -340 21354 1717 14641 END
START -4280 -11348 -1028 18915 4173 19354 END
START -4980 -16076 -216 18963 6296 21971 END
START -6544 -20088 2920 24754 7194 20368 END
START -7028 -20856 5160 24289 6216 20103 END
START -7400 -20964 6944 20045 6090 21684 END
START -8976 -24136 6456 11795 6984 26348 END
START -10612 -30420 7560 6946 7948 25511 END
START -11672 -30320 8800 7932 3935 20800 END
START -10148 -28660 7220 7344 -1814 18054 END
START -9564 -26892 4188 4988 -3993 16964 END
START -11136 -29924 -1084 399 -3524 16683 END
START -12428 -32768 -3340 -111 587 11303 END
START -11664 -32768 -796 2035 2193 4183 END
START -10128 -31164 1012 2187 1261 -678 END
START -9008 -29024 1236 449 2032 -4719 END
START -8336 -26928 2704 -2245 3767 -7964 END
START -8160 -24496 5120 -4771 3952 -10649 END
START -7760 -23296 6868 -5723 1536 -12194 END
START -6900 -22108 7980 -5328 -975 -14036 END
START -5972 -19848 8576 -6063 -2776 -14887 END
START -5724 -19020 8724 -9071 -3608 -14720 END
START -5176 -18940 8600 -10826 -5471 -15367 END
START -5052 -19036 7572 -9445 -8055 -16243 END
START -4600 -18616 6976 -8426 -9616 -17159 END
START -3300 -17884 7340 -9436 -9836 -17262 END
START -1484 -17244 7824 -11416 -8843 -16096 END
START -1408 -16824 10376 -16218 -7993 -14998 END