START -260 -4912 4856 -769 -15663 6838 END
START -1144 -5092 4704 -1515 -17075 10266 END
START -2792 -7040 1596 -796 -18730 13545 END
START -4400 -9120 -1996 595 -18458 15326 END
START -5608 -11692 -5144 2495 -16109 15749 END
START -6468 -13308 -6128 5072 -12806 15831 END
START -7136 -15512 -7188 5778 -9990 15954 END
START -7996 -17388 -5664 8319 -6579 14874 END
START -8472 -17596 -3560 10014 -4710 14217 END
START -8488 -18416 -3492 9210 -3763 14288 END
START -8384 -18560 -4000 6996 -1553 14149 END
START -8832 -19564 -4872 7204 685 13903 END
START -9668 -20420 -5548 8156 2800 13191 END
START -10084 -20788 -4564 7396 5274 12219 END
START -10720 -21400 -3380 5163 7623 11155 END
START -10964 -23236 -2776 4945 8964 9247 END
START -10176 -23384 -2164 5352 9898 7085 END
START -9928 -24112 -1388 4718 11322 4837 END
START -9956 -24476 144 2982 12009 2311 END
START -9228 -25032 1472 1900 12734 -425 END
START -8648 -25444 3148 1722 12228 -3098 END
START -7976 -24632 3924 277 11395 -5596 END
START -7328 -24324 4488 -2152 11074 -7877 END
START -7032 -23312 4552 -3252 9974 -10110 END
START -6332 -21828 4388 -3331 9240 -12438 END
START -6304 -20280 4960 -3862 8392 -14224 END
START -5888 -18780 5052 -4328 7296 -15303 END
START -5228 -16952 4792 -4738 6183 -15902 END
START -5072 -15172 4340 -4238 5242 -16330 END
START -4564 -13228 4812 -3356 4339 -16241 END
START -3872 -11580 4716 -2269 2593 -15282 END
START -3328 -9852 4440 -2339 1328 -14202 END
START -2448 -8576 3448 -2488 629 -12202 END
START -1744 -7000 3048 -2203 130 -10037 END
START -1404 -5480 2780 -1581 -1093 -7454 END
START -1044 -4580 1736 -816 -1906 -4300 END
START -1020 -4524 1636 149 -2277 -1122 END
START -1068 -4804 1728 1490 -3160 1965 END
START -1424 -5240 576 2146 -4273 5035 END
START -1592 -6476 -1580 3163 -3743 7718 END
START -2092 -7748 -3232 3494 -2143 10222 END
START -3012 -9576 -3704 5736 -9 11415 END
START -3884 -10700 -2040 9404 1018 12514 END
START -5416 -12816 -1832 10817 1044 14400 END
START -6728 -16812 -3444 9406 2842 15007 END
START -7728 -19800 -4480 7633 6436 13553 END
START -7944 -20596 -5432 6792 9291 12252 END
START -8388 -21264 -7176 4579 11944 11603 END
START -9124 -23636 -6012 7280 13345 10280 END
START -9740 -25096 -3424 10761 13280 7669 END
START -9716 -25140 -1548 9364 14275 5383 END
START -9820 -24384 -472 3429 16030 4352 END
START -10436 -25088 600 -1060 18428 2748 END
START -11116 -26516 3452 841 19598 -1370 END
START -10888 -25696 7296 5460 17945 -6151 END
START -9304 -23388 10084 5604 15240 -9934 END