START -3180 -24012 8356 -2124 4058 -8087 END
START -4196 -23584 10772 -394 82 -10833 END
START -2820 -21784 11576 -376 -3517 -12986 END
START -1724 -18120 11184 -1937 -6038 -13832 END
START -1040 -15748 10492 -3027 -8826 -14190 END
START -712 -12840 9892 -2644 -12442 -13864 END
START -316 -10052 8408 -2466 -15971 -12189 END
START -304 -8200 6260 -2871 -18151 -9650 END
START 40 -7172 3364 -5442 -18767 -6744 END
START 36 -6676 596 -5927 -17956 -4934 END
START 92 -5692 -744 -3990 -16963 -3153 END
START -136 -4648 -760 -1317 -15897 -934 END
START -780 -3852 112 -205 -15819 2236 END
START -1744 -4624 -632 886 -16268 5715 END
START -2252 -5984 -2248 3480 -16018 8149 END
START -2360 -7348 -2732 6548 -14274 9984 END
START -3028 -7572 -3192 7136 -12764 12386 END
START -3728 -9800 -4784 6483 -10521 14745 END
START -4964 -12400 -5976 8021 -7316 15672 END
START -5792 -14048 -5056 10171 -3626 15765 END
START -7116 -15652 -2316 11431 -1602 16085 END
START -7672 -17964 -2356 11168 -1119 16945 END
START -7848 -19112 -3436 10355 1752 16435 END
START -8356 -18724 -2476 9034 4778 15762 END
START -9472 -20408 -1984 8350 4190 16127 END
START -9704 -22276 -4632 7488 6031 15713 END
START -10312 -25360 -4628 6209 10097 13231 END
START -10492 -26928 -2384 5427 11501 10347 END
START -9952 -27920 -824 4747 11857 7289 END
START -9108 -28184 808 2218 13094 4190 END
START -8680 -28032 2524 -245 13529 900 END
START -8200 -28144 5084 -183 12690 -2764 END
START -7332 -26588 5788 -558 9908 -5787 END
START -6276 -24820 5468 -2010 9123 -8725 END
START -5608 -23008 5852 -4174 8841 -10997 END
START -5560 -21092 6120 -5184 7989 -13108 END
START -5516 -19436 6008 -5519 6592 -14505 END
START -5456 -18156 6124 -4691 5274 -15683 END
START -5140 -16236 5948 -4543 4042 -16439 END
START -4536 -14592 5152 -4412 2829 -16483 END
START -4324 -12924 4772 -3800 1734 -16097 END
START -3968 -11404 4592 -3213 1111 -15517 END
START -3448 -9436 3472 -3539 129 -13856 END
START -2992 -8112 2892 -2848 -252 -12010 END
START -2456 -7332 3336 -397 -1579 -9995 END
START -1768 -5948 2852 1539 -2769 -7497 END
START -1028 -4512 2480 826 -3274 -4272 END
START -1076 -4320 2296 -283 -3927 -238 END
START -1260 -5236 1468 1368 -5062 3461 END
START -1620 -6320 32 3438 -5605 6342 END
START -1784 -7412 -1880 4227 -5059 9331 END
START -2232 -8560 -4060 4594 -2636 11584 END
START -3396 -10560 -5980 5451 -83 13442 END
START -4608 -13284 -7220 8132 2669 14078 END
START -6184 -15988 -6888 10687 6565 13840 END
START -7548 -17928 -5892 9072 10242 13455 END
START -7500 -19084 -5968 4788 13299 13774 END
START -7968 -21132 -7248 2442 17298 13031 END
START -9988 -23336 -5300 3166 20852 11491 END
START -11040 -26188 -3840 4003 22017 8631 END
START -11492 -27092 -2528 4039 23246 5377 END
START -12372 -28760 28 112 26204 1196 END
START -12112 -29796 2272 -5746 29233 -3297 END