START 1100 -5728 2544 2665 -11215 -730 END
START 360 -5612 4212 1382 -12167 2889 END
START -932 -6536 5192 1071 -14384 6176 END
START -2244 -6808 3780 154 -16045 9478 END
START -3532 -8372 1012 -1178 -16122 11993 END
START -5416 -9420 -1168 -1239 -15661 13324 END
START -6592 -12264 -3624 829 -14907 13890 END
START -6380 -12596 -5404 3715 -13010 13893 END
START -5884 -12412 -5456 4493 -9894 14488 END
START -6952 -14088 -6812 4546 -8520 15833 END
START -8120 -17184 -8352 7144 -5866 15599 END
START -8988 -18780 -7016 10266 -2117 14109 END
START -9876 -19644 -3384 10104 -189 13068 END
START -9612 -20216 -2028 8698 304 12505 END
START -9672 -20032 -2060 5985 1564 12642 END
START -10132 -21288 -3232 3371 4021 11996 END
START -10636 -22208 -4680 2590 5888 10458 END
START -10180 -23108 -4684 2985 7918 8356 END
START -9520 -23396 -3380 4698 9659 6042 END
START -9540 -24544 -1016 4554 10307 3706 END
START -9304 -24880 964 1969 10527 1613 END
START -8764 -24928 2004 -1446 10731 -403 END
START -8208 -25024 2664 -1905 10409 -2924 END
START -7596 -24020 2748 -2271 9623 -5384 END
START -7596 -23548 3200 -3302 9462 -7838 END
START -7448 -22248 3884 -3270 8420 -10081 END
START -6724 -20476 3412 -3366 7541 -11965 END
START -5640 -18548 3408 -3428 6932 -13227 END
START -5380 -17124 3908 -3804 6211 -14023 END
START -5256 -15688 4032 -3806 4699 -14201 END
START -4672 -14088 3376 -4086 3915 -13745 END
START -4404 -13324 3056 -4157 3351 -13538 END
START -3956 -12004 3440 -2661 2250 -13362 END
START -3512 -10268 3040 -1165 594 -12531 END
START -2724 -8248 2612 -1244 -607 -10766 END
START -2020 -6788 2060 -1360 -584 -8317 END
START -1380 -5404 1844 -1310 -695 -5816 END
START -1040 -4696 1976 -292 -1085 -3075 END
START -1328 -4492 2228 1147 -2698 -80 END
START -1096 -4692 924 1271 -3968 3383 END
START -1660 -6292 -1064 1852 -4156 6451 END
START -2168 -8072 -3180 3725 -2452 7976 END
START -2868 -8424 -3224 5757 -112 9226 END
START -3716 -9860 -2500 7056 399 11394 END
START -4700 -11960 -2712 8676 1033 12717 END
START -6072 -14988 -3276 9038 2899 12967 END
START -7604 -17744 -3412 8332 6046 12327 END
START -8072 -19184 -3672 6754 8096 11600 END
START -8096 -21252 -3680 6247 9319 10857 END
START -9084 -23920 -3092 7013 10568 9346 END
START -9548 -24888 -1688 6655 11297 6788 END
START -9024 -25140 -1964 3644 11725 5111 END
START -9016 -25896 -2552 1635 13033 3497 END
START -8880 -26256 -2712 198 15080 1631 END
START -9148 -26484 -1152 -837 16216 -1120 END
START -8876 -26196 824 462 15724 -4565 END
START -7680 -23704 1440 116 14915 -7271 END
START -6508 -21312 2392 -1410 14836 -8988 END
START -5504 -19152 3204 -2335 14176 -10106 END
START -4332 -17584 4036 -2128 12648 -10552 END
START -3392 -15720 5080 -1098 11342 -10917 END