START 452 -3168 3564 -2694 -15207 1784 END
START -956 -2584 2672 -672 -16466 6585 END
START -2392 -3720 828 1333 -17182 10307 END
START -3804 -4864 -272 3258 -16425 12783 END
START -5276 -6512 -1396 3286 -15015 15267 END
START -6320 -8836 -3156 4124 -14003 17117 END
START -7252 -11740 -5900 5705 -11723 18290 END
START -7628 -14240 -5904 7818 -8015 17976 END
START -8956 -16528 -4164 8627 -5499 17495 END
START -9736 -20052 -4856 9312 -4427 16673 END
START -9924 -20860 -5220 10463 -1423 14707 END
START -9236 -20124 -4024 9362 2169 13784 END
START -8992 -19748 -2384 7835 3940 13224 END
START -9608 -20924 -2292 7310 4518 13120 END
START -9908 -21784 -1896 6572 5731 12040 END
START -9984 -21900 -1216 4491 7072 10633 END
START -9628 -22352 -1824 3133 8160 9439 END
START -9648 -23340 -1212 3410 9676 7285 END
START -9744 -24836 1316 5588 9608 4325 END
START -8884 -24132 3064 4479 8873 1714 END
START -7864 -23560 3620 655 9327 -28 END
START -7680 -23880 3692 -2454 9030 -1920 END
START -7256 -23572 3232 -2185 8371 -4564 END
START -6828 -22300 3624 -2450 7767 -6573 END
START -6788 -21896 3084 -4057 7249 -8019 END
START -6852 -21444 2376 -5289 7434 -9776 END
START -7016 -20688 2928 -4472 7317 -11757 END
START -6688 -19232 3756 -3544 6366 -13264 END
START -6484 -18296 4596 -3785 5189 -14236 END
START -5916 -17680 4292 -4303 3956 -14763 END
START -5192 -16384 3680 -4753 3259 -15366 END
START -4716 -14784 3888 -4495 2586 -15529 END
START -4088 -13760 4392 -3911 1080 -15177 END
START -3492 -12344 3852 -3202 -207 -14702 END
START -2584 -11160 2468 -3733 -854 -13260 END
START -1744 -9744 1524 -3989 -764 -12051 END
START -1240 -8876 1616 -2875 -1648 -10522 END
START -1132 -7436 1636 -970 -2854 -8384 END
START -564 -5660 1264 -861 -3245 -5377 END
START -176 -4848 460 -2398 -3149 -1956 END
START -444 -5420 32 -1791 -3161 1004 END
START -980 -6272 -928 1640 -4437 3496 END
START -1240 -6908 -2620 3262 -4493 6143 END
START -1648 -8076 -4060 4354 -3434 8403 END
START -1944 -9468 -5332 6035 -780 9808 END
START -2792 -10980 -5248 7897 1528 10944 END
START -3572 -12700 -5192 8938 3117 12082 END
START -4744 -14632 -3812 10124 5380 12763 END
START -5724 -15812 -3052 8496 7163 13286 END
START -6252 -16644 -3060 6923 8324 13639 END
START -7112 -17760 -3252 6364 8831 14060 END
START -8624 -20224 -3220 8721 11061 12842 END
START -10184 -21764 -1772 9517 12029 11178 END
START -10552 -24532 -852 8897 12298 9407 END
START -10368 -25152 -1180 5607 13590 7271 END
START -9832 -25448 -2992 2795 17035 3960 END
START -9660 -25000 -2324 -315 19636 1545 END
START -9368 -26248 -760 3298 19825 -1400 END
START -8548 -24364 1732 5305 19675 -4835 END
START -8024 -22380 4704 2846 19028 -7085 END
START -7476 -21192 6272 -236 18335 -8603 END
START -6448 -19024 8200 -2941 17469 -10190 END
START -5272 -16964 9748 -3187 14022 -10940 END