START -13548 -32768 2448 -507 3958 4290 END
START -13304 -32768 2224 -1414 2795 -2350 END
START -12572 -32768 2240 -4321 3912 -7827 END
START -13556 -32768 1640 -8239 5719 -12415 END
START -12672 -32768 612 -12671 8630 -16055 END
START -11268 -31088 2276 -16156 11260 -18613 END
START -11164 -29016 4236 -19093 12777 -20921 END
START -11012 -26040 6404 -20100 11925 -22194 END
START -10132 -23180 7668 -21106 11232 -22454 END
START -9540 -21932 7612 -23568 10841 -21529 END
START -8188 -19764 7128 -23163 10098 -20947 END
START -6280 -16208 6216 -22755 9200 -20118 END
START -4328 -13448 4572 -24592 8783 -17787 END
START -1916 -11144 1356 -27416 10957 -14046 END
START -1200 -10228 -2196 -29113 14457 -10125 END
START -1028 -9208 -2616 -25042 16085 -8926 END
START -1264 -6984 -1508 -17200 12426 -7985 END
START -1128 -5284 -1832 -9899 9180 -5776 END
START -364 -4284 -2400 -7457 8400 -3927 END
START -8 -3864 -2020 -7025 8880 -2626 END
START -980 -3260 -1792 -5466 7769 -1376 END
START -352 -3360 -2240 -4193 6482 -307 END
START 1280 -3240 -3316 -3450 5311 734 END
START 1924 -3384 -4252 -2629 4481 1196 END
START 1668 -3152 -4204 -139 3274 1484 END
START 2624 -3080 -4772 1419 2461 1961 END
START 3236 -3028 -4808 1367 2285 2494 END
START 3736 -3104 -5208 988 1690 4385 END
START 3692 -4044 -4960 1112 742 6374 END
START 2352 -5628 -4468 1686 -178 7236 END
START 256 -5964 -3780 2769 -831 8135 END
START -728 -6960 -2944 3815 -2358 8385 END
START 872 -8256 -3812 4805 -4169 9153 END
START -60 -8760 -4784 4793 -3921 9527 END
START -2880 -8604 -3760 6549 -2757 10248 END
START -3700 -7816 -2328 10778 -2447 10198 END
START -2640 -7728 -1728 12354 -3338 12255 END
START -3268 -9616 -4108 12996 -4288 15563 END
START -4584 -12484 -4992 16751 -1624 15941 END
START -5632 -11928 -1464 21681 1514 14877 END
START -5504 -10180 1028 22017 1549 17680 END
START -6360 -13192 636 18439 2529 23188 END
START -8416 -17096 720 19355 4281 24153 END
START -9284 -17312 1804 22291 6296 23612 END
START -11516 -17640 5332 19458 8022 24664 END
START -14796 -24412 7736 14580 6833 27578 END
START -14456 -29972 4292 13111 6195 24803 END
START -12424 -30220 3432 12901 6704 20313 END
START -10884 -28436 4420 9478 6277 17825 END
START -9880 -28892 6244 3207 5175 17157 END
START -10076 -31440 5736 -3927 2983 16935 END
START -12232 -32768 1364 -7891 953 13348 END
START -13288 -31636 -828 -6402 763 7269 END
START -13188 -29560 120 -4362 939 1138 END
START -11996 -26224 2360 -3051 1147 -4208 END
START -10048 -21892 4116 -4373 341 -7455 END
START -8776 -18968 4624 -6199 -435 -8871 END
START -8648 -18236 5024 -6520 -1519 -9382 END
START -9360 -18840 4792 -6054 -3582 -10492 END
START -9660 -19204 5236 -6017 -5122 -12189 END
START -8220 -18940 5572 -8509 -5780 -12835 END
START -7788 -20420 5772 -12184 -7206 -12720 END
START -9264 -21112 5704 -12760 -9178 -13558 END
START -9448 -20620 4856 -14379 -11062 -13916 END
START -10192 -20616 4136 -17010 -11322 -14312 END
START -11408 -21600 4640 -18608 -9975 -15239 END
START -13020 -21120 5352 -19330 -10668 -16560 END
START -13472 -20832 5012 -16462 -13653 -19480 END
START -12992 -17912 2636 -15094 -14987 -20895 END
START -11884 -14884 560 -16390 -13153 -21286 END
START -10476 -11752 -1556 -18632 -9211 -20209 END