START 1836 -21160 5928 901 1940 -10007 END
START 2236 -18616 7552 -355 -509 -10314 END
START 2412 -16204 8392 -4125 -3661 -9374 END
START 1968 -15140 9008 -5611 -7808 -8840 END
START 1108 -13768 9408 -2999 -13028 -8931 END
START 248 -11104 8708 -425 -17986 -7915 END
START -768 -7496 7868 -2761 -20959 -5608 END
START -1544 -4880 7192 -8061 -21772 -807 END
START -3496 -3540 4908 -11299 -23673 3226 END
START -5592 -3576 372 -9375 -26384 7471 END
START -6684 -4944 -3808 -3987 -26767 9301 END
START -7108 -4196 -6124 -424 -24687 10576 END
START -7956 -4680 -7712 -879 -21547 13899 END
START -9024 -6872 -9900 -911 -17994 15745 END
START -9788 -8488 -10848 2800 -14247 16556 END
START -10916 -8676 -10428 8578 -11213 17726 END
START -12152 -11316 -11116 11551 -8729 19093 END
START -13316 -13572 -10592 13193 -4544 19477 END
START -13684 -14408 -10800 11015 932 19985 END
START -13752 -14544 -11956 7745 5627 21176 END
START -15372 -19004 -11316 9368 8837 21914 END
START -16972 -24176 -9160 15162 9801 18560 END
START -17060 -26896 -7012 14764 10234 14815 END
START -15944 -29544 -5304 8430 13657 12020 END
START -15908 -32768 -980 4559 16957 6738 END
START -15080 -32768 2928 3169 16915 -225 END
START -12944 -32768 4044 560 14716 -6050 END
START -10008 -29340 1464 -2569 13332 -10419 END
START -8252 -25292 -1624 -5636 14994 -14147 END
START -7580 -21824 -1736 -6810 17507 -17670 END
START -7300 -18108 396 -5766 16937 -19864 END
START -6568 -15552 1612 -3366 14219 -20475 END
START -5408 -13596 2316 -1759 10788 -20062 END
START -4492 -11788 3164 -2212 9108 -19204 END
START -4556 -11268 5040 -3843 7404 -17833 END
START -5388 -11696 5028 -4366 3472 -15839 END
START -5528 -12116 3756 -1264 288 -15508 END
START -4728 -9668 3016 -320 -1748 -14853 END
START -3684 -8128 2636 -1324 -3369 -13410 END
START -3984 -5968 1516 -125 -5467 -11654 END
START -3388 -3896 -836 335 -6900 -7843 END
START -2328 -2940 -2664 349 -6792 -4605 END
START -2040 -2864 -2600 354 -6874 -1125 END
START -2584 -2988 -3576 2973 -8468 2284 END
START -2496 -2912 -5452 5911 -8969 6496 END
START -2964 -4112 -6768 6979 -7039 10056 END
START -3936 -5332 -7468 6967 -4617 13000 END
START -5436 -7816 -7548 9576 -3717 15939 END
START -7020 -10380 -8312 13402 -4413 18771 END
START -8580 -13808 -9388 16047 -2451 19383 END
START -10156 -15020 -8380 13482 1810 19979 END
START -9512 -16580 -11200 6910 8853 22121 END
START -9040 -16632 -14612 503 18740 23464 END
START -11004 -19988 -14076 -1177 24045 24474 END
START -13776 -29032 -13120 12091 26258 16178 END
START -15888 -30144 -12292 26174 27577 3232 END
START -13996 -30964 -13320 30523 32767 -7198 END