START -10548 -30044 2568 401 3807 536 END
START -11284 -30432 2124 146 2892 -4359 END
START -11716 -30324 2716 -2306 2333 -8007 END
START -11584 -29980 3556 -6248 2946 -11627 END
START -11356 -28108 3116 -10303 3663 -14523 END
START -11288 -26040 2676 -11280 3560 -17592 END
START -9636 -23740 3068 -10939 4006 -19435 END
START -8476 -21436 4544 -13473 4380 -19652 END
START -8028 -20088 4628 -18095 4670 -17871 END
START -8536 -19676 4028 -18767 4218 -16922 END
START -7848 -18272 2368 -17147 4189 -16757 END
START -7348 -16440 448 -18264 4846 -15916 END
START -6688 -14364 -140 -18888 5888 -14879 END
START -6116 -12664 -1872 -18342 6798 -14472 END
START -4736 -10252 -2444 -17509 8036 -13538 END
START -4136 -9332 -3844 -16485 8598 -12116 END
START -3240 -8020 -4040 -14427 9749 -11838 END
START -2812 -6428 -4352 -12176 10690 -10132 END
START -1588 -5952 -4876 -9880 10731 -8459 END
START -668 -4972 -4448 -6742 11424 -7058 END
START -116 -4068 -4444 -5227 11707 -5242 END
START 936 -3676 -5032 -6356 12320 -3305 END
START 1512 -3080 -5560 -7141 13030 270 END
START 2276 -4224 -5844 -6180 13595 2241 END
START 2800 -4340 -5892 -3174 12163 3657 END
START 2872 -4392 -5992 -754 10024 5127 END
START 2464 -4392 -6128 963 8755 6888 END
START 1780 -5116 -5512 1159 8575 8347 END
START 1384 -6008 -3684 2755 7806 9120 END
START 1432 -6228 -2000 5950 5498 9406 END
START 1280 -6420 -2532 8061 3083 10408 END
START 156 -7380 -2372 9463 2659 11650 END
START -1212 -9744 -2440 10768 2887 12249 END
START -1820 -10656 -912 12992 3645 12227 END
START -1676 -11052 1928 13522 3313 12565 END
START -1704 -12696 3664 12011 1343 14303 END
START -2876 -14916 2668 10893 259 16049 END
START -4500 -16432 1236 12102 227 15268 END
START -4020 -16184 692 13936 1049 14864 END
START -2860 -17060 1140 12243 1721 15698 END
START -3624 -17756 2188 11268 3193 17226 END
START -5472 -18160 3492 9930 3965 17535 END
START -7072 -19412 2412 9302 3540 18155 END
START -7708 -21340 1996 10508 4055 17358 END
START -7776 -21612 2288 11279 4926 15456 END
START -6940 -21376 3164 11602 5923 14575 END
START -6592 -21348 3692 8637 6032 14690 END
START -6896 -23352 3884 6626 5402 14603 END
START -7164 -25736 5228 7754 3555 12174 END
START -7768 -27044 5996 7363 1005 9381 END
START -7664 -27624 4468 4170 -854 7609 END
START -7096 -27300 2880 393 637 5347 END
START -6408 -26112 3220 -2896 2372 3276 END
START -6128 -25196 4568 -4133 2351 468 END
START -5880 -23672 5920 -3335 248 -2584 END
START -5196 -21424 6096 -3263 -1398 -4799 END
START -4812 -19928 6560 -5026 -1523 -5508 END
START -5320 -19540 7420 -7472 -2097 -6300 END
START -4876 -19832 8824 -6699 -4124 -8001 END
START -4404 -19104 9748 -4556 -7533 -9953 END
START -4280 -17900 9416 -4906 -10922 -10956 END
START -4448 -18140 8140 -6253 -12710 -10610 END
START -4656 -18120 7260 -8137 -13563 -10349 END
START -4136 -18372 6848 -9035 -14667 -10457 END
START -4044 -17764 6496 -9839 -15911 -10422 END
START -4904 -16060 6216 -12315 -16687 -9676 END
START -5620 -14592 5900 -15291 -16230 -7960 END
START -6356 -15516 5272 -15797 -16585 -7216 END
START -7128 -15756 5328 -12280 -18008 -8623 END
START -7896 -14604 6088 -10484 -19102 -9184 END
START -7752 -13188 6392 -12224 -19787 -8432 END
START -7020 -12284 6152 -14022 -19565 -7408 END
START -7600 -11652 5704 -13901 -20644 -6473 END