START 1744 -20204 5724 218 -853 -3526 END
START 576 -21948 7788 -1899 -1618 -4928 END
START -180 -23420 9160 -1852 -3513 -7072 END
START -424 -21164 9984 -42 -6510 -9404 END
START 244 -18392 9688 918 -9784 -10527 END
START 1192 -15044 8772 -119 -12038 -9559 END
START 1440 -12820 7808 -1358 -13771 -8636 END
START 1360 -10516 7264 -1533 -15661 -7038 END
START 1752 -8032 6040 -2176 -17206 -4498 END
START 2276 -6524 4136 -4212 -17689 -1415 END
START 1844 -6100 2600 -5029 -18056 1132 END
START 892 -6472 520 -3705 -18558 3772 END
START 400 -7176 -1924 -1997 -17679 5801 END
START -36 -7148 -3352 -557 -15731 7453 END
START -560 -7104 -3240 614 -12730 9158 END
START -1524 -7364 -2636 2512 -10610 11193 END
START -2228 -8704 -4228 2933 -9997 13886 END
START -2408 -10056 -6196 4477 -7091 15317 END
START -3564 -11460 -6228 6256 -3358 15926 END
START -5708 -12676 -3744 9319 -572 17177 END
START -6712 -15784 -1836 11141 7 17982 END
START -6844 -18676 -700 13540 1025 18042 END
START -6692 -21124 -1616 11592 2668 17384 END
START -6416 -22964 -3156 7057 4881 15929 END
START -6300 -26712 -4588 4088 8486 13987 END
START -6280 -29872 -1868 8165 10175 10231 END
START -5212 -29880 -508 6153 9852 7128 END
START -4528 -28984 28 342 12043 3624 END
START -4840 -28184 1360 -5142 14432 395 END
START -6280 -29068 5092 676 12967 -3171 END
START -5192 -26580 6492 671 9223 -5793 END
START -3908 -24604 5828 -3382 8772 -8709 END
START -3520 -22880 6160 -5310 8064 -10696 END
START -3344 -20516 6256 -4655 6415 -12117 END
START -2784 -18792 5600 -5253 5111 -12572 END
START -3008 -17728 5864 -5050 4499 -13391 END
START -3412 -16032 5992 -4250 3492 -13870 END
START -3536 -14120 6596 -2910 1800 -13786 END
START -3432 -11732 6300 -3601 -40 -12664 END
START -3000 -10412 4748 -4887 -975 -11212 END
START -2836 -9432 4080 -3023 -1816 -9688 END
START -2164 -8232 4220 -663 -3402 -8029 END
START -2028 -7564 4040 214 -4664 -6270 END
START -1564 -5456 3212 -223 -5371 -3083 END
START -1420 -5340 1748 -1461 -6003 419 END
START -1496 -5556 928 -141 -6529 3374 END
START -1216 -6008 -892 358 -6505 6768 END
START -1228 -7296 -3060 2736 -5288 9195 END
START -1720 -7924 -4940 3156 -3136 11781 END
START -2752 -10188 -6080 4590 -632 13536 END
START -4200 -12268 -6980 6646 1857 15306 END
START -5684 -15364 -6932 7969 5474 15512 END
START -6564 -16660 -6428 7477 9759 15065 END
START -7252 -17084 -6416 1729 15514 15135 END
START -8760 -19312 -7076 -3565 21886 14769 END
START -10472 -21528 -7456 -1529 25664 13738 END
START -11476 -23788 -7832 1681 28161 11940 END
START -11780 -26712 -6412 4159 31003 8616 END