START 1956 -14712 7336 731 -5164 -1138 END
START 2568 -12584 7116 1756 -6964 1422 END
START 2888 -11704 7040 1291 -7944 2330 END
START 2408 -9624 8332 1305 -9637 3979 END
START 1224 -7800 8980 749 -12740 6536 END
START -232 -5892 7744 -376 -16252 11090 END
START -2096 -6256 4704 -2694 -18665 15660 END
START -3284 -8672 -144 -2119 -17292 18254 END
START -4356 -8828 -2004 344 -13428 18630 END
START -5948 -9872 -2812 125 -13141 20984 END
START -7112 -13292 -6296 1789 -12674 23054 END
START -7848 -17256 -9360 5111 -8240 21990 END
START -8484 -19824 -8640 7821 -2205 19899 END
START -9680 -22720 -6800 9079 1967 17231 END
START -9936 -24356 -6124 7943 4779 15110 END
START -10064 -26144 -5800 6751 8235 12360 END
START -10380 -26620 -3056 7943 11824 8244 END
START -9748 -26272 -456 5334 13624 5406 END
START -8780 -26324 2940 4777 13894 2838 END
START -8212 -27296 6296 4087 12723 -51 END
START -8008 -28004 7392 3780 10343 -3587 END
START -5812 -26716 6572 297 9072 -6728 END
START -4788 -25904 5824 -3859 9122 -9532 END
START -4488 -24276 6628 -3801 8368 -12496 END
START -4160 -21616 7272 -3498 6734 -14501 END
START -3972 -18876 8608 -4049 5763 -15628 END
START -3916 -17424 8380 -5555 3506 -16155 END
START -3604 -15800 7388 -5168 1742 -16515 END
START -3572 -13792 6720 -3644 784 -16753 END
START -3780 -11836 6404 -3570 -336 -15729 END
START -3396 -10168 5740 -3373 -1646 -14685 END
START -2944 -8168 5168 -2855 -3057 -13044 END
START -2244 -6268 2948 -2447 -3386 -10188 END
START -2096 -5672 1664 -2586 -2571 -7736 END
START -2060 -5340 1348 -1648 -2545 -4945 END
START -2024 -4952 1660 1309 -3560 -2086 END
START -1816 -4632 1092 2886 -4360 1670 END
START -1292 -5296 -676 1902 -3787 5658 END
START -1604 -7540 -1840 2388 -2259 8312 END
START -1992 -9408 -2420 4081 -1261 10072 END
START -2344 -9648 -2172 6436 388 11713 END
START -3168 -11168 -2124 6022 1166 14839 END
START -4488 -14440 -2248 5856 2110 16434 END
START -5244 -15952 -3876 4974 2917 17374 END
START -5052 -16944 -7536 4112 6715 17044 END
START -5676 -16684 -9716 2879 12327 16800 END
START -9340 -21524 -7120 7070 17403 15723 END
START -12152 -24308 -4432 10489 20580 11868 END
START -13592 -25516 -2532 8938 21735 8254 END
START -13584 -27292 -3320 4699 24660 4829 END
START -13504 -26348 -4560 184 30351 680 END
START -13244 -25584 -2528 -2989 32767 -2800 END
START -14472 -27796 2276 4750 32767 -6971 END
START -15580 -26136 9208 14507 32767 -12231 END