START -4344 -18304 8452 -1024 -4277 -13852 END
START -3316 -16556 7796 -3331 -5655 -13232 END
START -2904 -15184 7504 -3807 -7175 -13073 END
START -2856 -13632 6552 -3896 -9142 -12758 END
START -2852 -11872 5892 -3419 -11009 -12366 END
START -2756 -10188 5288 -3461 -12273 -11210 END
START -2400 -8556 4296 -4312 -13098 -9520 END
START -1976 -7844 3044 -3948 -14173 -7652 END
START -1384 -6916 1772 -3786 -14525 -5633 END
START -1240 -6660 908 -2991 -14848 -3637 END
START -892 -6332 516 -1523 -14942 -1685 END
START -832 -5764 312 -1207 -15081 998 END
START -1284 -6484 -1568 -915 -15576 4246 END
START -1520 -8080 -3964 -314 -14884 6628 END
START -2208 -9644 -5412 2659 -12731 7587 END
START -2532 -10004 -5108 4301 -10745 8759 END
START -3048 -10380 -4972 5244 -9146 10557 END
START -3684 -11084 -4956 5867 -7116 12265 END
START -4540 -12560 -4860 6551 -5218 13598 END
START -5932 -14072 -3176 8108 -3458 14399 END
START -7748 -16244 -2620 8424 -2876 14831 END
START -8288 -18468 -3256 8143 -1516 14434 END
START -9000 -19552 -4340 6973 573 13824 END
START -8784 -20540 -4264 6478 2915 12514 END
START -8704 -20716 -5264 5924 4780 11386 END
START -8532 -20992 -5276 5827 7548 10197 END
START -8780 -20772 -3500 6621 9304 8965 END
START -8744 -20916 -924 6646 9605 8047 END
START -8744 -21168 564 6166 9707 7038 END
START -8676 -20944 1328 3779 9840 6071 END
START -9228 -22104 2000 676 10621 4943 END
START -9408 -23268 3380 1203 9789 2548 END
START -8872 -23276 3248 1142 8075 374 END
START -7876 -22504 2228 -380 7995 -1670 END
START -7336 -22128 1256 -2294 8778 -3566 END
START -7364 -22112 1028 -1642 9292 -5656 END
START -7388 -21592 2236 -507 9088 -8115 END
START -7024 -20864 3512 -454 8162 -10016 END
START -6252 -20184 3464 -1208 7843 -11163 END
START -6076 -20068 4324 -1691 7429 -12505 END
START -5784 -18936 5168 -1988 6083 -13772 END
START -5508 -18044 4992 -2648 4713 -14281 END
START -4880 -16912 4428 -2813 3860 -14897 END
START -4220 -15784 3812 -3467 3021 -15052 END
START -3600 -14532 4008 -2649 1543 -15114 END
START -3196 -12816 4248 -1992 -351 -14512 END
START -2932 -11800 4112 -2466 -1887 -13252 END
START -2148 -10680 3016 -3177 -2568 -11739 END
START -1640 -10096 1820 -3960 -2874 -10389 END
START -1172 -8740 1372 -2396 -3757 -9068 END
START -708 -7488 1436 -1058 -4580 -7082 END
START -840 -5980 1420 -884 -5416 -4257 END
START -744 -5588 872 -1741 -5696 -899 END
START -880 -5916 -548 -1444 -6415 2106 END
START -1156 -6824 -1992 562 -6041 4095 END
START -1576 -7104 -2372 2146 -5290 6289 END
START -1884 -7732 -3132 2790 -4448 8906 END
START -2444 -9148 -4828 2697 -3167 11325 END
START -3132 -10760 -5520 4923 -720 12240 END
START -4156 -11672 -4416 7744 781 13249 END
START -5476 -13968 -4260 10589 788 14390 END
START -6784 -17096 -4772 11388 2317 14536 END
START -7456 -18792 -4948 10379 5779 13391 END
START -7956 -19172 -5860 6956 9705 12828 END
START -7672 -18636 -6960 2214 13538 13303 END
START -8620 -19516 -6576 186 16380 13642 END
START -10284 -22516 -3572 6087 15556 12918 END
START -11176 -23328 -648 13639 11348 10779 END
START -12456 -25880 -528 12966 8848 9209 END
START -14312 -28924 -3832 7166 12901 5225 END
START -14444 -29996 -4524 5451 22869 -3336 END
START -14016 -27044 476 4667 28425 -9199 END
START -12028 -24520 7016 5886 27244 -13687 END
START -9580 -21348 9472 7147 21826 -15744 END
START -6096 -17636 10172 5843 18294 -16527 END