START 2744 4392 4000 6282 2938 6190 END
START 3004 5016 4524 6785 1120 9103 END
START 2528 4908 4608 7178 871 12825 END
START 700 5956 4700 6373 -135 17765 END
START 544 3900 4432 7560 -2773 23846 END
START -772 -24 2360 12036 -4442 29812 END
START -3988 -3628 1756 14351 -2643 32767 END
START -8812 -8204 4304 13827 -421 32767 END
START -12532 -14784 6432 13997 -1130 32767 END
START -13356 -21292 6420 16581 -2875 32767 END
START -13984 -24612 4812 15427 -2254 32767 END
START -14816 -26064 5636 14210 330 32767 END
START -15220 -27584 5348 13265 -740 30663 END
START -13868 -28120 1780 13877 -1042 28863 END
START -13532 -32036 -524 12907 1246 27594 END
START -13948 -32768 -1268 12983 4852 22867 END
START -13980 -32768 -764 11456 7268 15498 END
START -12780 -32768 -2048 7988 8243 9627 END
START -11344 -31904 -3888 3709 12387 4264 END
START -11352 -31588 -1996 4192 19051 -646 END
START -12936 -29288 2996 5447 20569 -4402 END
START -13528 -29032 5688 5362 18756 -7879 END
START -13328 -28172 6716 6740 18078 -11906 END
START -12636 -24700 6940 3953 18209 -15939 END
START -12316 -23416 8492 1320 18529 -19397 END
START -11772 -20876 9768 872 16768 -21685 END
START -10584 -18548 9512 1592 14467 -22488 END
START -9604 -17076 8896 814 13365 -23934 END
START -9144 -15608 8508 -780 12803 -25105 END
START -8404 -13868 8632 -1245 12216 -25983 END
START -7716 -11784 8140 -2080 10707 -25319 END
START -6516 -10904 7236 -1383 9963 -24328 END
START -5404 -9132 8320 631 9233 -23227 END
START -3348 -7928 10280 3570 7863 -21377 END
START -2132 -6148 11228 3827 5142 -17788 END
START -456 -5964 12580 3774 2476 -14962 END
START 1056 -5984 13084 4121 -475 -11773 END
START 908 -6924 14832 7062 -3216 -9113 END
START 984 -6032 16792 7269 -8451 -6250 END
START 1420 -6072 17132 6321 -13801 -2548 END
START 964 -6212 16636 6200 -18330 429 END
START 120 -6176 17240 7690 -22977 3809 END
START 32 -5920 16700 9294 -27941 7212 END
START -3252 -4924 14220 4959 -32120 12066 END
START -6096 -8820 10984 877 -32768 16705 END