START 4052 1880 1140 275 1187 9168 END
START 3336 488 1364 1980 1037 12535 END
START 2596 -328 3240 4511 949 15687 END
START 992 -1328 6712 5746 -2320 17732 END
START -760 -5020 6024 6188 -6456 20210 END
START -2168 -7408 3648 4688 -8046 22073 END
START -1896 -8128 972 4588 -7869 22744 END
START 488 -10324 -72 11549 -6463 25568 END
START 328 -12936 1424 12458 -5881 28720 END
START -2668 -16632 420 11192 -5000 29721 END
START -6336 -18788 -876 12615 -3194 29348 END
START -8596 -19376 -60 14527 -647 28974 END
START -9960 -24440 500 16734 -700 30076 END
START -11816 -30248 -2600 15679 984 27733 END
START -12784 -31616 -1440 15094 4785 22465 END
START -12660 -28820 -644 10470 6839 18066 END
START -12264 -27980 172 5762 8227 15772 END
START -12716 -30068 -256 4945 8041 13979 END
START -12328 -29824 -2292 5179 8798 10969 END
START -11828 -29256 -3660 2261 11196 6696 END
START -11300 -27920 -4316 839 14132 2820 END
START -11980 -27244 -2332 1941 17060 -795 END
START -12144 -25768 1360 4621 16870 -3613 END
START -11248 -24648 3032 3909 16835 -6557 END
START -11100 -24092 5284 2308 17084 -9555 END
START -11416 -23748 7556 2807 16331 -12543 END
START -11268 -22736 9164 4433 14162 -15419 END
START -9668 -20972 10792 4991 11934 -17655 END
START -7748 -18868 10944 3929 10054 -19942 END
START -6524 -15976 11272 1717 8942 -21490 END
START -5484 -13752 11548 -89 7250 -21659 END
START -4280 -11936 10976 -285 4266 -20606 END
START -2800 -10596 9748 -102 2367 -18968 END
START -2008 -9536 9028 -650 829 -17570 END
START -1828 -9008 8912 -802 -979 -15818 END
START -1048 -8016 8548 -1462 -2727 -13618 END
START -420 -7792 9244 -1175 -4666 -11097 END
START -188 -7416 9964 -246 -7419 -8355 END
START -80 -7432 10696 975 -10216 -5782 END
START 192 -7132 11368 2544 -13298 -3214 END
START -328 -6852 11776 2681 -16335 166 END
START -1288 -7324 12476 1622 -19191 2586 END
START -2928 -8636 11920 1897 -23259 4947 END