START 2976 3664 1424 7800 -2326 23833 END
START 972 884 1248 10964 -2140 29569 END
START -1348 -2412 1020 15269 -1592 32767 END
START -6044 -5352 2568 16386 -1151 32767 END
START -10688 -12104 4224 14443 -1052 32767 END
START -14212 -20540 4548 11847 -1831 32767 END
START -14660 -25960 4436 14680 -1545 32767 END
START -13996 -22308 3604 14851 2275 29701 END
START -11844 -23736 5352 6276 4376 28989 END
START -11668 -26672 1584 2827 2747 26413 END
START -12208 -28660 -2580 5404 4052 22257 END
START -13932 -27700 -2824 7021 7977 19786 END
START -14024 -30576 -240 10308 9501 16710 END
START -13088 -29932 -828 11693 9460 13193 END
START -11832 -28572 -2828 9693 11981 9114 END
START -11288 -26768 -2336 5063 15714 5186 END
START -11516 -25264 -1696 2144 17182 2010 END
START -11556 -24904 -80 3013 17513 369 END
START -11876 -24320 1732 6065 17384 -1784 END
START -12248 -23796 1752 4553 17275 -4741 END
START -12636 -23312 2372 2082 18600 -8112 END
START -12556 -22440 3740 1110 19759 -10981 END
START -12824 -21516 4964 2106 19269 -13573 END
START -12044 -19476 6464 2943 17971 -15111 END
START -10696 -17892 6948 1663 16266 -16597 END
START -10028 -16968 6916 -907 15090 -17232 END
START -9476 -16460 7788 -2859 14149 -17727 END
START -8376 -15004 9176 -2945 12305 -17767 END
START -6828 -14056 9544 -2123 9062 -17347 END
START -5268 -13336 9200 -851 6763 -16775 END
START -4356 -11900 9088 -1132 5134 -16158 END
START -3272 -10604 8820 -2404 2996 -14998 END
START -1668 -9340 8568 -2705 1010 -13197 END
START -892 -8488 8568 -2013 -722 -11701 END
START -88 -7460 8148 -1331 -2933 -9983 END
START -80 -7028 8512 976 -5257 -7819 END
START 352 -6028 9392 5131 -8063 -4669 END
START 204 -5812 10024 9617 -10957 -1164 END
START -60 -5860 11680 12931 -13545 1848 END
START -472 -6568 12828 10656 -15965 3806 END
START -2192 -9044 12172 5809 -19171 7347 END