START -10788 -22520 8252 5679 -151 -2349 END
START -10924 -25644 6236 2530 -3682 -3966 END
START -11372 -28304 5024 -2786 -3601 -9511 END
START -12712 -28560 5576 -3164 -4417 -14613 END
START -12620 -28024 3048 -3630 -7155 -17625 END
START -12760 -25700 940 -6396 -6509 -21047 END
START -12900 -23228 872 -11580 -4213 -24062 END
START -12128 -20748 1692 -15070 -3284 -25443 END
START -11332 -18940 896 -16237 -3809 -25392 END
START -10476 -17680 -80 -14112 -2924 -24510 END
START -8860 -16180 -1324 -11569 -426 -24487 END
START -6028 -13840 116 -12480 3754 -24124 END
START -5024 -11972 968 -15359 2801 -22063 END
START -4044 -11616 120 -15514 2680 -20135 END
START -2552 -10944 -896 -14312 2452 -18203 END
START -2288 -10048 -2112 -13894 3646 -16350 END
START -1468 -8960 -3496 -15474 4981 -14996 END
START -316 -8220 -4864 -16038 7145 -13883 END
START -1476 -7432 -5796 -10971 8434 -11632 END
START -1604 -6440 -8092 -5639 11158 -10492 END
START -1332 -4296 -8304 -3860 14982 -9679 END
START -1516 -1576 -5548 -4119 16197 -8736 END
START -332 768 -3976 -3553 16217 -5987 END
START -268 1840 -2884 -2471 16298 -2368 END
START 1012 3336 -3292 -4106 15563 1913 END
START 1496 2680 -4436 -8588 16899 6841 END
START 1328 2040 -4820 -11564 18365 10772 END
START 1472 340 -3792 -9879 18501 14795 END
START 1020 -980 -508 -1210 16063 17647 END
START 412 -1172 1424 5192 12294 21247 END
START 84 -3316 2496 2887 10832 25451 END
START 1388 -8368 6052 543 11061 26842 END
START -1376 -16264 13596 8756 5982 27252 END
START -3160 -21752 22816 20490 -1648 28761 END
START -3768 -30212 26984 9801 -9631 29107 END
START -3620 -32768 25948 -4448 -15971 24691 END
START -1764 -32768 19008 -8252 -25196 16945 END
START -3616 -32768 9264 -7113 -30844 9218 END
START -5372 -32768 -1548 -8222 -32120 738 END
START -5420 -32768 -10284 -6920 -28049 -7555 END
START -7344 -28084 -13564 -6728 -24550 -11600 END
START -9156 -21636 -18456 -7682 -21926 -11347 END
START -9192 -17132 -21712 -7705 -17178 -10654 END
START -9180 -13060 -23412 -6550 -11684 -10368 END
START -8524 -9708 -23976 -4615 -5962 -9260 END
START -7328 -6264 -22212 -713 1013 -8137 END
START -5792 -3092 -20320 -351 8624 -5632 END
START -5208 -1844 -16200 -1157 15888 -2071 END
START -4636 -1776 -11076 -1214 20014 1743 END
START -4228 -2320 -6456 -1146 21018 5625 END
START -4496 -3944 -3292 649 20497 9236 END
START -4956 -5688 -328 4002 19869 11925 END
START -4536 -7280 3076 6723 19082 13676 END
START -4768 -8992 6512 6818 18160 15338 END
START -5268 -10620 8864 3170 16221 17426 END
START -5440 -13280 10236 -157 13242 18724 END
START -5320 -15156 10612 369 9044 18468 END
START -4764 -15548 10796 3776 4879 17717 END
START -3888 -13788 9984 5854 2147 17697 END
START -4248 -12696 9840 3457 961 19118 END
START -6120 -15256 11596 1979 502 19631 END
START -7800 -19744 15564 5750 -4259 18362 END
START -8768 -21016 16168 9672 -11554 16652 END
START -9936 -21268 15036 5063 -15662 16067 END
START -12036 -26756 14188 -1960 -18496 13424 END
START -14752 -30920 13436 -3884 -24120 7432 END
START -17260 -29576 7228 -5280 -32768 1316 END
START -17176 -29044 -6152 -9668 -32768 2963 END
START -16776 -27624 -17632 -12641 -24309 -1967 END