START -16892 -27564 8748 10125 -2182 1481 END
START -18220 -26736 10176 4083 -3412 -3425 END
START -17608 -28224 9124 -6683 -6122 -7756 END
START -17948 -28372 6108 -9384 -7812 -11498 END
START -18304 -27184 3608 -10390 -7232 -16465 END
START -18312 -24016 1884 -14016 -5008 -19958 END
START -17612 -20852 1740 -18051 -2206 -23223 END
START -17064 -18596 1680 -18610 -1240 -24815 END
START -16540 -15700 1460 -15349 -458 -25640 END
START -14256 -11840 664 -15629 516 -25346 END
START -12804 -10128 -632 -17533 2553 -23747 END
START -10820 -9272 -940 -18739 5028 -21995 END
START -9992 -9144 -1620 -17276 6270 -20795 END
START -8428 -7816 -2924 -14781 7479 -19602 END
START -6300 -6788 -4128 -13967 9444 -18062 END
START -5248 -6280 -4988 -13228 11787 -15683 END
START -4860 -5548 -5176 -11305 12833 -13838 END
START -3052 -4964 -5932 -10168 12651 -10344 END
START -1528 -4636 -7344 -7209 14005 -7484 END
START -1368 -4388 -7320 -3254 16440 -5383 END
START -916 -2764 -6068 -1487 17605 -2823 END
START 4 -1848 -5320 -777 18101 830 END
START 312 -1168 -3768 1051 19392 4536 END
START 788 -176 -2136 1798 19847 8496 END
START 68 512 92 2861 19748 12842 END
START -280 -480 3240 4657 18055 17467 END
START -928 -2476 7960 8568 13207 21642 END
START -1556 -5568 11236 11506 6544 25462 END
START -3260 -11320 16176 14978 -278 27870 END
START -5668 -19184 21100 15897 -5740 26991 END
START -6936 -25264 23976 8418 -12149 23898 END
START -6472 -29792 21056 -128 -18721 21078 END
START -7612 -31756 15684 -5608 -24022 16703 END
START -10736 -32768 7252 -11412 -27617 13007 END
START -13844 -32768 160 -13761 -28338 7567 END
START -16812 -31200 -7760 -17365 -27717 2905 END
START -17964 -30548 -15348 -18063 -22919 -2421 END
START -17196 -27876 -17804 -12880 -15674 -9746 END
START -16316 -23076 -19500 -11418 -9162 -14199 END
START -13652 -18480 -18500 -9478 -1913 -15596 END
START -12240 -13820 -15172 -6866 3526 -17113 END
START -10552 -9740 -12028 -3930 5567 -16458 END
START -8848 -7016 -10552 -2508 7331 -14212 END
START -7348 -4700 -10360 -2777 9811 -11064 END
START -6044 -3248 -9756 -3735 13468 -7394 END
START -6004 -3948 -7860 -1711 14987 -4582 END
START -4488 -3668 -5716 3861 15104 -2212 END
START -3932 -2788 -3280 7059 14639 225 END
START -2940 -2776 -1000 7615 14693 3221 END
START -2380 -2684 656 6889 15270 6990 END
START -2284 -3100 1900 4789 15463 10925 END
START -1952 -3456 2552 3665 14966 14492 END
START -2600 -4208 3876 5386 13932 17082 END
START -4176 -5324 6712 8179 11284 18780 END
START -3956 -6148 8820 10078 9278 19734 END
START -5156 -5844 10080 7928 7878 21614 END
START -7620 -8960 12800 6698 5618 23501 END
START -9596 -13760 16740 12145 1132 23082 END
START -10044 -15192 20496 20002 -5321 21730 END
START -10748 -15432 22084 12091 -9916 22433 END
START -14384 -20600 22656 -1110 -11361 24299 END