START -13880 -19800 2412 4309 -235 2073 END
START -14700 -22676 3308 -722 2021 -444 END
START -16520 -25876 4928 -4632 -357 -6126 END
START -19172 -25868 4728 -3575 -3583 -9418 END
START -19208 -26236 5408 -3006 -5399 -14748 END
START -18572 -22424 5740 -6335 -4482 -17271 END
START -18988 -20316 5772 -13893 -2915 -19004 END
START -19008 -18740 4972 -18677 -2570 -20747 END
START -18324 -18032 3904 -16736 -3379 -22526 END
START -17640 -15504 2620 -13560 -3037 -23327 END
START -15996 -13200 1356 -13986 -1642 -22989 END
START -14192 -11696 276 -17206 1238 -22840 END
START -13136 -10328 312 -16746 3401 -22897 END
START -11132 -8860 -304 -15403 3512 -22010 END
START -9076 -7520 -1968 -14559 4365 -20268 END
START -7060 -6212 -3292 -13561 7176 -18415 END
START -6052 -4560 -3668 -13057 9885 -16415 END
START -4664 -3652 -4824 -11732 11393 -13620 END
START -3248 -2488 -5416 -8198 13917 -11540 END
START -2224 -388 -4468 -4632 15728 -9113 END
START -832 1556 -3088 -2212 15484 -5505 END
START 628 2152 -1728 -697 15433 -1082 END
START 1436 1700 -660 1043 15428 2780 END
START 1224 2108 -52 1216 14883 6427 END
START 1496 692 280 2535 13612 11389 END
START 1240 -1104 1320 4963 11768 15025 END
START 328 -3880 3052 8296 9141 17392 END
START -1876 -6348 5920 12453 5710 19090 END
START -4564 -11316 10476 15133 1235 20552 END
START -5120 -15428 14496 14951 -2442 20528 END
START -4920 -17908 17224 9935 -3303 19891 END
START -6692 -22888 20092 1415 -6024 18757 END
START -8572 -31616 18992 1068 -15501 14163 END
START -8164 -32768 12884 5105 -24680 6444 END
START -8316 -29780 3792 1087 -24729 5698 END
START -9824 -32768 -3712 -9716 -19034 3470 END
START -11948 -32232 -8688 -11263 -13613 -3231 END
START -12220 -27112 -9832 -6705 -12357 -8781 END
START -11156 -20824 -12416 -3727 -10366 -10952 END
START -9464 -15476 -13556 -2809 -5793 -10016 END
START -8064 -12304 -12572 -3961 -1164 -8616 END
START -7336 -9820 -12092 -2904 2613 -7080 END
START -6132 -6968 -10872 -544 4878 -4979 END
START -4536 -5420 -8828 857 7662 -1920 END
START -3764 -4736 -6784 1126 11192 1907 END
START -4236 -5548 -3744 408 13642 5104 END
START -5016 -7752 -296 487 13276 7111 END
START -5340 -10124 2096 2962 11571 6836 END
START -4660 -8692 2708 4515 10464 7845 END
START -3708 -7464 2792 2683 11646 11297 END
START -3496 -8488 3960 -121 11876 12938 END
START -5076 -12216 6664 2926 9443 12199 END
START -6552 -14748 10120 8455 5470 9085 END
START -5532 -11440 10252 8275 2957 10215 END
START -4940 -10716 9432 1630 4486 14582 END
START -5996 -14304 12196 -4913 5410 15505 END
START -7860 -20476 18264 1939 -1021 13132 END
START -7832 -19988 19224 10692 -10338 9292 END
START -8952 -16236 17768 5612 -15192 10927 END
START -11524 -18704 16596 -6563 -16898 17600 END
START -17088 -24424 15204 -14016 -24235 12982 END