START -15148 -19888 6200 7405 -9488 -1230 END
START -17320 -22380 7784 595 -10607 -2600 END
START -18936 -24016 9956 1758 -11938 -5351 END
START -20548 -23220 10712 4610 -16964 -9924 END
START -21448 -23672 8520 3086 -18022 -13912 END
START -20924 -21732 9136 -3314 -16224 -19837 END
START -20360 -17480 9288 -10691 -15005 -23576 END
START -17844 -15876 8564 -15823 -13932 -25422 END
START -14736 -13372 5140 -20174 -10148 -26684 END
START -12572 -11828 4992 -21681 -4835 -27414 END
START -11484 -10740 5260 -20305 -3236 -27684 END
START -9024 -8952 3876 -18849 -2870 -26456 END
START -5916 -7648 464 -21403 1364 -24204 END
START -5560 -8092 -372 -21619 5778 -22307 END
START -4472 -6804 52 -17890 6504 -19701 END
START -2140 -5308 -1308 -14823 6621 -14990 END
START -1380 -5868 -2836 -13071 8771 -12480 END
START -1320 -5912 -3260 -10894 11504 -10667 END
START -1816 -4456 -2696 -8364 12490 -8127 END
START -940 -3988 -2628 -6205 13056 -4881 END
START -896 -2872 -3028 -6967 14418 -1584 END
START -1124 -2980 -2620 -6045 15397 1388 END
START -1216 -3276 -2292 -2375 16391 2328 END
START -1500 -692 -976 32 17802 4223 END
START -84 564 544 -2419 19765 8098 END
START 1600 -772 4804 -3747 20589 12093 END
START 284 -3284 11076 6160 13552 14449 END
START 840 -7028 17400 18956 2665 16918 END
START 1448 -10052 22848 22200 -4839 19528 END
START 16 -17684 26096 9434 -7337 20252 END
START -1892 -24016 24228 1598 -10628 16920 END
START -2876 -28024 17228 -1508 -18133 15653 END
START -5396 -32312 7176 -3757 -21297 11609 END
START -6976 -32768 -2112 -6133 -18373 5146 END
START -7536 -30912 -5712 -5998 -14954 -708 END
START -7724 -27680 -7276 -4753 -13390 -4330 END
START -9132 -24496 -10336 -3347 -10860 -6615 END
START -8888 -20320 -13992 -5151 -6516 -5772 END
START -7924 -18168 -14652 -6417 -1044 -7011 END
START -6164 -14740 -14148 -4730 3941 -7619 END
START -4948 -11732 -12288 -2497 9115 -8058 END
START -5692 -8800 -8360 1836 10857 -7958 END
START -3664 -6472 -5416 4124 11409 -3987 END
START -3160 -5716 -2716 4001 12879 -291 END
START -2908 -5492 -1056 2375 13784 2818 END
START -2788 -5464 436 975 14475 4289 END
START -2484 -4724 1460 -1280 13848 6224 END
START -3096 -4472 2456 -563 13583 9489 END
START -3784 -4536 3800 -485 13862 12860 END
START -4104 -4556 5784 -3269 13451 15706 END
START -5828 -6200 8140 -6470 13072 19497 END
START -8596 -11712 12196 -1138 10163 22807 END
START -9384 -15580 16868 11668 4552 22528 END
START -7996 -14056 18932 13958 -2318 20216 END
START -8836 -12540 17560 1014 -6522 20559 END
START -11156 -18892 16884 -5003 -8201 23125 END
START -13540 -26052 19364 588 -14196 21223 END
START -13964 -25344 19832 3969 -23046 15504 END
START -14804 -25392 14264 -3097 -27597 12409 END
START -16216 -28580 7556 -12153 -28392 8053 END
START -17072 -31280 936 -13018 -28245 1493 END
START -17596 -30780 -4632 -6819 -24589 -6364 END