START 4880 6896 1872 -580 2675 -5092 END
START 5156 7052 1848 1240 1186 2093 END
START 5124 7348 964 3787 349 7621 END
START 4852 6944 516 5948 -112 12483 END
START 4136 5720 972 9344 -1239 17316 END
START 2288 4276 1308 11489 -669 22435 END
START -464 748 2900 14042 -933 27107 END
START -4124 -3800 3812 15653 -2365 30999 END
START -7940 -10264 5848 17761 -3090 32767 END
START -10076 -13136 5408 14447 -2383 32767 END
START -11076 -17800 4880 11695 -2411 32767 END
START -12328 -20792 3496 14005 -2145 32767 END
START -12040 -22400 3004 17850 -864 32767 END
START -12656 -23776 2352 16433 560 32767 END
START -12256 -24568 -464 10824 2146 31978 END
START -12840 -26104 -4092 6379 4853 30345 END
START -14900 -28620 -5544 6966 7621 27840 END
START -15300 -31396 -5148 11197 9909 24267 END
START -15668 -32768 -5280 13108 12372 19516 END
START -14952 -32768 -3576 13061 15228 13023 END
START -15224 -32768 -2296 9338 18447 6890 END
START -15160 -32768 -100 6108 19795 929 END
START -15148 -32396 -88 4401 19806 -4110 END
START -15336 -31396 404 5662 20830 -9766 END
START -15068 -28572 1584 6927 22124 -15541 END
START -14788 -25220 3784 6207 22323 -19494 END
START -14696 -22268 6244 4660 21878 -22802 END
START -13580 -18880 8504 1826 20368 -24167 END
START -11808 -16216 10312 -551 18740 -24435 END
START -10968 -15004 11720 -2083 16400 -24277 END
START -9704 -12740 12660 -1863 13237 -23725 END
START -7592 -10640 12836 -2360 8856 -21870 END
START -5320 -9280 11352 -3947 5366 -19757 END
START -3920 -8688 10028 -5249 3574 -17471 END
START -3280 -8280 9672 -5217 1751 -16047 END
START -2532 -7044 9404 -4676 -1169 -13918 END
START -1232 -6460 8480 -2315 -3593 -11762 END
START -624 -5848 8196 -565 -5175 -9345 END
START -572 -6444 8544 243 -6823 -7737 END
START -92 -7532 9660 -282 -10357 -5461 END
START -316 -8460 9264 -523 -13548 -3214 END
START -1008 -10332 9968 1242 -16154 -1784 END
START -2164 -12768 11188 3439 -20082 -277 END
START -2388 -16084 10480 5197 -25755 654 END