START 5312 6420 1232 2590 3703 12673 END
START 4208 2952 1924 3696 2371 19311 END
START 2408 952 1808 6234 1879 23314 END
START -32 -228 2432 6953 2290 26619 END
START -2268 -2744 4396 7557 1677 30343 END
START -4004 -7120 4784 9122 371 32767 END
START -7184 -12080 3860 14143 1706 32767 END
START -7748 -14096 4840 15967 4125 32767 END
START -8888 -16292 5100 12278 4377 32767 END
START -9740 -19724 5220 8535 4858 32767 END
START -10680 -21012 3768 4303 6203 32767 END
START -12008 -26832 180 1387 6074 32767 END
START -13504 -32244 -3068 4727 8235 29349 END
START -14016 -32768 -2004 11230 11544 23841 END
START -12612 -32768 336 12852 12794 17640 END
START -10400 -31872 -880 6246 12628 13095 END
START -9904 -31004 -2760 484 14904 8395 END
START -9916 -28968 -3104 -815 19089 2568 END
START -9984 -25972 -1432 623 20325 -571 END
START -10504 -25768 -44 2564 20368 -2682 END
START -11476 -26416 2296 6408 20520 -5395 END
START -11164 -25512 3588 6494 20208 -9667 END
START -10808 -24192 4212 2975 19950 -14146 END
START -10752 -22388 5068 -34 19890 -17152 END
START -10372 -20592 6972 534 18930 -19264 END
START -9392 -18080 9112 4830 16497 -19797 END
START -8212 -16228 9868 4994 13134 -19597 END
START -8344 -16156 11396 2533 11189 -20381 END
START -7988 -15476 13040 -1216 9085 -21649 END
START -6616 -13252 13104 -4322 4978 -21421 END
START -4596 -11152 11780 -4505 1453 -20303 END
START -2948 -8704 9580 -2504 149 -18838 END
START -2596 -8492 9688 210 -1382 -16949 END
START -1916 -7008 9876 4986 -4884 -13923 END
START -620 -4940 9692 8476 -8596 -9236 END
START -736 -5068 9972 8640 -11433 -4658 END
START -1372 -6284 11564 9911 -13797 -1662 END
START -1648 -5596 13364 9573 -17606 2314 END
START -2392 -6144 14772 8385 -22132 5958 END
START -4604 -7476 15224 8833 -27355 9240 END
START -6716 -9408 14572 10087 -32566 12404 END
START -8816 -13604 9684 7906 -32768 15475 END