START 3832 2048 948 4062 -2364 6483 END
START 2836 2348 1152 8962 -2503 10024 END
START 3152 2688 1720 11860 -2524 13192 END
START 2524 2996 2200 11359 -2381 18770 END
START 1640 424 4104 12497 -1036 23329 END
START -624 -3492 4684 14160 -841 27466 END
START -1112 -6856 3688 15691 -678 30517 END
START -2820 -8820 2824 15674 2108 32141 END
START -4768 -11268 4580 14602 6297 32767 END
START -7904 -17260 6548 14545 6969 32767 END
START -9020 -23892 6168 18316 7033 32767 END
START -9456 -26712 5420 20473 10149 31500 END
START -8776 -28220 4668 11082 13443 27632 END
START -9232 -32148 3248 -1403 16269 22524 END
START -10524 -32768 2488 -1185 17313 16897 END
START -11132 -32768 5280 7658 16120 14264 END
START -10276 -32768 5240 10170 14839 10327 END
START -8788 -32736 3696 6523 15181 5150 END
START -7640 -30116 1600 420 17444 -415 END
START -7820 -27436 1776 -2093 20049 -4706 END
START -7884 -25348 1688 -2483 20056 -6085 END
START -8312 -25624 2800 -220 20258 -7833 END
START -8472 -25336 3460 2860 19781 -10477 END
START -8496 -24912 4208 1951 20407 -13861 END
START -9164 -24008 6812 168 20702 -17358 END
START -9424 -23172 10028 -283 19657 -19844 END
START -8928 -21124 12780 441 16915 -21312 END
START -8276 -18648 14024 -503 13516 -21774 END
START -7280 -16904 14872 -2121 10866 -22244 END
START -6524 -14876 15412 -3402 8026 -22407 END
START -5764 -12424 15464 -1220 4673 -21695 END
START -4332 -10004 14508 1133 473 -19816 END
START -2776 -7400 13168 1322 -2514 -18384 END
START -1748 -6096 12976 421 -4707 -16669 END
START -1196 -5272 13712 1151 -7442 -14207 END
START -436 -3948 13132 1823 -11725 -9874 END
START 512 -3172 11232 1165 -14472 -5296 END
START 864 -4484 10104 847 -16179 -2356 END
START 792 -5416 9876 4270 -17148 17 END
START 572 -5228 9884 6319 -19463 3390 END
START 568 -5352 9716 5211 -21753 6635 END
START -396 -7988 9036 5379 -23713 9638 END
START -1036 -10620 6620 6287 -24886 12275 END
START -2080 -14228 2980 7232 -24287 13609 END