START -19684 -24656 4052 -76 2770 -6496 END
START -19580 -24860 4704 1297 -163 -9081 END
START -19412 -23556 5316 607 -3521 -10955 END
START -19860 -22148 6120 -3513 -5520 -13551 END
START -20516 -22328 6084 -8315 -5678 -16773 END
START -19560 -20036 4888 -13154 -4923 -19060 END
START -18456 -17864 4348 -15372 -3286 -20795 END
START -17500 -15240 4892 -16108 -2666 -21441 END
START -15568 -13176 4272 -18481 -2738 -21459 END
START -13688 -12180 2004 -19830 -588 -20780 END
START -12084 -11100 864 -20333 2238 -20174 END
START -10732 -9176 36 -19792 3743 -18670 END
START -8880 -8512 -1404 -18603 4279 -17188 END
START -7712 -8608 -2672 -16258 5238 -16354 END
START -7084 -7808 -3528 -12366 6968 -15763 END
START -5704 -6584 -3788 -10576 8819 -14039 END
START -4892 -5752 -3344 -10231 9750 -12064 END
START -3824 -6164 -3856 -9063 10496 -8947 END
START -3952 -6328 -4096 -6696 11190 -7906 END
START -3444 -5376 -4412 -4895 12259 -6737 END
START -2556 -4920 -4700 -4425 12514 -4231 END
START -1548 -4380 -4440 -2825 13058 -2868 END
START -1064 -4144 -2636 1903 13024 -2000 END
START -828 -1920 -708 5446 11490 -319 END
START 656 -1696 492 6135 9594 2515 END
START 1740 -964 1724 7442 9004 5582 END
START 1896 -176 2988 6582 8141 8955 END
START 1920 -112 3504 4684 6731 13785 END
START 1532 -2668 3912 5121 5796 17085 END
START 256 -4236 5752 9739 4088 18297 END
START -156 -6336 8552 14019 -284 19976 END
START -96 -12680 13696 21272 -5213 19728 END
START -2828 -16492 20276 20595 -8397 18902 END
START -6780 -23816 23160 9492 -10897 19725 END
START -9828 -31448 19732 2608 -14952 17812 END
START -11452 -32768 11000 -1284 -20146 12749 END
START -13608 -32768 1840 -766 -20516 4745 END
START -14244 -32564 -4460 -1910 -18201 -473 END
START -14528 -28484 -8572 -5599 -14375 -3090 END
START -15072 -25644 -11680 -6808 -10039 -5754 END
START -15376 -21896 -14256 -4603 -6462 -7998 END
START -13660 -17876 -15236 -879 -2143 -9749 END
START -11684 -13236 -14028 626 2139 -9211 END
START -9464 -10120 -11944 183 7447 -7789 END
START -8008 -7224 -9164 -881 11896 -5377 END
START -6040 -5516 -7028 -1271 15396 -1351 END
START -5164 -5176 -4328 -154 16742 2308 END
START -4968 -5208 -1140 1981 15914 5516 END
START -4868 -7044 1472 3757 14844 6962 END
START -4212 -7508 3472 3769 15471 6707 END
START -4148 -6500 6040 1093 15673 8929 END
START -4788 -8408 9024 -403 14247 12655 END
START -5476 -11572 11084 2907 10627 14076 END
START -6024 -12840 13180 7508 7423 12705 END
START -5560 -12648 14836 6058 3933 11461 END
START -5564 -13072 15528 2140 380 13028 END
START -5908 -14656 15208 1565 -3079 14662 END
START -7148 -16428 16100 6675 -7578 14411 END
START -8568 -18172 18156 7197 -12168 15086 END
START -10376 -19752 18740 271 -17434 15647 END
START -11892 -22028 15872 -6998 -21746 13002 END
START -14004 -21496 13152 -10298 -26509 9584 END
START -17740 -22588 8928 -11984 -31755 8278 END
START -21296 -24472 2576 -15067 -32768 6863 END
START -24248 -26700 424 -16171 -32768 2814 END
START -26272 -25880 -200 -11540 -32768 -3323 END