START 1224 -2892 -108 1442 16647 8240 END
START 1936 -2908 960 5768 14065 10757 END
START 2508 -2368 1956 7598 12033 14392 END
START 2016 -3876 3712 7154 9949 18838 END
START -224 -6792 6616 8311 7839 20923 END
START -1932 -11712 11296 11715 3794 21280 END
START -1804 -14660 16168 13450 -168 21443 END
START -3692 -20000 20668 6098 -4714 21565 END
START -6788 -28940 22808 3136 -10666 17624 END
START -7444 -31508 18096 1816 -18541 12720 END
START -6888 -30364 8496 -3003 -21996 8735 END
START -8696 -29796 -972 -8363 -22139 5138 END
START -10216 -28068 -8712 -8561 -18525 882 END
START -11116 -25076 -12484 -8107 -14644 -2826 END
START -10776 -21820 -14432 -6719 -10842 -5439 END
START -9616 -16984 -15368 -4539 -6743 -5233 END
START -8540 -14216 -14948 -4304 -2837 -4338 END
START -6908 -11808 -13900 -3306 1168 -3506 END
START -6488 -9724 -12096 -654 4554 -2491 END
START -5808 -7904 -9844 720 6967 -478 END
START -5520 -7928 -6636 2203 8808 2185 END
START -5168 -7956 -4192 3488 9513 4777 END
START -4984 -8316 -2044 4050 10340 6698 END
START -4840 -8012 -784 2959 11228 8878 END
START -4844 -8644 48 1792 12724 10263 END
START -4840 -8144 1352 2321 12839 10835 END
START -4660 -8404 2604 3109 11835 11375 END
START -4972 -8864 4104 3816 11323 11599 END
START -5816 -8012 5100 2931 10787 13037 END
START -6144 -8448 7148 2062 9060 16399 END
START -6740 -10712 9600 4313 6744 18616 END
START -7904 -13376 12636 9395 3214 17895 END
START -9376 -14344 15652 11247 -1531 16336 END
START -10300 -15416 17492 8780 -6650 15692 END
START -12340 -16856 17984 4216 -11575 16237 END
START -13928 -18580 17280 1489 -16342 15467 END
START -16608 -20672 17720 -804 -21460 14896 END
START -18952 -22000 16980 -7548 -27064 12401 END