START -19076 -19924 -6164 2894 -2193 -4708 END
START -19672 -19908 -6912 2104 659 -7752 END
START -20368 -21176 -6248 -2676 3491 -10699 END
START -20576 -22180 -5584 -4277 5937 -13983 END
START -22664 -22712 -5560 -4084 6356 -17126 END
START -21940 -22584 -6276 -4515 7601 -21116 END
START -21020 -20908 -4520 -5234 10047 -25342 END
START -20228 -18872 -2164 -6762 10189 -27331 END
START -19392 -17140 -980 -7009 10165 -27878 END
START -17312 -15532 -304 -6149 9487 -28769 END
START -15192 -12776 -788 -6952 8826 -27728 END
START -13232 -11652 -1288 -9477 10251 -26567 END
START -11372 -10064 -876 -11864 10341 -25132 END
START -9640 -7912 -1080 -13411 10699 -22654 END
START -6996 -6264 -3068 -15685 10710 -18817 END
START -4868 -6112 -5628 -16396 11794 -15087 END
START -3864 -6316 -6200 -13940 15308 -14054 END
START -3052 -4100 -5640 -12084 16318 -12338 END
START -1988 -3284 -6096 -12249 16064 -8509 END
START -1860 -3532 -6656 -9821 16602 -6257 END
START -2084 -3296 -6392 -5801 17163 -4780 END
START -1496 -1880 -5688 -4776 16975 -2791 END
START -804 -1304 -6016 -4890 16683 236 END
START -772 -800 -5400 -4172 17100 2739 END
START -644 536 -4492 -3907 17271 5667 END
START -1012 -472 -1648 359 15964 7881 END
START 468 -144 988 6441 12270 9836 END
START 2920 584 3136 7480 8077 13190 END
START 3100 -2812 5820 7932 4109 16967 END
START 3676 -7644 8824 12074 -943 19158 END
START 3480 -13404 13164 16582 -7138 20877 END
START 2436 -21572 17604 14627 -11962 21719 END
START -140 -31132 18780 7480 -17451 19099 END
START -2696 -32768 14720 294 -22063 14610 END
START -2892 -32768 7428 -5316 -27473 9326 END
START -5104 -32768 -3068 -6739 -31342 3978 END
START -7540 -32768 -13884 -6139 -28203 -2091 END
START -9256 -29144 -20240 -7590 -21161 -6554 END
START -10472 -24576 -23884 -8385 -14578 -9047 END
START -10268 -20548 -24764 -5980 -8647 -11500 END
START -9812 -15804 -23652 -2121 -2546 -13281 END
START -8568 -10256 -21616 -840 3005 -13078 END
START -6484 -6508 -19996 -2150 7866 -10306 END
START -5372 -4600 -17984 -1313 12974 -7349 END
START -4704 -3176 -14008 367 16868 -5060 END
START -4432 -2516 -9508 1244 18110 -1952 END
START -3544 -2140 -6596 1466 17431 2373 END
START -2948 -2444 -4864 591 17056 6900 END
START -2516 -3776 -3360 423 16903 10293 END
START -2612 -4972 -1612 2516 16432 12685 END
START -3076 -6364 0 5904 15029 14301 END
START -4212 -6848 1344 7478 12728 16491 END
START -4668 -9036 1860 7023 11758 18471 END
START -4700 -8860 2912 5974 13064 19000 END
START -5616 -8924 5404 6090 12889 20806 END
START -6924 -10248 8872 9204 10213 21770 END
START -7152 -10628 11908 10278 6776 22947 END
START -6808 -11128 13656 6078 4275 24553 END
START -7120 -14856 16240 1644 75 25881 END
START -9600 -21844 19264 5298 -9083 24416 END
START -12700 -23612 18644 6010 -17973 21907 END
START -14104 -24704 12588 -6556 -21541 20984 END
START -15432 -27540 6736 -17242 -21921 18099 END
START -17792 -28844 6024 -17493 -24141 11042 END
START -20304 -27108 1988 -16453 -28363 4407 END
START -22756 -25380 -2624 -13338 -30476 -922 END
START -20088 -21368 -4656 -10351 -28306 -1431 END
START -21024 -20676 -7820 -12752 -26313 -4336 END
START -22172 -21316 -12136 -8623 -23090 -9589 END