START -17888 -24012 5888 6737 1414 -7393 END
START -19520 -24524 7684 -2344 767 -11393 END
START -19868 -27044 8608 -8726 -1195 -13985 END
START -21740 -27608 7936 -11700 -1888 -20621 END
START -21832 -23608 7080 -14049 -3277 -25574 END
START -19896 -18492 6068 -16200 -4267 -26580 END
START -19140 -17412 5312 -18287 -3820 -27143 END
START -17976 -15344 3344 -18851 -2786 -28862 END
START -16072 -12420 2308 -16907 -263 -28856 END
START -13516 -8844 1552 -16712 618 -28113 END
START -10332 -6396 -388 -16919 2851 -25289 END
START -8052 -5264 -2332 -18155 5177 -22441 END
START -6948 -6492 -1652 -16847 8819 -21315 END
START -5508 -6488 -688 -12054 9158 -19935 END
START -4956 -5180 -888 -8376 6715 -16659 END
START -2492 -4816 -2180 -6320 6170 -14099 END
START -576 -3360 -3824 -7108 8752 -10369 END
START -268 -3420 -5124 -10921 12654 -6985 END
START -116 -3304 -5776 -9667 15640 -4132 END
START 40 -2960 -4320 -5606 16171 -2362 END
START 720 -2360 -2964 -1228 14948 400 END
START 1140 -2012 -2092 2197 13678 3021 END
START 1768 -1288 -712 4666 12971 6039 END
START 2280 -832 80 5662 12775 10409 END
START 2396 -1608 1860 6433 12107 13497 END
START 2152 -2764 4616 11003 9081 15779 END
START 2480 -3524 7388 18937 4894 18825 END
START 3104 -5156 11708 23061 1365 21889 END
START 1252 -8272 16544 16490 -23 24753 END
START -3368 -15144 20392 7692 -1017 26615 END
START -9224 -23424 22648 -56 -5817 25296 END
START -11396 -30272 20072 -3911 -12856 20983 END
START -11064 -31944 13544 -5658 -18364 16371 END
START -10928 -32768 5780 -8607 -20306 11624 END
START -13272 -32768 -536 -9648 -20459 6848 END
START -14388 -32528 -5160 -9893 -19501 1114 END
START -15032 -30020 -8260 -10217 -17406 -3673 END
START -15684 -28472 -10780 -9334 -14571 -7611 END
START -14816 -25344 -12956 -9257 -9496 -11268 END
START -13696 -21460 -13820 -10127 -4242 -13960 END
START -11584 -17964 -12808 -7999 -57 -15946 END
START -9740 -12644 -11056 -4373 2418 -16140 END
START -6920 -8348 -9748 -2749 5341 -14560 END
START -4312 -4872 -8792 -3462 9197 -11256 END
START -2380 -2864 -7984 -6919 13368 -7030 END
START -1808 -2812 -6332 -7205 15923 -2910 END
START -2032 -3172 -4096 -508 15418 -200 END
START -1536 -1740 -2288 5425 13738 2213 END
START -552 -1372 -964 6773 12947 5107 END
START -588 -1780 412 6636 14419 8653 END
START -1804 -2776 3044 5018 15426 11365 END
START -2916 -4576 5852 3386 13405 12965 END
START -3868 -6200 7532 3297 9902 14781 END
START -5364 -7980 9756 6526 7128 17197 END
START -5888 -9416 10372 8338 4619 17720 END
START -6172 -10344 12300 10098 3038 17747 END
START -6316 -8348 13060 7142 2306 18847 END
START -7012 -8140 13912 -1305 1985 20920 END
START -9156 -12512 15888 -2239 -1541 21907 END
START -11652 -17752 17888 6856 -7783 19884 END
START -14268 -20684 20472 12394 -11464 17866 END
START -16608 -20952 21736 -2454 -15006 19962 END