START 2184 3064 2604 -1044 -1661 -2084 END
START 1872 4096 2868 3773 -3547 2730 END
START 1732 4920 2516 4732 -3622 7335 END
START -8 4656 2672 3108 -3377 11117 END
START -832 3356 3440 5757 -4540 14612 END
START -1236 2712 4208 9937 -6170 19360 END
START -2104 488 3868 12032 -7300 24822 END
START -3596 -4444 2160 13374 -7809 28645 END
START -4548 -8284 -112 15151 -6231 30773 END
START -4228 -13152 -772 16757 -2995 32187 END
START -6188 -18116 -1080 18110 -251 32344 END
START -8888 -20776 1040 17167 4550 30760 END
START -11524 -23112 4756 13997 7294 29121 END
START -12812 -25580 4520 12950 6864 27291 END
START -12612 -26256 2744 12791 8228 24871 END
START -13668 -28488 1856 11608 9883 22101 END
START -13852 -28940 1388 11314 11636 18223 END
START -14244 -29332 2140 10963 12521 14483 END
START -13240 -27228 1332 8025 13231 10489 END
START -12348 -25716 48 3551 15180 6653 END
START -11864 -24472 -1184 3562 17241 3808 END
START -12740 -22532 320 8144 19139 1819 END
START -13716 -20908 3052 9050 19402 -320 END
START -13340 -19872 4488 5743 18552 -2770 END
START -13804 -20660 4764 2830 18763 -5288 END
START -14260 -21912 5220 3467 18125 -7818 END
START -13712 -21324 5688 7337 16502 -10349 END
START -12188 -20152 5992 6919 15467 -12592 END
START -11384 -19612 6088 4587 14657 -14751 END
START -10664 -19344 6588 4401 13284 -16064 END
START -9788 -18300 7556 5015 11885 -17112 END
START -8784 -17376 8192 3363 10063 -17842 END
START -7428 -16924 8432 79 8883 -18066 END
START -7400 -16628 9464 -1889 7758 -18606 END
START -7424 -15992 10916 -410 5070 -18164 END
START -6364 -14236 11100 -777 2250 -17818 END
START -5240 -13748 11136 -2826 68 -17378 END
START -4240 -12880 10880 -2848 -2311 -16659 END
START -3396 -12132 10312 -2098 -4693 -15736 END
START -2448 -10896 9528 -1703 -6682 -15544 END
START -1436 -8156 8856 -2601 -7870 -14168 END
START -344 -7108 8352 -3614 -8870 -12384 END
START 320 -4852 7640 -4061 -10929 -9963 END
START 1204 -3256 6524 -4731 -13053 -6890 END
START 1040 -2396 5324 -3916 -14130 -3332 END
START 392 -2796 6804 -580 -14544 289 END
START -968 -3380 8560 2471 -16971 3930 END
START -2112 -4172 9572 4358 -20172 7394 END
START -3120 -5728 10464 7362 -22774 10843 END
START -4608 -6804 10292 7260 -24766 13862 END
START -6768 -11468 8056 2069 -27344 17175 END