START 6668 4864 -1724 2286 2142 10225 END
START 4216 3628 -228 4544 1355 17679 END
START 1660 3464 772 6955 96 23406 END
START -2112 1340 2800 10888 -1203 28556 END
START -6180 -3448 5680 19956 -3751 32767 END
START -8620 -7076 5916 26437 -6815 32767 END
START -10496 -11580 6172 27857 -4681 32767 END
START -13068 -14976 8940 18839 2717 32767 END
START -16440 -22076 9700 1923 4597 32767 END
START -16120 -29776 5440 -4004 1949 30249 END
START -14396 -29320 356 1493 3081 26202 END
START -13604 -26176 -1520 5268 6937 21674 END
START -14292 -25148 792 9440 9810 19641 END
START -14472 -27152 -84 10799 8638 18554 END
START -14768 -29156 -1824 15878 8858 15961 END
START -14260 -29280 -4684 14136 12944 10714 END
START -14172 -27868 -4396 7121 19039 4022 END
START -14192 -27632 -2408 2809 22788 -622 END
START -13888 -27344 328 3612 23433 -3498 END
START -13636 -26732 2688 9789 22194 -6477 END
START -12524 -25420 3872 10276 20192 -9967 END
START -13144 -25488 4972 6970 20477 -13910 END
START -13256 -24504 6200 2267 20614 -17019 END
START -12948 -22744 7032 -767 20442 -20270 END
START -12680 -20124 9540 -466 19485 -22558 END
START -12152 -17732 11808 1613 16660 -23911 END
START -10412 -14672 12764 1703 12403 -23473 END
START -8508 -12132 12008 -435 9398 -22468 END
START -7060 -10824 11140 -3404 7564 -21402 END
START -6252 -10000 11424 -3163 5709 -20183 END
START -5108 -8252 11820 -1018 2189 -18488 END
START -3132 -7080 10976 -298 -1767 -15477 END
START -1964 -6680 9976 -295 -3980 -12723 END
START -1396 -6368 10028 -809 -5645 -10628 END
START -1016 -6460 10396 -493 -7865 -8273 END
START -588 -5904 11000 1818 -10780 -5785 END
START -92 -5636 11336 2877 -14055 -2193 END
START -352 -6104 11696 2796 -16609 423 END
START -1092 -6732 12232 3472 -19831 3529 END
START -1980 -8096 12248 3946 -23629 6396 END
START -3192 -9320 11044 2635 -26707 8370 END
START -5672 -13348 8464 907 -28388 10538 END