START -16248 -25060 3400 8074 12829 23765 END
START -18316 -30648 3368 13295 10614 25206 END
START -18300 -32768 3620 14612 10408 20452 END
START -17636 -32768 3132 8850 11848 13728 END
START -15852 -32392 1860 4727 11480 8131 END
START -14312 -31040 300 4534 11176 3238 END
START -13240 -28224 -52 4786 11843 -441 END
START -13224 -26384 368 5002 13645 -3774 END
START -12580 -24660 1516 3945 14170 -7480 END
START -12004 -22740 1840 2431 14946 -10858 END
START -12048 -21316 2668 1029 16550 -13514 END
START -12692 -19480 4060 908 16578 -16083 END
START -12740 -18492 5700 563 16203 -17752 END
START -12988 -17972 7604 1847 14954 -19016 END
START -12568 -16260 8908 1854 13634 -19769 END
START -11612 -14796 10660 1856 11946 -20679 END
START -10548 -13076 10716 -81 8589 -19951 END
START -8944 -13120 9300 -280 5569 -19487 END
START -7720 -11592 8160 1322 3891 -20107 END
START -6660 -9588 8040 1207 3049 -19008 END
START -5728 -8776 8252 361 1808 -17460 END
START -4840 -8448 8272 529 336 -16468 END
START -3452 -7620 8836 2649 -1821 -14958 END
START -2864 -5972 8820 5067 -4621 -12646 END
START -1104 -5076 9640 5085 -6840 -9732 END
START 420 -5092 9828 4456 -8591 -7245 END
START 548 -4300 9764 2933 -10261 -4201 END
START 592 -4976 9748 1211 -12514 -378 END
START 104 -6596 9844 4388 -15148 3511 END
START -620 -7372 10412 6350 -17037 7442 END
START -2160 -8784 11992 4415 -18669 10488 END
START -3888 -10680 13516 2624 -21488 12702 END
START -7664 -12812 14520 3494 -26154 15166 END
START -11996 -17176 12120 -384 -31047 18004 END