START 3512 3872 1028 2656 -654 12219 END
START 3264 2892 1672 3149 -1281 16662 END
START 1464 1904 1224 5616 -1675 22190 END
START -636 1736 2128 9783 -721 26504 END
START -3984 24 2936 10679 -371 30697 END
START -7072 -4036 3168 11062 -487 32767 END
START -9080 -9436 3208 10885 -189 32767 END
START -12316 -15864 4824 13936 653 32767 END
START -14584 -23440 5928 15247 -377 32767 END
START -14756 -29676 3372 14519 2480 32767 END
START -14288 -31632 3020 7899 4976 26567 END
START -12868 -30072 2364 5324 4247 22796 END
START -11308 -27956 1008 4185 4703 22702 END
START -11808 -30400 -1696 4489 4463 21176 END
START -11080 -29408 -3328 6462 6504 17775 END
START -10392 -27136 -3588 6196 8377 14169 END
START -10612 -24004 -3660 4716 9642 11182 END
START -9692 -22292 -4292 3952 12076 8192 END
START -9884 -21428 -3752 6071 17023 6016 END
START -10900 -20600 -1488 7560 20770 3224 END
START -12228 -21216 508 5835 22072 733 END
START -13852 -23892 1828 5558 23300 -2713 END
START -16156 -26744 3680 10532 23167 -7047 END
START -15748 -25500 5684 14438 20876 -12353 END
START -13952 -22312 5620 12762 20113 -16641 END
START -12920 -19736 6728 9404 19932 -19346 END
START -12008 -17956 8096 7040 18548 -21139 END
START -11100 -17368 8936 6210 15764 -22277 END
START -9708 -15272 9856 6341 13706 -23415 END
START -8404 -12848 10604 3506 11221 -22546 END
START -7080 -11432 11900 1555 7449 -20599 END
START -6244 -10464 13144 1361 3441 -18247 END
START -4884 -10004 13528 1507 -1186 -16558 END
START -4052 -8164 12692 664 -4758 -14411 END
START -2776 -5948 12140 -2057 -7921 -11521 END
START -2244 -5204 11616 -4445 -10827 -8697 END
START -2096 -5300 10236 -4701 -13741 -5612 END
START -2460 -6564 9344 -1348 -16654 -2646 END
START -1932 -6516 8072 1229 -19685 387 END
START -2044 -6584 7332 424 -20806 3341 END
START -2960 -7696 8124 316 -21558 5789 END
START -4372 -9004 9096 2300 -23212 8203 END
START -6576 -11132 9176 4258 -26133 10729 END