START -19644 -24316 10224 8960 -550 -4077 END
START -20300 -25800 8648 5782 696 -7443 END
START -19316 -25440 9304 -1904 151 -11338 END
START -20536 -25612 9164 -6443 -2164 -15087 END
START -21516 -24772 9620 -7581 -4810 -19473 END
START -21024 -22312 9484 -7770 -6154 -24103 END
START -20520 -20352 9040 -9713 -6352 -26819 END
START -18764 -17632 8196 -11498 -5843 -28047 END
START -17628 -15824 6048 -13132 -4078 -30022 END
START -15520 -12728 4916 -15240 -960 -31501 END
START -13404 -11736 5408 -16255 616 -31268 END
START -11864 -9796 5548 -13487 -428 -30280 END
START -8760 -7248 3204 -15273 -622 -28095 END
START -5800 -6232 540 -20271 1193 -24922 END
START -4012 -5996 -2048 -23233 4582 -20920 END
START -2688 -5412 -4128 -21921 6851 -17980 END
START -2024 -5196 -5576 -17682 8157 -14795 END
START -1580 -5300 -7628 -9396 9477 -13359 END
START -1320 -3008 -7228 -4496 12334 -10719 END
START -1188 -2684 -5640 -4187 14974 -7623 END
START -1456 -2204 -3816 -3302 17158 -4058 END
START -912 -2240 -2996 -3003 19267 -1152 END
START -380 -720 -1836 -4113 21636 3050 END
START -476 -204 -1216 -7006 22849 7680 END
START -1376 -968 1248 -5909 21944 12141 END
START -1008 -580 4148 -953 18668 16357 END
START -256 -436 6928 4785 13646 21251 END
START -728 -2344 10548 10988 7283 25364 END
START -2992 -6904 14244 16253 342 27557 END
START -5332 -11716 18256 17572 -3889 29224 END
START -7652 -20680 23384 8240 -5829 29473 END
START -8896 -29444 24604 -3242 -9365 25253 END
START -8948 -32768 21784 -5482 -15225 18949 END
START -8428 -32444 16304 -7121 -21363 13647 END
START -9376 -32464 7868 -10720 -26287 10732 END
START -12752 -32768 -228 -14320 -26082 6355 END
START -15572 -31964 -7992 -16203 -23628 1270 END
START -17400 -29932 -15592 -16062 -19484 -4084 END
START -16000 -26436 -17440 -11050 -13465 -9582 END
START -14396 -21176 -16916 -6638 -8204 -12894 END
START -12128 -16956 -15256 -3963 -3222 -14361 END
START -10672 -12560 -12536 -2153 1261 -14704 END
START -9456 -9188 -10100 -2748 4112 -13149 END
START -8388 -8352 -9176 -2621 6235 -10169 END
START -7772 -8744 -8280 -1247 9239 -8043 END
START -6644 -7592 -7864 -376 12942 -6733 END
START -4992 -5904 -5744 -770 15454 -4826 END
START -3532 -5152 -3816 -117 16798 -2445 END
START -1768 -3824 -2440 1258 18423 1102 END
START -1080 -2708 -564 831 19858 4628 END
START -868 -2980 1416 1435 20744 8093 END
START -1540 -3924 4416 3704 20135 10907 END
START -2708 -5364 7584 6780 17221 13129 END
START -3296 -5364 9372 7714 14000 15595 END
START -4260 -5840 10236 5477 13208 19303 END
START -6888 -8716 12964 3149 11715 20510 END
START -8128 -12056 16316 5288 6359 20531 END
START -7964 -13952 18508 14157 -510 19599 END
START -6440 -11004 20624 17783 -5423 20388 END
START -9024 -12496 23104 8314 -7244 23867 END
START -12872 -18904 26000 451 -10811 24699 END