START -13188 -23196 -1116 12637 4966 92 END
START -14392 -24420 -572 6377 4780 -5029 END
START -16564 -26140 584 -1213 2786 -7344 END
START -17720 -24640 2168 -945 504 -9270 END
START -16896 -22560 3392 1318 -1703 -13250 END
START -16300 -20100 4100 -1129 -2294 -16205 END
START -17156 -18436 4464 -7122 -2466 -18875 END
START -17060 -18028 4492 -9262 -2701 -20282 END
START -15140 -15868 5536 -8367 -4070 -21392 END
START -14140 -14832 4232 -10116 -3706 -22261 END
START -13452 -13428 2672 -11700 -2537 -24251 END
START -11420 -10388 2040 -12139 -713 -23998 END
START -8396 -8592 1240 -13531 278 -23244 END
START -6244 -6472 728 -15014 1612 -22331 END
START -4440 -6420 -1964 -13667 2398 -20057 END
START -3372 -5084 -2956 -10008 5091 -19865 END
START -2768 -2532 -3944 -9878 5517 -19669 END
START -1268 368 -7732 -10145 8615 -12586 END
START 768 156 -7644 -10217 14224 -7333 END
START 832 944 -8464 -11233 19646 -5019 END
START -184 1088 -6756 -10443 21599 -1768 END
START -216 2412 -4360 -3772 19708 2759 END
START 8 2884 -2700 1744 17866 7623 END
START 316 2616 -396 5170 15858 12416 END
START -192 1292 2728 7280 15055 16873 END
START 96 -1996 8580 10117 11888 19952 END
START -536 -6964 16004 11235 6561 23804 END
START -4484 -15664 21848 8875 -1369 25370 END
START -7008 -25288 22772 6149 -8593 21746 END
START -6940 -31252 20632 4027 -15639 16608 END
START -4172 -31448 14148 -73 -19981 11781 END
START -4300 -31912 7216 -5121 -22512 9033 END
START -5536 -31544 -168 -7866 -23748 6807 END
START -7508 -32060 -9376 -9220 -21394 2528 END
START -8536 -29700 -12744 -7417 -16131 -3105 END
START -9520 -27444 -14028 -7480 -12189 -7478 END
START -10328 -24760 -16288 -7046 -9133 -9554 END
START -9616 -22016 -16776 -4834 -5356 -10759 END
START -9068 -18144 -15492 -2330 552 -12838 END
START -8384 -14040 -12584 -1172 3205 -13510 END
START -6220 -10864 -11724 -414 6733 -11290 END
START -4928 -8592 -10180 -1568 10223 -9963 END
START -4164 -6316 -8812 -2487 12106 -7535 END
START -3248 -5132 -8296 -2171 12886 -5095 END
START -2140 -4344 -7612 101 14446 -1495 END
START -1980 -4208 -5776 2631 16455 224 END
START -1552 -3088 -2740 3693 17941 2312 END
START -1336 -2924 84 3920 17423 5064 END
START -1604 -2432 2200 3761 16808 7429 END
START -1460 -1800 4388 2171 16403 10448 END
START -3280 -3604 8900 3569 15410 13559 END
START -3152 -2576 11856 4227 12399 17681 END
START -4120 -2172 13232 964 9556 24335 END
START -7816 -7796 17024 -1502 6335 28660 END
START -9768 -13388 22708 1418 -1249 28103 END
START -10780 -18272 26992 8542 -12045 25649 END
START -12796 -22288 25768 6983 -19267 24337 END
START -13592 -23444 20148 -8268 -23250 25083 END
START -15564 -29116 9896 -12236 -27587 20721 END
START -16920 -30776 -36 -5342 -28894 12248 END
START -17184 -29468 -3064 -4142 -25046 3546 END