START -18512 -31268 3844 7423 -4274 -7731 END
START -20264 -28620 4368 5850 -3201 -14594 END
START -18656 -26648 5740 -208 -3981 -17788 END
START -18216 -23884 6824 -6632 -3969 -19870 END
START -17828 -23164 7896 -10295 -4475 -22219 END
START -17228 -19852 6852 -14062 -5050 -23052 END
START -16364 -17248 6504 -16706 -3605 -23839 END
START -14704 -16276 6284 -17810 -3308 -24980 END
START -13456 -14592 5044 -16119 -2347 -25388 END
START -12360 -11648 3728 -15408 -968 -25249 END
START -9908 -9656 2940 -16305 717 -24022 END
START -7472 -8336 2184 -15918 2789 -22981 END
START -6488 -7140 1024 -15720 3496 -20344 END
START -5688 -6792 -852 -14748 3706 -18515 END
START -4760 -6160 -3388 -13613 3800 -16380 END
START -2520 -5072 -4556 -10881 6956 -14408 END
START -1828 -3480 -4312 -10680 10450 -12555 END
START -1816 -2720 -4700 -11868 12375 -9352 END
START -1572 -3404 -5196 -9267 13746 -6467 END
START -948 -2892 -4676 -4501 14010 -5238 END
START -736 -1516 -3964 635 14689 -3215 END
START 44 508 -2644 3748 15079 561 END
START 1248 972 -1608 3616 15711 4735 END
START 1928 164 172 5222 16507 8665 END
START 3076 -268 3136 9145 16697 12435 END
START 3532 -324 7096 11402 14373 16640 END
START 2740 -6856 14540 15842 9350 21703 END
START -12 -13036 23080 15813 2658 24572 END
START -3636 -22252 29156 4903 -4890 24895 END
START -5108 -30440 28128 -4970 -13697 20800 END
START -4564 -30256 19592 -7852 -22591 15552 END
START -5092 -27256 8896 -11236 -27328 14419 END
START -9220 -30400 -2900 -17022 -25778 9579 END
START -13112 -32768 -10728 -17702 -20059 2434 END
START -14008 -31652 -12972 -10427 -16820 -4619 END
START -14160 -28692 -16732 -9181 -14469 -9088 END
START -12532 -25464 -21164 -9270 -7481 -12447 END
START -10576 -20816 -20788 -6913 508 -15063 END
START -8948 -14524 -16504 -3790 4606 -16168 END
START -5992 -10588 -12780 -1473 6816 -15438 END
START -3416 -5980 -10204 -176 9473 -12307 END
START -1752 -3212 -8060 -2182 12026 -7109 END
START -1556 -3380 -5308 -3164 12524 -2492 END
START -736 -3828 -3848 -1018 11767 1667 END
START -228 -3468 -2752 1878 11362 4230 END
START -268 -2748 -2032 2468 12343 7201 END
START -716 -2776 -964 1230 13695 10247 END
START -968 -2588 836 218 13813 13768 END
START -1220 -4108 1368 -514 13307 15678 END
START -1840 -4548 2412 459 13091 16716 END
START -4204 -5900 4472 1514 12420 17813 END
START -5868 -6432 7396 5378 10954 19331 END
START -5952 -5924 10304 6580 7783 20820 END
START -8144 -8184 13144 8566 5152 22458 END
START -9788 -8676 16104 10270 2709 23066 END
START -10700 -9920 19548 6924 -1468 24579 END
START -12788 -12252 21060 7033 -6907 25427 END
START -16336 -15312 22116 9220 -14078 27877 END
START -19024 -17924 21892 6277 -21162 31173 END
START -22932 -19848 21156 -2729 -25587 31272 END