START 4992 -1832 -1140 2978 -1219 12660 END
START 1896 -3308 -320 6414 -2330 15899 END
START 1704 -5856 324 8176 -2796 18597 END
START 2280 -8496 1404 9850 -2813 20107 END
START 1372 -11952 1268 9718 -3542 21550 END
START -1204 -14608 360 8315 -2062 21874 END
START -2420 -14536 1564 8991 -1052 21998 END
START -2100 -15144 4084 11100 -816 23961 END
START -2716 -19088 5860 10984 -1955 25748 END
START -4452 -23484 3648 11039 -3782 25754 END
START -5332 -22652 528 9267 -2257 23327 END
START -6300 -19896 2328 9739 2132 21424 END
START -6924 -19256 5752 9414 1525 22408 END
START -6968 -22944 2964 9105 -1722 23959 END
START -6524 -27364 -2020 8321 326 22162 END
START -6868 -28124 -3456 6335 5595 18022 END
START -8440 -27132 -832 4505 7898 14905 END
START -9588 -27160 496 2913 7418 12936 END
START -9312 -28572 -1704 1127 7114 10689 END
START -8516 -29184 -4300 294 9855 6640 END
START -8132 -28736 -4004 -1191 13260 2484 END
START -8812 -27588 -1516 956 14228 -236 END
START -9024 -25992 832 1881 14351 -2988 END
START -9568 -24916 3056 522 14640 -5574 END
START -9188 -24200 3848 -1393 14590 -8186 END
START -8548 -23628 4220 -2990 13901 -10706 END
START -8552 -23156 5148 -1397 12925 -12446 END
START -8276 -22804 5804 343 10961 -14441 END
START -7276 -21456 6564 -319 9786 -16233 END
START -7156 -20424 7440 -3744 9644 -17976 END
START -7120 -19428 8172 -3253 8224 -19197 END
START -6196 -17420 8872 -675 5770 -18838 END
START -5404 -15616 9260 -823 3376 -18589 END
START -4800 -14280 8820 -1397 1654 -18359 END
START -3448 -13412 7900 -1675 547 -17856 END
START -2364 -11600 7784 -1702 -964 -16861 END
START -1808 -10648 7764 -1012 -3497 -15575 END
START -1244 -9700 7176 30 -5847 -13283 END
START -836 -9048 6576 820 -7427 -11634 END
START -412 -7552 6308 160 -9088 -9485 END
START 44 -6844 6860 1093 -10344 -7621 END
START 496 -5760 7048 891 -12709 -4962 END
START 1100 -5680 6680 1699 -14378 -2166 END
START 1028 -4828 6700 506 -15703 1091 END
START 472 -7028 5892 1167 -17612 3811 END
START -400 -9364 4568 2753 -19156 5550 END
START -2036 -13464 2248 3344 -21279 7714 END