START -11420 -13528 -5684 3585 3910 31 END
START -12436 -11304 -6528 4824 5258 -958 END
START -13692 -13040 -5576 2950 7537 -1016 END
START -16960 -16928 -6280 1280 6987 -1997 END
START -19712 -23988 -7008 1413 6739 -6994 END
START -22136 -26540 -6696 4757 7868 -13805 END
START -22180 -25144 -6076 3216 7575 -17935 END
START -20424 -24620 -5904 -675 8758 -20449 END
START -19396 -22628 -5128 -3218 10720 -23228 END
START -18420 -19804 -3388 -3810 10539 -25054 END
START -16128 -17464 -1672 -2169 8001 -26308 END
START -13988 -14700 -1768 -3127 6296 -25911 END
START -11612 -14236 -1792 -6415 6535 -24662 END
START -10404 -12780 -2048 -8865 7156 -23525 END
START -8720 -11016 -2120 -8629 7822 -22261 END
START -7680 -11388 -2072 -9986 7108 -20759 END
START -6912 -9840 -2540 -10762 8688 -19742 END
START -6216 -8312 -3904 -11110 8793 -16893 END
START -4316 -7456 -6408 -10415 10306 -15033 END
START -3304 -5916 -7824 -10110 13470 -13497 END
START -3072 -4172 -7368 -9873 15473 -11338 END
START -2496 -3172 -6860 -6704 15756 -9536 END
START -2660 -1488 -6808 -3197 15437 -7938 END
START -2608 348 -7248 -1479 15915 -5213 END
START -836 2980 -7332 -1769 17423 -1267 END
START -208 5704 -6508 -2755 19093 2895 END
START 576 6968 -5544 -1992 19280 7920 END
START 2148 6924 -4544 491 18739 13296 END
START 2984 5776 -2532 3742 18215 18477 END
START 2172 4108 1860 4609 18550 23183 END
START 128 180 10772 3502 16433 28221 END
START -3600 -8868 21296 4596 6523 31712 END
START -8440 -21744 26576 10989 -8809 30206 END
START -7780 -29420 23548 12075 -17937 25145 END
START -3152 -32768 23284 3779 -17045 18073 END
START -3488 -32768 20452 116 -23030 11584 END
START -5628 -32768 6984 194 -31374 9362 END
START -6356 -32768 -4372 -3299 -29310 4178 END
START -10752 -32768 -11300 -7687 -23002 -393 END
START -13852 -32768 -18368 -9538 -19781 -3302 END
START -14504 -29104 -21672 -3999 -14879 -9147 END
START -13892 -22588 -23540 -3158 -9774 -11580 END
START -12860 -17860 -22920 -3013 -4361 -12317 END
START -11260 -13148 -21416 -3019 90 -11303 END
START -9464 -9208 -20108 -2393 5248 -9932 END
START -7416 -5244 -18068 -3705 9580 -6967 END
START -6252 -4692 -14660 -2853 13447 -4156 END
START -5900 -3788 -10392 285 15008 -1407 END
START -5144 -3336 -8208 1363 15586 1788 END
START -4624 -3300 -5976 1721 17369 4501 END
START -4328 -3424 -3020 1192 18799 7370 END
START -4168 -3900 336 1984 18351 9664 END
START -3872 -3796 3128 4433 15648 11710 END
START -3848 -3440 3900 7428 12804 14952 END
START -4012 -4820 4452 9292 12025 17086 END
START -4768 -5752 7616 11782 12244 17882 END
START -5720 -7948 12892 12949 10537 18985 END
START -7620 -10856 17832 12794 6506 19783 END
START -8408 -13740 21216 8886 2888 22854 END
START -8812 -17188 24364 4358 -1235 22098 END
START -9824 -17312 26124 2093 -7916 21338 END
START -11308 -19644 23044 -1087 -17311 22040 END
START -12524 -24292 15756 -1210 -24306 20395 END
START -13808 -24804 10248 -4061 -24480 16069 END
START -17780 -26572 6528 -9760 -25623 12407 END
START -22020 -31180 1692 -10957 -28223 6270 END
START -25172 -32156 -3648 -6613 -30342 -2088 END
START -22536 -28256 -7120 -2984 -26453 -5489 END
START -20968 -24660 -8152 -4829 -21030 -10562 END