START 3916 496 1332 -579 -108 3956 END
START 3364 540 1388 -141 -2225 6743 END
START 2380 700 748 2947 -4184 9691 END
START 2660 -1128 28 4447 -4767 12598 END
START 2124 -4668 -156 5435 -4791 14461 END
START 684 -6504 -448 6585 -4436 15665 END
START 796 -7844 -1168 7587 -5047 16669 END
START 2216 -9384 -972 9298 -3138 17856 END
START 1420 -11504 436 6067 -2246 18935 END
START -1412 -14328 -108 6769 -3160 19644 END
START 68 -16148 -756 11452 -3761 21923 END
START -280 -15688 2156 14518 -693 23521 END
START -3696 -20768 5108 12085 -1604 24564 END
START -5692 -23704 3416 10602 -3689 24107 END
START -5796 -24176 -116 9224 -2413 22255 END
START -5604 -23676 -124 8660 1119 20620 END
START -5452 -24336 1924 8150 1835 19539 END
START -6336 -26732 172 6096 730 18966 END
START -6692 -27304 -4628 2101 3183 16657 END
START -8656 -28448 -5644 2268 6414 13422 END
START -10212 -28544 -4240 7442 6401 11290 END
START -10140 -28448 -3548 6735 7323 8286 END
START -9196 -26680 -3616 2082 9838 4836 END
START -8664 -25236 -3148 -1106 12662 1952 END
START -8192 -23676 -2436 -1174 14657 102 END
START -8308 -22736 376 83 16289 -1721 END
START -8552 -22140 3268 -767 16087 -3113 END
START -8224 -21736 4860 -1918 15326 -4881 END
START -8528 -21772 6372 115 13299 -6324 END
START -7536 -20908 6640 -413 11845 -8023 END
START -6796 -20848 6092 -1675 10463 -9949 END
START -6100 -19972 5324 -1461 9658 -11232 END
START -5296 -18332 5260 -1499 8689 -12324 END
START -4664 -17692 5320 -2370 7426 -12827 END
START -3780 -17572 4872 -1694 6880 -13387 END
START -3636 -17056 5420 -1602 5650 -13486 END
START -3524 -16160 6284 -933 3874 -13264 END
START -3168 -16168 6004 -1297 1634 -13264 END
START -2300 -15780 6080 -1170 843 -13317 END
START -1892 -14384 6788 -1182 -720 -13151 END
START -1176 -12996 7284 -1274 -2752 -12217 END
START -148 -11524 6804 -2543 -4530 -10844 END
START 536 -9884 6820 -3157 -5820 -9576 END
START 960 -8608 7048 -1521 -7440 -7265 END
START 1060 -7204 6904 -1307 -9671 -5022 END
START 1208 -6508 6456 -2785 -11069 -2751 END
START 1128 -6112 6764 -2974 -12105 -300 END
START 212 -7160 8868 -684 -14234 2260 END