START -18288 -25608 6924 -1859 2071 -1552 END
START -18988 -27604 6148 -3648 -127 -5728 END
START -18400 -27512 5784 -3471 -2166 -9712 END
START -18188 -25908 4960 -6376 -2428 -13822 END
START -18164 -24684 5468 -10365 -560 -17093 END
START -17840 -22172 6060 -13691 351 -20239 END
START -17568 -20024 6624 -14357 -143 -22492 END
START -16464 -18252 6644 -14951 -790 -23947 END
START -14376 -15516 5884 -17124 530 -24462 END
START -12884 -13628 4072 -20506 2733 -23879 END
START -12056 -12688 2124 -21000 4340 -23946 END
START -10600 -11152 668 -17693 6172 -24715 END
START -8908 -8780 144 -16128 7896 -24222 END
START -7396 -7016 -1516 -16127 9841 -21854 END
START -6076 -6624 -2832 -15251 12275 -18504 END
START -5296 -5324 -3216 -13026 13312 -17321 END
START -3744 -3612 -4724 -10671 14054 -14461 END
START -2892 -2728 -5408 -8193 17173 -11806 END
START -2500 -2204 -4536 -7085 19389 -9598 END
START -1792 -1892 -3252 -4164 18479 -7064 END
START -1248 -1724 -2400 1424 15930 -3807 END
START 40 -1248 -2600 5309 16066 -982 END
START 780 392 -2072 3870 17424 3225 END
START 832 -128 -512 1608 18603 7928 END
START 988 -284 1224 -1 18522 13005 END
START 1780 -1660 4008 3564 16939 17307 END
START 1432 -1512 7160 8361 13776 21280 END
START -228 -6024 12384 13080 8162 25190 END
START -1652 -14020 20380 23531 214 25679 END
START -2740 -19776 27908 19487 -6707 24834 END
START -4116 -24892 29924 4047 -11234 23560 END
START -5172 -31024 25356 -4114 -17612 20796 END
START -6320 -31820 17520 -5938 -26020 15965 END
START -8248 -31532 8668 -8004 -31908 12388 END
START -11404 -31040 -1968 -12204 -30938 8667 END
START -13988 -31496 -9896 -15079 -25026 3852 END
START -16276 -30288 -13020 -13421 -20357 -2811 END
START -16636 -27496 -16552 -10972 -16923 -6639 END
START -14584 -23332 -19440 -9539 -10003 -10129 END
START -12736 -19152 -19512 -7710 -1600 -12564 END
START -10780 -14440 -16252 -5723 5706 -13418 END
START -8624 -10232 -12124 -4532 8557 -12712 END
START -6880 -8108 -10308 -2907 10556 -10527 END
START -5768 -6028 -8664 -1340 13262 -7704 END
START -4424 -5180 -7160 -581 15923 -4342 END
START -3884 -4768 -4964 1084 17793 -1800 END
START -3400 -4160 -3104 3327 18651 916 END
START -2688 -2584 -1544 4162 19281 3743 END
START -2016 -1228 -488 3586 20587 7204 END
START -3064 -1536 1812 3934 21474 10914 END
START -4448 -3208 5780 8018 19222 13569 END
START -4476 -3128 8816 13264 16135 16372 END
START -5304 -2896 11044 13182 15062 20545 END
START -8092 -5700 14512 6862 14754 24424 END
START -10124 -11396 20376 6430 10060 25278 END
START -9044 -12020 21960 9782 1901 23775 END
START -8820 -9720 21552 9000 -3976 25363 END
START -12404 -13920 25160 5974 -6322 27636 END
START -14388 -17756 29000 3035 -11026 25773 END
START -17316 -20284 30352 -319 -19640 24561 END