START -20012 -24304 5648 12320 -479 211 END
START -21272 -28388 6324 6852 346 -4919 END
START -20656 -30452 7692 3479 -1728 -10426 END
START -19284 -28932 5892 259 -5019 -15214 END
START -17968 -25924 2964 -5370 -4626 -18147 END
START -17268 -23028 2260 -11343 -1426 -20753 END
START -17440 -20380 3964 -14062 -829 -23613 END
START -17108 -18616 4316 -14204 -2058 -23334 END
START -15348 -16512 4172 -14607 -1857 -22641 END
START -14476 -15924 4580 -16073 -569 -23154 END
START -13288 -15868 4716 -17045 52 -23578 END
START -11756 -15700 3856 -15253 724 -23587 END
START -10392 -13916 3112 -15273 1798 -23348 END
START -9020 -13208 1724 -16972 3097 -22627 END
START -7740 -12736 264 -15157 4061 -22369 END
START -5712 -9616 236 -13082 5392 -21794 END
START -4352 -9196 -1560 -12928 4669 -18249 END
START -4256 -8120 -2360 -12820 5246 -16005 END
START -3908 -7672 -3932 -12455 6335 -14111 END
START -3632 -6672 -4908 -11876 7826 -12994 END
START -3152 -5468 -6308 -11521 9493 -11253 END
START -2320 -4288 -6844 -10147 11068 -9456 END
START -2144 -3996 -6908 -5881 11079 -8008 END
START -1544 -2516 -8016 -1199 11677 -6387 END
START -204 -232 -7192 68 13451 -4302 END
START 272 2212 -6336 -936 15620 -600 END
START 436 1952 -5384 -553 17047 2740 END
START 552 1372 -2540 7347 14700 5753 END
START 2180 2248 -1680 13796 11489 9314 END
START 2484 2068 -160 16058 10668 12860 END
START 2204 -368 4444 18920 10119 17121 END
START 2400 -2540 10032 21993 8254 20357 END
START 1472 -6108 17848 21600 6204 23721 END
START -900 -13528 25176 16555 2210 26269 END
START -2172 -20836 29452 9313 -2445 25545 END
START -2432 -27020 31132 4979 -9024 22981 END
START -2828 -29588 25144 553 -18054 21163 END
START -4468 -31928 14300 -5666 -23318 18782 END
START -7388 -32768 6032 -10134 -22010 13388 END
START -10668 -31612 2592 -12381 -22359 8816 END
START -14292 -32768 -6484 -13361 -23641 6361 END
START -15648 -32768 -14760 -10618 -20066 -676 END
START -13992 -31216 -15536 -5202 -13323 -9245 END
START -14388 -24784 -15952 -5924 -8375 -12422 END
START -11560 -20988 -16044 -6359 -2591 -13478 END
START -9852 -15876 -13856 -5389 3252 -14690 END
START -7836 -10404 -11520 -5249 7548 -13725 END
START -5640 -7660 -10776 -6946 10923 -10706 END
START -4224 -5524 -9776 -6361 14543 -7866 END
START -3580 -4112 -7668 -2712 16232 -4194 END
START -2952 -3432 -4832 639 16591 -1023 END
START -2832 -2320 -2420 3199 17137 1871 END
START -3060 -1624 60 3808 17726 5755 END
START -3236 -2460 1496 2933 18505 9552 END
START -4132 -4092 3116 3926 19096 11448 END
START -5264 -4180 5084 6953 17927 13220 END
START -4756 -4400 7296 9247 15979 15753 END
START -5268 -5096 8896 8503 15137 18113 END
START -6384 -6184 10508 5569 15808 19558 END
START -6604 -7200 13948 5038 14125 20389 END
START -7744 -8396 18344 7104 8784 23269 END
START -10068 -11192 24112 13887 1851 26094 END
START -11532 -14396 28320 10817 -5283 27965 END
START -14844 -20480 31040 2183 -12296 28028 END
START -17680 -27300 28424 -5799 -19600 24213 END
START -20012 -30892 23976 -13184 -27714 17432 END