START 4132 -284 404 -2994 3147 3348 END
START 1884 360 860 -2261 1674 7229 END
START 2184 -740 1104 1209 -1100 10504 END
START 3076 -184 620 1461 -2355 13159 END
START 1440 -1436 120 769 -569 15254 END
START -680 -1064 1308 2351 -187 17605 END
START -1352 -3312 1448 4302 -2026 21126 END
START -1236 -6368 1300 8929 -2343 24296 END
START -1512 -8560 1496 9156 -836 26133 END
START -3160 -10432 1324 8158 764 26574 END
START -4848 -12784 1952 10297 1257 27448 END
START -5564 -15616 2216 13414 1326 29355 END
START -5892 -19256 2760 13859 2991 29620 END
START -7608 -20192 4708 11465 5870 28487 END
START -10864 -23908 7836 9660 5905 27635 END
START -11912 -29360 6612 8616 3098 25523 END
START -10940 -31332 4228 7561 3898 21071 END
START -10708 -30376 3000 5443 6456 16501 END
START -11392 -30628 2920 3684 7616 13256 END
START -11556 -32768 1804 4627 6690 9143 END
START -10684 -31892 356 5396 7123 4498 END
START -10324 -28424 -968 3089 8988 668 END
START -10120 -25712 -1780 -12 10742 -2649 END
START -8512 -23868 -2236 -1359 12732 -4361 END
START -8148 -24512 -444 1452 14290 -5932 END
START -8680 -23560 1440 2452 14750 -7293 END
START -8728 -22964 3200 821 15275 -9646 END
START -8564 -22004 4924 -554 15985 -12360 END
START -7520 -20504 6296 -2369 16670 -13735 END
START -6952 -20488 8300 -4562 15549 -14915 END
START -6868 -21156 10368 -1675 12842 -16083 END
START -6204 -19408 11712 -783 10329 -17188 END
START -5792 -17136 12280 -3540 8677 -18641 END
START -4916 -15788 13072 -5281 6839 -19272 END
START -3596 -13928 13032 -4606 3485 -18962 END
START -2712 -11284 12468 -3341 -250 -17384 END
START -1996 -10028 11732 -2253 -3511 -16271 END
START -928 -8832 10168 -2414 -5850 -15000 END
START -224 -7508 9020 -3186 -7711 -12818 END
START 188 -7524 8876 -2149 -10318 -10938 END
START 308 -7104 8876 -1440 -12696 -9002 END
START 304 -7260 8708 225 -14827 -7737 END
START -404 -6308 9176 3125 -16742 -4803 END
START 24 -6348 10364 2341 -19614 -11 END
START -1288 -7360 10536 839 -22853 2094 END
START -2880 -8640 9580 315 -25736 3689 END