START -12652 -26340 -660 1413 1268 1641 END
START -13268 -28776 1868 -4051 1815 -1038 END
START -15264 -32768 2448 -4389 -1436 -5259 END
START -17496 -32768 1992 -1566 -5034 -11659 END
START -18000 -32204 480 -2446 -4383 -19016 END
START -17232 -28140 1196 -9854 -909 -23889 END
START -16640 -24652 3260 -12478 1132 -27112 END
START -15584 -19904 3512 -14306 1492 -27732 END
START -14412 -16716 2980 -15102 2861 -27278 END
START -12756 -13396 2116 -16278 4268 -25510 END
START -10288 -11164 1332 -16837 5058 -23695 END
START -8124 -9448 528 -16566 6746 -21594 END
START -6128 -7780 -260 -17473 8658 -19114 END
START -4600 -6744 -960 -16631 9665 -16967 END
START -2968 -5944 -428 -13746 9140 -14638 END
START -1984 -4720 -1732 -11182 7370 -11753 END
START -780 -4320 -3364 -10742 7774 -9739 END
START -172 -4680 -5064 -9795 8744 -7209 END
START -796 -5232 -6012 -8185 9855 -5797 END
START -856 -5876 -7092 -6180 9805 -4424 END
START -604 -6184 -7296 -3293 10545 -3805 END
START -944 -5600 -7696 -1592 10544 -2980 END
START -712 -4852 -7484 -742 11044 -1825 END
START 212 -4404 -7068 -986 11337 -354 END
START 284 -3384 -6544 -902 11711 1372 END
START 1996 -1912 -6308 -2149 13146 3810 END
START 3040 -648 -5324 -5539 14622 7571 END
START 2828 -968 -1996 -5364 14599 10999 END
START 2008 -1696 860 756 10402 14201 END
START 1880 -2604 848 5874 6638 17075 END
START 964 -4392 1712 7689 5526 20053 END
START 376 -7404 4812 8378 5664 21587 END
START -1128 -10752 8692 6548 3778 23491 END
START -2288 -18016 12376 5150 -1073 24044 END
START -3008 -24880 14700 10503 -7821 21278 END
START -2892 -27200 14680 11525 -12266 18795 END
START -2480 -30364 12712 201 -14517 16682 END
START -4712 -32768 8788 -4835 -18296 12631 END
START -6596 -32768 3472 -1429 -22823 6336 END
START -6396 -32080 -644 -2268 -23393 2264 END
START -7480 -31016 -5592 -7992 -23368 -7 END
START -9080 -29776 -13696 -10796 -21560 -2738 END
START -9364 -26760 -18352 -8567 -16765 -6918 END
START -10632 -21668 -19712 -6102 -11964 -9606 END
START -9872 -18348 -21424 -4805 -7693 -10561 END
START -9024 -14588 -20480 -2707 -2412 -11378 END
START -8004 -11080 -18952 -941 2728 -10988 END
START -7096 -7908 -16480 -687 7108 -9960 END
START -5608 -5828 -14516 -1444 10435 -7130 END
START -5548 -5444 -11660 -658 13806 -4492 END
START -5464 -5360 -8844 1055 15706 -2021 END
START -4648 -5176 -5832 1550 15907 782 END
START -4460 -5288 -3748 1767 15913 4275 END
START -3564 -5596 -1852 1524 16090 6951 END
START -3252 -6352 -76 3080 15492 8789 END
START -3236 -6680 1876 6037 14288 10551 END
START -3980 -7644 3180 6798 13668 12534 END
START -3792 -8748 3668 3397 14700 14254 END
START -4624 -11184 4564 325 16417 14634 END
START -4828 -11224 6456 -710 14548 16395 END
START -5328 -13040 7724 -514 10741 18200 END
START -7284 -16248 9516 2305 8506 18085 END
START -9052 -16868 12132 6324 5158 16477 END
START -7824 -16420 12756 4606 -1745 17517 END
START -7752 -18464 11204 5076 -6662 17475 END
START -9956 -21216 12168 7406 -10749 16475 END
START -12384 -22624 13680 5780 -18372 15920 END
START -12492 -23896 10080 -159 -24321 15402 END
START -12792 -26124 5012 -4122 -26928 12070 END
START -13796 -29300 -152 -3737 -28906 5797 END
START -15720 -28708 -1056 -1799 -31713 -2628 END
START -17408 -21692 -4944 -4675 -31057 683 END
START -17348 -22132 -5144 -10131 -29022 -1191 END