START -416 -3804 -1540 486 13340 4571 END
START 1444 -2936 -1984 6835 10311 7072 END
START 3320 -2020 -2040 7422 10724 11058 END
START 2800 -3740 -1628 2706 12286 15048 END
START 784 -7448 1120 4230 12170 16734 END
START 40 -12256 6200 13063 5762 17599 END
START -796 -18012 11960 23815 -2833 16638 END
START -2472 -23520 19196 27271 -9231 13326 END
START -5312 -26388 20856 16952 -13319 13471 END
START -5356 -32540 15296 2737 -16105 10960 END
START -5188 -32768 5288 -4637 -16359 6140 END
START -6484 -31996 -3012 -8465 -14907 1684 END
START -8796 -29192 -8508 -7399 -12261 -3513 END
START -9884 -24500 -10852 -4403 -9366 -6088 END
START -9944 -20956 -11612 -2377 -7708 -8421 END
START -8332 -17392 -12460 -1 -5001 -9139 END
START -6592 -13376 -12640 403 -844 -8167 END
START -5044 -10428 -11240 -1426 2929 -5376 END
START -4144 -9188 -9760 -3562 6653 -3357 END
START -4464 -7752 -7284 -2950 8738 -2466 END
START -3996 -6772 -5380 -1220 9288 -4 END
START -3588 -6136 -3408 1441 9698 3099 END
START -2960 -5604 -1708 3769 9326 5541 END
START -2648 -5848 -304 4964 9051 7434 END
START -2568 -5532 912 6173 11875 11045 END
START -3548 -5060 2768 4553 14776 14064 END
START -3628 -5936 5100 1581 15542 16197 END
START -3900 -6896 7588 1184 14774 17571 END
START -5952 -7944 10772 2242 12884 18460 END
START -7724 -9924 15856 5436 8281 20840 END
START -8780 -14132 20032 11013 1576 22536 END
START -9580 -15448 21568 11783 -5208 21916 END
START -10260 -14492 20144 3741 -9021 22218 END
START -11948 -13628 17904 -7196 -11579 22627 END
START -14728 -16676 16828 -11415 -15341 22983 END
START -16648 -20528 15780 -7457 -21210 20509 END
START -21080 -23196 13848 -6614 -27838 14634 END