START -14296 -19056 8804 -4614 -3276 -4179 END
START -15832 -21564 9808 -3722 -6900 -5400 END
START -18012 -24572 10296 -1162 -10820 -8790 END
START -20068 -24688 9556 825 -15789 -10145 END
START -19376 -26432 11288 847 -17266 -14660 END
START -19332 -24168 10948 -8666 -15541 -19196 END
START -18920 -19652 9232 -21476 -9364 -20299 END
START -18164 -16704 8548 -28729 -3799 -20991 END
START -16316 -14744 7312 -28567 -1955 -21864 END
START -14160 -12556 4996 -22984 -1268 -22075 END
START -12760 -10972 3764 -20378 261 -21683 END
START -10824 -9800 3280 -20851 2335 -20358 END
START -8648 -9576 2268 -22401 4617 -18605 END
START -7344 -9244 1952 -21059 5641 -16917 END
START -6896 -9028 1416 -16828 3953 -15944 END
START -5844 -8924 1920 -7077 -112 -15630 END
START -3508 -5172 -248 -8353 184 -11565 END
START -3356 -7464 -2972 -16524 5701 -9327 END
START -3404 -7336 -4516 -15433 9362 -8400 END
START -2500 -6556 -6228 -12909 9787 -6976 END
START -1204 -6612 -7344 -8375 11045 -5711 END
START -560 -4908 -6536 -6092 13965 -4391 END
START -720 -4088 -5336 -6445 16107 -2773 END
START 208 -2976 -3672 -4819 16680 -325 END
START 372 -3060 -2712 -1506 15498 2116 END
START 1116 -2924 -2256 2205 16019 3328 END
START 1472 -1576 -1384 1257 17233 6236 END
START 2440 -1732 -248 -2020 18164 9684 END
START 1964 -3520 1412 505 15786 12713 END
START 1312 -4912 2632 7162 10645 14710 END
START 1300 -5924 5380 13904 7384 15168 END
START 2276 -6952 10184 15564 4839 17361 END
START 1600 -9660 15772 13195 1721 20113 END
START -1220 -14752 20972 9648 -3967 21581 END
START -3600 -17924 19424 4121 -9613 22588 END
START -5048 -23636 13852 -722 -13982 22111 END
START -5828 -27892 8220 -1243 -15465 17423 END
START -7012 -26076 6476 -2792 -15889 14228 END
START -9812 -26384 2480 -6707 -18041 12839 END
START -13040 -27704 -1572 -7873 -17842 9360 END
START -15172 -26908 -4080 -8158 -16198 5403 END
START -17960 -27352 -5804 -8218 -14654 167 END
START -19308 -25612 -10612 -7521 -13505 -3906 END
START -18028 -23164 -12836 -6844 -9004 -7527 END
START -16656 -19768 -14248 -5375 -4407 -11149 END
START -14536 -15168 -13480 -2068 -171 -13988 END
START -11116 -10612 -11824 1581 3134 -13869 END
START -7896 -6808 -10044 1380 6544 -11959 END
START -5972 -5204 -8232 -777 10268 -8516 END
START -5216 -5232 -5916 -2291 13329 -5849 END
START -5360 -6332 -3132 -2566 14363 -4129 END
START -4420 -7080 -1412 1253 12409 -2189 END
START -3324 -7068 -1016 5632 11061 -473 END
START -2096 -6636 -656 8468 11619 1911 END
START -684 -5536 -96 6939 14200 4515 END
START -488 -4632 472 2654 18217 9125 END
START -2068 -5652 3348 1 19778 13906 END
START -3604 -8444 6128 355 17610 18118 END
START -5244 -11400 8296 6150 14705 18048 END
START -6672 -11452 10616 14006 10889 16059 END
START -6336 -10164 13100 16396 6318 16724 END
START -6732 -10380 13500 12733 5803 18747 END
START -8816 -12936 16508 8824 5326 20114 END
START -10060 -15328 19036 10554 -590 20534 END
START -11552 -15824 19112 13882 -7722 19375 END
START -13988 -13904 20540 6899 -13360 23863 END
START -18836 -18504 21716 -11253 -17441 27976 END
START -24152 -23868 20784 -24709 -25707 24679 END
START -28616 -25528 14984 -31240 -32768 19310 END