START 2680 4460 1848 6351 -1626 17832 END
START 2252 1956 904 5493 -1861 21590 END
START 316 -172 1268 4184 -562 24642 END
START -3028 -3228 1300 3140 -360 27999 END
START -5420 -7876 660 8555 313 31072 END
START -7764 -9196 1788 13450 2281 32767 END
START -10512 -13656 4372 12519 2908 32767 END
START -11612 -20960 2964 11686 -271 32483 END
START -12764 -24264 1100 15428 1418 29630 END
START -12748 -22096 1928 15399 5570 25357 END
START -14088 -20924 3736 8999 8106 23563 END
START -14340 -24928 2528 1299 6547 24804 END
START -15184 -30788 432 4635 5071 25115 END
START -14872 -31040 -1188 9569 5545 22662 END
START -14800 -31780 -1404 6549 8230 20876 END
START -14116 -32768 -1832 2079 9682 16670 END
START -13632 -32768 -2432 2741 9889 11460 END
START -12952 -32768 -2112 9029 11705 7568 END
START -11896 -30876 388 10894 13758 4282 END
START -10644 -28744 2160 5706 14381 1182 END
START -10844 -29608 2124 3437 14744 -3599 END
START -11440 -28088 3704 6473 14967 -9121 END
START -11848 -25128 5324 5890 15740 -13692 END
START -11552 -23064 7788 2796 15535 -18509 END
START -11312 -19636 8660 1465 14700 -21168 END
START -10404 -17532 9288 909 13105 -22291 END
START -9252 -14848 9152 2415 12465 -22632 END
START -8644 -12296 10820 3080 10767 -21889 END
START -7332 -10044 12520 1658 7631 -20620 END
START -5524 -8892 12400 -2402 4947 -18742 END
START -4416 -9164 11924 -2796 3123 -17834 END
START -4232 -8360 12564 -606 -370 -16077 END
START -3232 -7816 12420 700 -5122 -13571 END
START -2424 -7060 11456 1894 -7861 -10645 END
START -1164 -6064 10900 1442 -9869 -7852 END
START -760 -5608 10868 -1178 -11816 -5351 END
START -1280 -6284 10956 -3785 -14401 -2785 END
START -2136 -6756 11032 -3969 -17692 -129 END
START -2600 -7776 10384 -1325 -21303 2839 END
START -3532 -8468 8828 438 -24247 5247 END
START -5932 -11768 6064 855 -26797 8312 END