START 5260 2260 1260 6595 -541 15418 END
START 3604 1440 1312 8936 -394 19646 END
START 2244 1460 2424 9387 -2415 23889 END
START -508 -796 1176 8792 -4045 28694 END
START -3924 -5408 880 11562 -3348 31859 END
START -7356 -9480 2648 16014 -3516 32767 END
START -8052 -13184 4664 19905 -2572 32767 END
START -10232 -17364 5008 13161 -1851 32767 END
START -11520 -21488 3728 2778 -1259 32767 END
START -11960 -21172 744 -1907 1696 30449 END
START -12540 -19840 400 -201 2255 29268 END
START -13460 -19648 -1812 660 675 30660 END
START -15708 -24556 -5820 3458 -214 30392 END
START -17128 -28804 -9556 9677 4961 26147 END
START -17848 -30204 -7748 11774 9570 21456 END
START -17732 -31224 -4904 12221 11542 16107 END
START -17116 -30856 -3468 10310 12602 11069 END
START -16992 -31428 -1768 10029 14057 5887 END
START -15884 -30016 -960 8914 14839 314 END
START -14112 -27564 -1264 6566 14851 -4259 END
START -13144 -25996 -2320 5275 15978 -7930 END
START -13080 -25024 -1576 4743 18018 -11629 END
START -14276 -24096 -532 5730 19169 -15303 END
START -14088 -21852 1104 6690 19588 -18056 END
START -13616 -20000 2868 5833 19462 -20334 END
START -13136 -18236 4208 4528 18679 -22038 END
START -12028 -15936 6028 3489 18085 -22782 END
START -10228 -14028 8080 1746 16250 -22217 END
START -8136 -12624 9432 -551 13603 -21076 END
START -6416 -11812 10368 -1619 10924 -20141 END
START -4944 -10188 10464 -918 8348 -18696 END
START -2972 -8352 10544 -1762 5654 -16370 END
START -1084 -7528 10160 -3403 2840 -14508 END
START 468 -6488 9016 -4534 622 -11867 END
START 1220 -6196 8636 -4065 -1009 -9508 END
START 1692 -6356 8868 -1521 -3522 -7136 END
START 1928 -5700 9092 1311 -6148 -4741 END
START 2144 -5888 9552 2453 -8862 -2224 END
START 1884 -6400 10304 3595 -10938 254 END
START 900 -8144 12340 5399 -13555 2987 END
START -1168 -11300 14588 7253 -17792 5227 END
START -3180 -13884 14464 6432 -22679 6427 END
START -4384 -15688 10264 4194 -26802 6056 END
START -6128 -16772 3144 47 -27652 5946 END