START 5400 1412 1840 6774 -3865 9655 END
START 5488 1900 732 7113 -3869 14414 END
START 4228 988 552 5837 -1605 18830 END
START 2852 -1408 1548 8775 635 22403 END
START 1900 -3184 3004 12766 2224 25341 END
START 532 -5292 2620 13083 2594 29255 END
START -2828 -9372 1428 11714 3277 31325 END
START -5640 -10936 2944 13292 6212 30913 END
START -8116 -11472 6656 13493 6215 31966 END
START -9476 -17524 4960 10541 3435 32767 END
START -10632 -23264 -8 9462 6197 32767 END
START -12488 -24580 368 9507 11608 28342 END
START -14424 -27428 4780 8795 12407 25552 END
START -13840 -30312 2124 8536 10131 23216 END
START -14040 -32768 1592 11485 11891 19075 END
START -13564 -32768 1900 10860 12701 13688 END
START -12528 -32768 600 5127 13915 7933 END
START -11284 -32368 212 -117 15432 2556 END
START -10956 -31032 1860 2196 16477 -894 END
START -10436 -28408 2628 5851 15787 -3852 END
START -9092 -25708 2516 2512 16473 -7188 END
START -9248 -24488 3316 -1697 18476 -10518 END
START -10096 -22572 5132 -3845 19669 -13453 END
START -10892 -22176 7944 -1325 18156 -14644 END
START -10664 -20796 10944 5103 16098 -16041 END
START -9408 -18560 11228 2930 12796 -17190 END
START -8088 -17976 11456 -951 12240 -19050 END
START -7408 -17032 11684 -3826 10615 -20060 END
START -6704 -16736 12248 -3481 7935 -20169 END
START -5928 -15208 12220 -798 5424 -19909 END
START -4472 -13248 11720 -518 2830 -18741 END
START -3008 -12544 11916 -734 1066 -18156 END
START -2456 -11160 11500 -1325 -1406 -17225 END
START -1344 -9048 10016 -3333 -3818 -15327 END
START 736 -7848 8056 -6434 -4395 -13369 END
START 1088 -7208 7956 -6993 -4420 -11721 END
START 512 -6816 8652 -2715 -5598 -9289 END
START 404 -5804 9400 1833 -8673 -5928 END
START 740 -5048 9244 2734 -10895 -2567 END
START 1076 -5660 9440 918 -12606 -428 END
START 36 -6120 10172 -56 -15101 1798 END
START -972 -7640 10868 1634 -18004 4454 END
START -2424 -8176 11236 3398 -21183 7119 END
START -3296 -8912 10640 3040 -24131 9499 END
START -4780 -11164 9312 3436 -26448 11227 END
START -6040 -13956 6160 2727 -28793 12213 END
START -7460 -16448 528 -1142 -30018 13763 END