START -16588 -25220 9656 15245 -631 7362 END
START -17480 -29472 9416 8912 -2458 2351 END
START -18488 -31360 8224 -1860 -3622 -3497 END
START -18064 -31692 6448 -7206 -5566 -8335 END
START -17864 -29452 4212 -8273 -7207 -12744 END
START -16892 -26280 1568 -9187 -6080 -16840 END
START -16944 -23664 1132 -11397 -2850 -19956 END
START -17416 -20924 2856 -11691 -881 -22417 END
START -15492 -19340 3864 -12187 -1222 -23992 END
START -14192 -17104 2992 -13596 -316 -24403 END
START -13028 -15832 2024 -16092 2275 -24777 END
START -11568 -14788 1272 -17326 4679 -25260 END
START -10544 -13848 1344 -15397 5520 -24891 END
START -8784 -11820 1492 -12859 4586 -23187 END
START -7044 -10808 -24 -12612 4784 -21475 END
START -5392 -9952 -1708 -12343 5971 -20167 END
START -3104 -7244 -2224 -11578 8758 -17699 END
START -3320 -7440 -2688 -13365 8210 -14503 END
START -3188 -8368 -4988 -13320 8847 -11018 END
START -3372 -8508 -7008 -12136 12031 -9792 END
START -2920 -7564 -7140 -11810 15139 -8607 END
START -2440 -6600 -6248 -8841 16015 -7433 END
START -1440 -3744 -6036 -4719 16140 -5493 END
START -668 -1896 -6040 -3466 17489 -3069 END
START -656 36 -4340 -2461 19360 -452 END
START -48 1856 -2084 -2038 19855 3437 END
START 252 3304 -52 -9 20088 7622 END
START 1352 3936 3544 2003 19033 12472 END
START 2176 3828 7892 4402 15319 17362 END
START 1372 1240 12624 8988 8152 22685 END
START 72 -4172 16420 16969 -141 26734 END
START -1340 -11668 21404 23756 -6555 28528 END
START -2668 -16896 25140 14606 -8966 27850 END
START -6384 -24104 24176 -1614 -10743 26703 END
START -7244 -31772 19300 -3433 -18095 22405 END
START -6588 -32768 13524 1179 -23982 16958 END
START -9712 -32768 5504 -3756 -28035 13805 END
START -13420 -32768 -5132 -6830 -25165 6398 END
START -14460 -32768 -9976 -4271 -20777 -2297 END
START -15392 -32768 -11688 -4359 -18877 -7721 END
START -14340 -29912 -16784 -6585 -15052 -10944 END
START -12888 -25936 -19896 -6099 -7993 -13542 END
START -11700 -20788 -19108 -5676 -962 -15131 END
START -10236 -15568 -15496 -4793 2956 -15100 END
START -7884 -11536 -12700 -2435 6258 -13692 END
START -6300 -7572 -10652 -2018 9962 -11943 END
START -4732 -5304 -8556 -4729 12821 -8201 END
START -3508 -4248 -7060 -5365 15375 -4262 END
START -2944 -3412 -5744 -4470 17387 -47 END
START -2232 -2668 -4240 -3442 19250 3223 END
START -2760 -1976 -2376 -2971 20487 6737 END
START -2424 -2692 -488 -1910 20584 10481 END
START -2948 -3372 2056 1759 19917 13620 END
START -4404 -4388 4416 4951 18826 15957 END
START -6152 -5524 6464 6304 18743 17441 END
START -6584 -5480 9768 3688 17591 19002 END
START -8348 -7164 12204 516 14067 21500 END
START -9420 -11536 15428 6080 8122 23389 END
START -8808 -11736 18804 17525 995 22262 END
START -7220 -8804 20264 13563 -4206 24866 END
START -8648 -8016 19360 -4429 -5535 27579 END
START -12572 -13592 17924 -15615 -8422 30690 END
START -18748 -23292 20220 -9667 -18435 27623 END
START -22836 -27572 18000 -1970 -30463 21242 END
START -24324 -22020 11924 -12401 -32768 18783 END