START -14500 -14968 7896 230 -2415 1274 END
START -16048 -18072 7540 -3419 -3512 -1631 END
START -17212 -20136 8632 214 -6484 -4928 END
START -18608 -20460 8712 3232 -9452 -6839 END
START -19248 -21292 8056 -2223 -9738 -8777 END
START -20032 -22836 7884 -10497 -6266 -11808 END
START -20548 -23772 8660 -15049 -4245 -16516 END
START -20296 -22104 8740 -14553 -4492 -19630 END
START -19992 -21096 8700 -13409 -4819 -22760 END
START -18984 -17652 8284 -16366 -3980 -25014 END
START -17576 -16636 7156 -20998 -1975 -26563 END
START -16248 -14068 5432 -22031 159 -27520 END
START -15316 -11896 4488 -22238 1428 -27311 END
START -13424 -10824 3776 -19442 1669 -26521 END
START -10972 -8724 2888 -16988 2189 -24783 END
START -9752 -8064 1092 -17437 3823 -23132 END
START -8552 -7044 -252 -17112 6102 -20730 END
START -7108 -5468 -1136 -15330 7187 -18266 END
START -5100 -4400 -3136 -14728 8231 -15074 END
START -4428 -5060 -4988 -13315 10209 -12478 END
START -3764 -4616 -5076 -8473 12838 -11245 END
START -3756 -3440 -4328 -5479 13372 -9236 END
START -2316 -3160 -4064 -4239 13836 -6318 END
START -1728 -2096 -3624 -4154 14914 -3269 END
START -1008 -1968 -3136 -2640 15336 -243 END
START -392 -1984 -3312 413 15799 1822 END
START 696 -1020 -2644 1345 16116 5000 END
START 1404 -1412 -2312 1554 16980 8539 END
START 1588 -1348 -988 1855 17719 12239 END
START 1016 -3628 2036 3840 16325 15135 END
START 272 -6268 5100 10253 11959 17343 END
START -1820 -8832 9348 16791 7430 18290 END
START -2236 -13136 15452 18468 3806 19840 END
START -1484 -19208 22784 13927 1284 19477 END
START -2140 -24488 27848 10804 -4629 15743 END
START -768 -25016 24396 8266 -14157 13772 END
START 1312 -25372 15672 2950 -19191 13293 END
START -1752 -28068 7544 -4724 -20048 11995 END
START -6448 -29992 3236 -6977 -19538 7955 END
START -10172 -30052 80 -6234 -21102 4305 END
START -12620 -29552 -3864 -7018 -21212 1111 END
START -13012 -27280 -7872 -8899 -17385 -1843 END
START -12924 -24436 -10328 -10392 -12776 -4526 END
START -13196 -22248 -12612 -8832 -9644 -6943 END
START -11716 -18252 -13524 -5545 -5206 -9416 END
START -10168 -14000 -12580 -4110 -152 -10189 END
START -8692 -10332 -11136 -4590 4084 -9337 END
START -6468 -8100 -10732 -6338 8694 -6514 END
START -5652 -7164 -9476 -5410 12754 -3852 END
START -4868 -5672 -7624 -2691 14707 -1764 END
START -3740 -5040 -5476 1218 14713 411 END
START -2944 -3552 -3676 3822 15002 3448 END
START -2420 -2844 -2364 4103 16785 7314 END
START -2476 -2656 -788 2115 19618 10508 END
START -3600 -2640 992 -119 21541 13999 END
START -6312 -6096 5096 3441 18421 15478 END
START -7564 -9048 8660 14712 13954 14996 END
START -7828 -8592 12012 20791 11093 14733 END
START -6896 -8140 14576 12019 11168 17877 END
START -7484 -11880 16892 4929 10510 20416 END
START -8168 -15272 21904 10321 4286 20434 END
START -6508 -15044 25220 16487 -5949 19546 END
START -6712 -12604 25956 9585 -12019 21671 END