START -3968 -140 3340 -11204 2985 9654 END
START -4468 -2524 5152 -2946 1154 9310 END
START -7444 -4204 5532 2125 -1293 9175 END
START -10416 -8204 5192 3240 -5326 10363 END
START -15408 -22260 2576 4538 -6237 7180 END
START -21912 -32532 268 2508 -3314 559 END
START -23940 -32768 -1212 -5242 185 -6228 END
START -23360 -32768 -2748 -9228 2106 -14124 END
START -21656 -32768 -4824 -9905 2620 -20813 END
START -20844 -31512 -5904 -8432 4593 -27888 END
START -18472 -23764 -4812 -10930 6601 -30288 END
START -16472 -20112 -3828 -14949 8198 -29606 END
START -14280 -17828 -2760 -14068 8762 -29606 END
START -11788 -13120 -276 -13296 9305 -28748 END
START -9528 -10756 -1672 -13713 8736 -26110 END
START -6840 -7796 -2160 -14266 9155 -22926 END
START -5292 -7344 -3304 -12370 9743 -19989 END
START -4472 -5048 -4080 -12478 10438 -17096 END
START -3436 -3928 -5328 -13667 12198 -13866 END
START -2408 -3368 -5244 -13089 13881 -11471 END
START -1244 -2388 -4956 -10822 13626 -8525 END
START -860 -2392 -6136 -7240 13870 -7084 END
START -1260 -896 -5612 -5258 14103 -5451 END
START -464 -268 -5460 -4960 14360 -2592 END
START 764 304 -5688 -6087 15649 44 END
START 1940 496 -5712 -7301 16811 2710 END
START 2160 396 -5336 -6804 17556 5277 END
START 2420 -180 -4596 -3960 16089 7638 END
START 3604 -340 -3900 1347 13795 10134 END
START 3344 -340 -1832 5140 12998 12462 END
START 1460 -1048 604 4778 12179 15970 END
START 1328 -3788 3864 3850 11491 18596 END
START 1724 -6664 6844 7193 9000 20292 END
START 2244 -9128 10320 10812 4665 21755 END
START 632 -14808 14044 12724 -105 21887 END
START -448 -19476 19748 15054 -5434 20840 END
START 1892 -22916 22888 9901 -11114 20519 END
START 1188 -28884 23432 3162 -17217 19685 END
START -2748 -31116 19340 -2223 -23707 17226 END
START -7752 -32768 12008 -6446 -29178 14491 END
START -11204 -32768 3072 -8009 -31113 8423 END
START -12920 -32768 -2612 -8617 -29820 1438 END
START -14076 -32548 -9348 -8639 -29495 -2764 END
START -14280 -28456 -17084 -11874 -24278 -6463 END
START -14712 -24928 -22448 -15109 -17452 -9451 END
START -14388 -21448 -26536 -11936 -10938 -12881 END
START -13628 -17084 -26276 -7096 -6319 -15742 END
START -11636 -12216 -24988 -2145 -1477 -17077 END
START -10376 -8216 -23700 496 4275 -15570 END
START -7624 -4596 -20216 -1075 10273 -12559 END
START -5504 -3164 -17276 -3755 16473 -9664 END
START -4604 -1296 -13928 -4359 21024 -5799 END
START -3800 -744 -10736 -4644 23730 -1111 END
START -3024 -580 -8088 -3760 26035 3164 END
START -1952 -860 -6512 -2485 28049 6638 END
START -3160 -620 -4692 -1490 28422 9676 END
START -3632 -1012 -920 -599 26881 15724 END
START -5828 -5624 1660 1092 27079 19080 END
START -7388 -7568 4124 3870 27042 20421 END
START -8700 -6004 5964 -1329 27664 23399 END
START -8684 -8652 9492 -19025 25032 28301 END
START -10504 -13608 13228 -20402 17809 31650 END
START -11992 -17868 15620 -9347 3646 32264 END
START -12096 -20312 13412 -5718 -6332 30879 END
START -13540 -23772 11972 -6548 -11925 26038 END
START -16288 -25852 11620 -2338 -20440 22206 END
START -18956 -32272 11136 5799 -30547 18883 END
START -20056 -32768 10724 13458 -32768 11299 END
START -20632 -32768 10016 9284 -32768 4751 END
START -21736 -31152 7496 -7115 -32768 102 END
START -24324 -31328 3116 -19919 -32768 -4689 END
START -25264 -27336 -1752 -23314 -32768 -10480 END