START 8220 1640 -1128 1511 3185 -1828 END
START 7680 1644 100 2721 2036 3629 END
START 6224 936 252 2099 1709 7898 END
START 4480 652 848 1831 595 10610 END
START 3776 -392 904 2255 -147 13291 END
START 2240 -1192 2112 1829 363 15421 END
START 148 -2832 3888 3059 -1625 18676 END
START -1708 -5380 3280 3391 -4138 21158 END
START -1476 -7536 2476 5629 -5145 23122 END
START -1592 -8972 2996 8570 -4966 25057 END
START -2416 -11284 3700 7538 -6133 26357 END
START -4636 -12036 3792 6503 -7221 27173 END
START -4444 -12440 2876 5874 -6169 28760 END
START -4800 -15316 3428 7924 -5852 30818 END
START -6052 -20904 1408 9294 -6888 32598 END
START -7076 -25276 -2268 10696 -5556 31889 END
START -7756 -28524 -3560 9784 -1862 28540 END
START -7752 -32252 -4492 7372 1607 24553 END
START -7992 -32768 -6152 4215 4262 19915 END
START -8260 -32768 -7536 2558 7033 15814 END
START -8272 -32768 -8536 2694 10094 11700 END
START -8112 -32284 -6840 4675 12353 8223 END
START -7764 -31128 -5672 3057 13669 5015 END
START -7320 -29636 -5304 -493 16160 1258 END
START -8448 -28828 -2756 532 19056 -1871 END
START -9076 -27516 1112 173 19850 -4875 END
START -9172 -26532 3944 -2014 18794 -7729 END
START -9180 -26412 4516 -1702 17376 -10490 END
START -9044 -25748 5212 1376 16246 -12959 END
START -7408 -23396 7636 49 14613 -15923 END
START -6572 -22292 8048 -3364 12146 -17976 END
START -5972 -21572 6468 -4465 11332 -19898 END
START -5440 -19104 8068 -2184 9742 -20156 END
START -5200 -16740 8868 -334 6829 -19601 END
START -4584 -14420 8884 341 4156 -19102 END
START -3820 -13136 9168 -816 2507 -18452 END
START -3604 -11804 8804 -747 -318 -17417 END
START -2564 -10528 7916 -395 -2932 -15819 END
START -1612 -10104 7720 1023 -5308 -14340 END
START -808 -9024 6796 185 -7803 -12873 END
START -228 -7984 5700 1023 -9217 -11146 END
START 732 -6904 5776 1843 -10687 -8995 END
START 856 -6056 5324 801 -13326 -6766 END
START 632 -6052 4768 707 -15125 -3834 END
START 156 -5920 4604 3035 -16771 -723 END
START 288 -5664 4288 1257 -18107 1653 END
START 844 -4960 3208 -1638 -18561 3812 END
START 1168 -5736 0 -1958 -18114 7136 END