START 1888 -456 5708 8293 -5995 9688 END
START 2592 -564 5896 10082 -9590 13920 END
START 3944 -372 5060 11125 -10346 17504 END
START 2820 -792 3428 8972 -10166 20810 END
START -696 -4876 1928 9995 -10524 23194 END
START -3088 -6852 2212 14524 -10570 23354 END
START -3964 -7560 2952 17290 -11105 24366 END
START -5400 -9768 116 16286 -10244 30172 END
START -7668 -17768 -172 15687 -4568 32485 END
START -11012 -22044 1032 16555 460 29163 END
START -12704 -23080 2992 19290 1395 28042 END
START -13452 -24280 3356 17998 3069 27780 END
START -13684 -28664 2372 13998 6545 25653 END
START -15164 -30516 2672 11957 9459 20699 END
START -14916 -30064 3484 14569 10275 17125 END
START -14424 -28792 5540 16628 11460 13937 END
START -13108 -27256 6956 13977 12165 10607 END
START -11348 -26076 6016 8023 12046 7759 END
START -9360 -25640 1960 3496 13607 5071 END
START -9992 -25872 336 2633 15916 2622 END
START -10084 -25356 848 6711 17012 699 END
START -9940 -25072 3212 9179 16653 -2475 END
START -10248 -24256 4228 7044 16509 -6261 END
START -10752 -23812 4444 2282 17596 -10023 END
START -11332 -23660 5260 681 18613 -12646 END
START -11840 -23024 6776 2541 18093 -15486 END
START -11100 -20576 7728 2367 17118 -17660 END
START -10092 -18340 8344 -473 16569 -18798 END
START -9360 -17560 9116 -3045 15633 -19947 END
START -9168 -15980 9588 -2568 13451 -19870 END
START -8456 -15496 9940 -1641 11246 -19224 END
START -7184 -12944 10224 -2603 9905 -18604 END
START -6224 -11932 11008 -5132 8550 -18477 END
START -5680 -10700 11668 -4157 5294 -17206 END
START -4432 -9084 10980 -3420 2094 -15011 END
START -3000 -7744 10436 -5334 541 -12939 END
START -2332 -8412 10508 -4813 -1728 -11242 END
START -1980 -7864 10780 -2593 -4974 -8946 END
START -1176 -8440 11164 -1587 -7826 -7145 END
START -1308 -9060 11968 1003 -10571 -6262 END
START -1340 -8792 13424 3240 -14146 -3451 END
START -3248 -11152 15556 3153 -17292 -1574 END
START -5356 -12572 17720 2193 -21593 -772 END
START -6200 -11140 16808 262 -26813 264 END