START -17452 -24928 2800 -2223 -3710 -4040 END
START -19000 -25648 2156 -2078 -3969 -9235 END
START -19592 -23408 1216 -1399 -3456 -12103 END
START -19024 -22904 1012 -4974 -1568 -13993 END
START -19964 -22432 2248 -7608 -667 -19219 END
START -20788 -20276 2964 -8366 -1071 -21714 END
START -21268 -18724 3140 -9161 -1180 -24207 END
START -19844 -16388 2728 -10524 -472 -25524 END
START -18648 -14616 2732 -10750 503 -27007 END
START -16944 -12408 2392 -11055 1091 -27562 END
START -15176 -10900 1888 -10562 1365 -26909 END
START -12904 -9656 276 -11532 2275 -25808 END
START -10920 -9232 -1228 -11120 3222 -24347 END
START -9516 -7692 -1868 -9147 4321 -23011 END
START -7792 -6832 -1840 -9139 5506 -21303 END
START -5944 -6680 -2712 -10257 6822 -18867 END
START -4116 -6476 -3084 -11072 7655 -16958 END
START -3276 -5404 -4740 -9433 7749 -14635 END
START -1568 -3824 -6392 -6068 8370 -10976 END
START -248 -2504 -6856 -3695 11045 -9259 END
START 300 -1060 -6052 -813 14619 -7160 END
START 544 256 -3028 1238 16037 -3843 END
START 824 1468 -712 2858 15742 303 END
START 932 1752 1772 4715 15229 4580 END
START 1360 2028 4324 5296 13003 8818 END
START 2128 1160 5964 4532 10049 14928 END
START 1980 -1492 6644 4500 8044 19004 END
START 600 -5888 10996 6977 5945 20982 END
START -260 -10648 17060 8730 2367 22442 END
START -684 -17980 24048 6090 -3923 22061 END
START -2556 -24160 25260 3573 -12493 20715 END
START -3796 -28480 21152 242 -19364 17619 END
START -5172 -29404 13156 -6300 -21740 14442 END
START -8584 -31596 3952 -9576 -23373 10781 END
START -11204 -32328 -3996 -7652 -23310 5384 END
START -12388 -31032 -11836 -7133 -19598 488 END
START -12840 -29168 -14440 -6500 -13879 -4653 END
START -13288 -26128 -15288 -6556 -10437 -7841 END
START -12708 -23208 -17244 -4234 -6924 -9675 END
START -11180 -18900 -16712 -1799 -2178 -11648 END
START -9264 -14360 -14516 -1091 2169 -11821 END
START -7996 -11028 -12284 61 5788 -10465 END
START -7092 -8992 -9884 95 8222 -8677 END
START -5276 -7152 -7888 -783 10420 -6640 END
START -4108 -6624 -6316 -1160 12008 -4211 END
START -3700 -5740 -5080 125 13006 -1660 END
START -3512 -5672 -2612 2609 13197 936 END
START -3160 -5580 -480 4987 12641 3191 END
START -2888 -5224 1344 5781 13015 6135 END
START -2340 -4440 2872 4378 14347 8818 END
START -1904 -4396 3704 1028 14767 11390 END
START -2304 -5036 4096 62 14826 13071 END
START -4304 -5292 6044 3553 13838 13878 END
START -5468 -4872 8516 6777 11410 18150 END
START -6308 -5236 9500 4741 10356 21585 END
START -8212 -7460 11480 -2017 10436 23319 END
START -10628 -13692 17532 839 5792 22913 END
START -10464 -13740 22692 13517 -4551 22318 END
START -9672 -10284 23104 9016 -10395 26280 END
START -13980 -14604 22148 -12584 -11370 29374 END
START -20416 -25316 20964 -18870 -19626 24935 END
START -22884 -28140 14080 -11633 -31953 16453 END
START -24908 -24172 3676 -14104 -32768 12296 END