START -16728 -27904 4896 7560 -5477 -5569 END
START -18068 -29816 6008 3006 -5132 -9120 END
START -18984 -28256 7664 -2698 -3644 -13848 END
START -19616 -25380 9816 -7593 -4879 -18584 END
START -19384 -22160 9012 -11774 -7107 -20563 END
START -18768 -19296 7760 -15526 -7733 -21543 END
START -17992 -17288 6580 -16853 -6995 -21990 END
START -16824 -14312 5416 -19024 -5811 -22055 END
START -14780 -12576 4032 -20652 -4579 -21573 END
START -12984 -12028 3012 -19314 -2885 -20496 END
START -12132 -10776 2956 -16911 -1437 -20285 END
START -10200 -9924 1944 -17950 -9 -20057 END
START -8088 -9272 548 -18471 2435 -19576 END
START -6576 -8172 -52 -18594 4060 -16635 END
START -5356 -6620 -1332 -17715 4191 -13595 END
START -4052 -6524 -3356 -16252 4513 -11491 END
START -2456 -5932 -4812 -14097 7376 -9522 END
START -1824 -5592 -5228 -12810 10537 -8152 END
START -2000 -4872 -4972 -11665 11089 -6473 END
START -976 -4984 -4908 -8439 11320 -4880 END
START -592 -5108 -4692 -5372 11196 -3222 END
START -764 -4872 -4840 -2336 11890 -2016 END
START -312 -3560 -4236 -1782 12556 -456 END
START 260 -3600 -4192 -1514 12886 1607 END
START -400 -4064 -3540 1233 12311 2989 END
START 268 -2788 -3272 4341 11817 4371 END
START 1492 -1464 -2184 5158 11876 6475 END
START 2300 -40 -792 4115 12881 9682 END
START 1624 -1024 2816 4988 12327 13055 END
START 840 -2816 7032 13377 7022 14813 END
START 2304 -3632 11892 20410 -190 16729 END
START 3032 -4504 13580 14815 -1695 21751 END
START -660 -15064 18196 8264 -1904 23295 END
START -5292 -24444 20980 9122 -8637 20437 END
START -5132 -29740 19040 7699 -17054 15755 END
START -7732 -30724 10532 2604 -20393 14438 END
START -9296 -32768 852 -4713 -18378 10239 END
START -10812 -32768 -5736 -3298 -14488 3155 END
START -11256 -31072 -8412 -2808 -12915 -955 END
START -12300 -27908 -9184 -1761 -10975 -4751 END
START -11856 -24368 -10952 -160 -9988 -7148 END
START -10344 -20720 -12604 -496 -7145 -8386 END
START -8700 -17228 -12768 -59 -2703 -7816 END
START -7236 -15176 -10832 -520 565 -7657 END
START -6196 -12836 -9084 1094 3113 -6973 END
START -5628 -9684 -8020 733 5655 -5278 END
START -3732 -7860 -6724 -1621 8322 -1772 END
START -3052 -7708 -4996 -2839 11083 604 END
START -2976 -8644 -2840 -1024 11144 944 END
START -2252 -8684 -1084 2868 9518 -495 END
START -1628 -7588 -512 3649 8568 -522 END
START -1376 -6204 -668 1617 10390 1682 END
START -1260 -4868 368 -3606 11717 4108 END
START -1804 -4956 1352 -5187 13409 8222 END
START -4164 -5256 4484 -302 15699 16073 END
START -5124 -7640 9468 3533 16662 21694 END
START -6580 -9056 13428 726 13144 22091 END
START -8660 -13936 16196 4322 7897 22157 END
START -9092 -16392 18776 13745 4259 20234 END
START -9452 -12964 19408 11148 1275 20379 END
START -10920 -15836 19176 -1532 -2410 24506 END
START -20448 -20176 21148 -2606 -9339 24984 END
START -20976 -25576 23072 436 -24673 21816 END
START -22476 -27308 16736 -8155 -32768 17243 END
START -24508 -32768 1168 -24439 -32768 9251 END