START 3920 9716 -396 -137 -2325 -4971 END
START 5420 9696 -1364 656 -2255 3144 END
START 3960 9372 -2116 2192 -828 8603 END
START 2472 7824 -884 2896 -1480 13968 END
START 2916 6048 -172 4664 -1519 18492 END
START 1076 4652 -144 5284 300 23834 END
START -1604 716 120 5742 1506 29009 END
START -3848 -5208 1136 8703 1672 31819 END
START -5652 -10632 2428 15716 2397 32767 END
START -7376 -12828 4408 20608 4129 32767 END
START -8688 -15472 5144 14950 4975 32767 END
START -9168 -20272 6400 13224 5005 32767 END
START -9140 -21960 6772 16414 7508 31817 END
START -9312 -22344 8496 12291 8077 29967 END
START -9812 -25788 4920 929 5764 29477 END
START -12108 -32768 232 -3315 5526 27396 END
START -12696 -32768 1420 9796 8713 22149 END
START -11180 -32488 1516 13257 7513 18952 END
START -9924 -31708 -1480 8783 8523 14758 END
START -9280 -30624 -5496 4309 13529 8794 END
START -9068 -27376 -5208 -418 20639 3038 END
START -10636 -26964 -2104 -2132 22855 533 END
START -10820 -26588 1120 1818 21737 -1447 END
START -10880 -27560 2468 6270 19527 -3477 END
START -10860 -27252 2292 6647 20090 -7723 END
START -11060 -26112 4524 2347 21967 -13283 END
START -11132 -24768 7608 -1027 21528 -16666 END
START -10576 -22604 9824 -1228 18914 -18473 END
START -9996 -20000 12192 1316 15710 -19405 END
START -8344 -16596 13080 673 11953 -19652 END
START -7356 -14372 13432 -2926 9079 -19801 END
START -6452 -12908 13912 -4920 6625 -19606 END
START -5200 -10892 13436 -4279 3029 -18424 END
START -4068 -9116 12524 -3018 -1028 -16782 END
START -2552 -7292 10816 -3452 -4143 -14455 END
START -1424 -6264 9732 -5234 -5709 -12485 END
START -636 -5208 9152 -5111 -7640 -10481 END
START -644 -4816 8784 -1443 -10460 -7622 END
START -848 -4628 8668 3409 -13663 -4627 END
START -680 -4412 8388 4879 -15452 -941 END
START -660 -5628 8660 3515 -16769 2191 END
START -1232 -7396 9052 3379 -19422 5051 END