START 6272 -4192 -2204 2837 -2714 14731 END
START 4804 -5188 -1448 5862 166 15368 END
START 2980 -5736 2592 5766 161 16245 END
START 2668 -7328 3056 5791 -3237 17880 END
START 1000 -9828 1108 7797 -3328 19400 END
START -1232 -9928 1788 7746 -1274 20127 END
START -344 -9944 3336 7123 -966 21485 END
START 176 -11608 4740 7843 -906 23279 END
START -1212 -14668 3160 6089 -3477 25892 END
START -2976 -17208 420 7898 -3600 26832 END
START -4288 -16740 1028 8686 -226 26466 END
START -5080 -17424 2136 5951 -510 27509 END
START -5988 -20896 488 5305 -2216 28934 END
START -6948 -26372 -2648 6891 -1173 28231 END
START -8488 -28576 -2952 4598 2177 24228 END
START -9096 -29508 -4180 -187 4334 19667 END
START -8980 -29688 -4720 -1067 5570 16628 END
START -8256 -30632 -5092 645 5889 14294 END
START -7632 -30700 -6272 727 7637 10336 END
START -7560 -29880 -6016 -1001 10543 6234 END
START -7580 -30168 -6220 -1740 12979 2685 END
START -7588 -28896 -4644 -1115 15905 -1283 END
START -8056 -27488 -1076 1315 17477 -4223 END
START -8304 -25952 1520 -230 16770 -7349 END
START -8088 -24964 1940 -2592 15439 -10030 END
START -7232 -24452 2020 -974 15790 -12271 END
START -6732 -23828 3188 374 15137 -14068 END
START -5948 -23948 4228 -747 13654 -16033 END
START -5740 -22836 5400 -1738 12852 -17975 END
START -5900 -21420 6944 -2402 11401 -19499 END
START -5536 -19716 7844 -2987 9305 -20210 END
START -4768 -17656 7352 -2356 6988 -20046 END
START -4108 -16332 7696 -1402 5097 -19767 END
START -4308 -14852 7960 -317 2602 -19356 END
START -4188 -13704 8244 1165 -283 -18503 END
START -2964 -11804 7864 1802 -3177 -17375 END
START -1416 -10284 7240 1454 -5309 -16539 END
START -636 -8800 6292 944 -7956 -14959 END
START -92 -7600 5244 2293 -9890 -12588 END
START 1080 -6312 4196 1890 -11136 -10571 END
START 1008 -5416 3768 900 -12511 -8544 END
START 1084 -5016 3520 1832 -13729 -5523 END
START 1004 -5052 2616 3390 -14575 -2639 END
START 1520 -5004 2036 2763 -15525 310 END
START 1132 -6052 1068 2912 -16161 2633 END
START 700 -7700 128 4399 -17069 4445 END
START 836 -8632 -500 5010 -18163 6875 END
START 772 -10464 -1604 5732 -18360 9012 END
START 204 -13248 -3236 5681 -18137 10785 END