START 4040 2136 -748 4705 1009 11301 END
START 5416 1864 252 4684 904 15988 END
START 3584 -36 1212 6641 1281 19865 END
START 1280 -2208 2844 8730 1467 23229 END
START -944 -6972 4684 7615 60 26378 END
START -2624 -12316 5276 7800 -1280 27532 END
START -3844 -15444 4500 7814 -1544 28958 END
START -5056 -15244 3940 8802 251 27539 END
START -5112 -14820 3824 9747 634 28074 END
START -5164 -17420 4216 11660 1046 29870 END
START -6840 -21196 2764 13472 1704 30710 END
START -8852 -24920 1352 12634 3666 29258 END
START -10288 -25956 628 10392 7179 25636 END
START -11288 -27080 1924 10119 8688 21958 END
START -10916 -27860 1596 8816 8662 20008 END
START -10500 -28816 88 7686 9815 17385 END
START -9968 -30000 -164 4887 11107 14396 END
START -10804 -32348 80 5700 9960 10974 END
START -10616 -32700 -2060 4886 9364 7521 END
START -9288 -31336 -3496 1836 12574 2009 END
START -9232 -29388 -2740 -548 16986 -3605 END
START -9816 -26968 -916 -144 20052 -7222 END
START -10796 -24504 1872 1322 20552 -10519 END
START -10892 -22228 3500 -186 20463 -12167 END
START -10912 -21840 5356 -2762 21281 -14078 END
START -11424 -21452 7148 -2295 20657 -15728 END
START -10852 -20144 9328 -146 18249 -16793 END
START -9396 -18968 10400 1243 15029 -17697 END
START -8096 -17448 10576 1811 11986 -18276 END
START -6304 -15828 10476 643 8885 -18704 END
START -4756 -14224 10320 -1049 6692 -18591 END
START -4248 -13268 10856 -1387 4461 -17784 END
START -3276 -12404 10692 -1190 1339 -16653 END
START -1956 -11848 10096 -123 -2070 -15875 END
START -984 -10456 9240 1467 -3675 -14886 END
START -332 -8972 9268 1175 -5163 -13714 END
START -96 -7692 9640 30 -6228 -11629 END
START 440 -7052 10096 390 -8101 -9491 END
START 896 -6652 10852 2835 -11104 -6801 END
START 1076 -6544 11308 5521 -13963 -4041 END
START 820 -6552 11600 5603 -17269 -1391 END
START 568 -7020 11744 3859 -20678 1688 END
START -408 -7784 11584 1864 -25529 4966 END
START -2308 -9668 10320 4071 -30782 7943 END
START -3688 -9840 7740 7332 -32768 11409 END
START -5272 -10364 6192 2489 -32768 14576 END
START -8448 -15128 4076 -702 -32747 14638 END
START -10728 -20972 -1632 831 -32337 12792 END