START 5020 7716 1956 494 1318 -2142 END
START 3912 6064 1452 3992 870 5427 END
START 3992 6592 1440 5982 126 12259 END
START 3556 5992 1880 5064 -1472 18489 END
START 1632 3788 1020 5430 -2415 24818 END
START -1532 484 1336 8740 -2091 30621 END
START -4492 -4256 2256 12452 -1454 32767 END
START -5864 -9356 3628 16181 -925 32767 END
START -7524 -12656 4728 16912 463 32767 END
START -10224 -16584 5812 13566 3770 32767 END
START -11620 -19692 5752 7853 5307 32767 END
START -11864 -23516 4720 5733 4724 32362 END
START -11972 -25652 3616 10155 4481 30447 END
START -12276 -28396 2176 12829 5723 27996 END
START -12376 -29240 784 10004 7020 24873 END
START -12876 -32104 -1680 2210 8347 20843 END
START -13216 -32768 -2348 2122 12104 14763 END
START -12456 -31428 28 6554 15070 8923 END
START -11240 -28708 1316 7228 14734 5262 END
START -10488 -27336 -372 3042 14723 2629 END
START -10592 -29092 -5100 -659 17263 -1599 END
START -12164 -29008 -7116 -1528 25378 -9094 END
START -14484 -26940 -2068 3011 31108 -13873 END
START -14824 -24616 4584 7966 30097 -17405 END
START -14492 -22540 8056 13879 25838 -19180 END
START -13540 -19912 10152 13742 22317 -21411 END
START -11868 -17952 11316 7760 19109 -22755 END
START -9964 -15980 11536 1850 16469 -22743 END
START -8960 -14376 13232 -784 13761 -22173 END
START -7600 -12888 14880 -574 8501 -20722 END
START -6048 -11764 14400 678 3611 -18695 END
START -4252 -9948 13552 303 47 -16769 END
START -3444 -8416 12784 -2264 -2631 -14809 END
START -1928 -7080 11888 -5517 -4843 -12898 END
START -644 -5596 11064 -6340 -6309 -10672 END
START -100 -4268 10172 -6194 -8550 -7648 END
START 116 -4256 9712 -3996 -10914 -4829 END
START -396 -5072 10572 1363 -13630 -2068 END
START -1252 -5268 12024 5849 -17156 768 END
START -1556 -4572 12748 6966 -21312 4390 END
START -2708 -5160 13496 6150 -24747 8639 END
START -4588 -7144 13924 6155 -29346 11785 END