START 1724 3576 -756 381 1794 1872 END
START 1892 2028 -476 1669 1671 4105 END
START 2452 2484 240 3304 2210 7400 END
START 2392 2996 1224 3678 2307 11192 END
START 276 176 4148 5938 1359 15122 END
START -2904 -3372 7952 11406 -1885 18885 END
START -3120 -5404 9360 13848 -6868 22864 END
START -2372 -6028 7832 11592 -8800 25964 END
START -3648 -8332 5352 8277 -8253 28092 END
START -5248 -13948 1296 8841 -8839 29805 END
START -5040 -17336 -1800 16898 -8773 31251 END
START -4656 -16548 -2940 22017 -3903 32575 END
START -6712 -17024 432 19967 2445 32445 END
START -9804 -23636 -28 10976 3962 32233 END
START -10984 -29800 -3096 15476 5199 30483 END
START -11360 -29732 -3864 19442 8559 26252 END
START -12488 -27176 -1764 17135 12609 22190 END
START -11592 -25184 -2248 6212 15391 19325 END
START -12844 -27468 -4424 2391 18089 16379 END
START -15412 -28080 -2276 10243 21522 13996 END
START -16148 -27200 1648 10112 20830 8960 END
START -14500 -23968 2356 4377 21120 5529 END
START -15236 -23124 3120 -1202 21662 2223 END
START -16384 -24256 5600 3412 21082 -385 END
START -16396 -23084 6468 6065 17030 -2607 END
START -16380 -24492 6828 9180 14901 -5663 END
START -15468 -24328 8156 9208 13214 -9465 END
START -13656 -23240 8032 6614 11048 -13520 END
START -11888 -22112 7588 4325 10401 -16934 END
START -10976 -19772 7972 1786 9885 -19292 END
START -10556 -18604 8380 1565 8729 -20649 END
START -9492 -16496 9008 1041 7523 -21686 END
START -8408 -14052 8876 -580 6244 -22222 END
START -7384 -10468 8688 -2060 5332 -21918 END
START -5368 -7996 8780 -4044 4113 -20392 END
START -4892 -6692 9184 -3875 2454 -18156 END
START -4956 -6100 9812 -1022 -712 -15019 END
START -4432 -5128 9824 1240 -4067 -12332 END
START -3296 -2960 9432 -480 -6085 -8432 END
START -3048 -4108 10540 -1343 -7697 -5133 END
START -3140 -4740 12364 464 -11018 -1120 END
START -3648 -6224 14596 5178 -15138 2918 END
START -4176 -7248 15436 5877 -20566 6244 END
START -5488 -8044 14280 1499 -25605 8811 END
START -7352 -10256 11380 -2599 -29056 10540 END
START -9136 -13200 5844 -4675 -32676 11531 END