START -13824 -16332 4148 -5814 -3691 2536 END
START -15656 -20260 3588 -1056 -5429 -1598 END
START -16928 -20876 5464 -676 -7239 -6089 END
START -15832 -20748 4760 -8198 -6768 -7328 END
START -16008 -23284 2828 -13792 -5049 -9035 END
START -16716 -23924 1656 -15785 -2215 -11812 END
START -17420 -20788 140 -17526 -1347 -13467 END
START -16704 -20248 -900 -18471 -951 -15452 END
START -15968 -19048 -2144 -18531 988 -16693 END
START -16728 -19320 -1964 -17963 3694 -18271 END
START -16496 -17448 -2008 -17358 4514 -20170 END
START -15024 -15684 -3080 -19794 6311 -19925 END
START -14064 -13956 -4004 -21924 9558 -19585 END
START -12912 -13548 -3600 -21498 11387 -18658 END
START -11844 -12712 -2896 -17708 11840 -18080 END
START -10348 -10240 -2952 -15349 11847 -16939 END
START -8612 -8548 -4140 -17644 12589 -13925 END
START -7392 -8092 -6372 -17576 14663 -11916 END
START -6268 -5416 -7768 -14632 18077 -10114 END
START -5168 -3400 -7540 -14674 20331 -7870 END
START -3696 -1784 -6492 -13470 22129 -4939 END
START -3636 -1120 -5848 -9113 21416 -1440 END
START -3688 -1276 -6176 -2797 21144 -250 END
START -3424 340 -5664 691 21833 1074 END
START -3852 1132 -4856 -21 22259 4324 END
START -3316 1032 -5196 -2118 23713 8278 END
START -3148 1304 -5108 -3420 26049 11354 END
START -4132 1060 -3280 -1664 27228 14224 END
START -4116 836 612 5127 24985 16707 END
START -3024 716 4428 12566 21131 19606 END
START -2340 -304 7588 17884 16850 22342 END
START -4188 -3124 11248 20889 13314 25351 END
START -4644 -9160 17288 24071 7935 27482 END
START -4656 -17236 24016 29161 702 26521 END
START -4420 -21748 27908 22881 -4862 25827 END
START -3332 -26532 29172 9364 -8991 26106 END
START -4060 -31252 25816 1482 -17336 23815 END
START -6708 -32768 19532 -1542 -25968 20604 END
START -9688 -32768 12384 -3745 -32094 16187 END
START -11980 -32768 5984 -7699 -32768 11860 END
START -15512 -32768 1704 -12464 -32768 7752 END
START -19628 -32768 -88 -13190 -32768 2610 END
START -21840 -31816 -7668 -15567 -32768 -395 END
START -22032 -30192 -16204 -18390 -30382 -5167 END
START -21680 -27464 -16556 -16965 -23141 -11245 END
START -21332 -22204 -16800 -17044 -18810 -14473 END
START -19476 -18224 -19100 -17521 -12818 -15362 END
START -17400 -14864 -20336 -17481 -5426 -15658 END
START -14856 -12068 -19244 -16031 1754 -15134 END
START -13884 -9916 -18012 -15728 6769 -13288 END
START -12408 -9424 -17688 -15760 12804 -11127 END
START -11716 -8636 -15756 -13312 18446 -9639 END
START -10656 -6256 -13348 -10308 23107 -7359 END
START -9388 -4580 -10044 -8599 26604 -4858 END
START -8336 -2816 -6960 -6825 29126 -2388 END
START -7348 -692 -4368 -5350 30740 73 END
START -5796 1848 -1956 -4967 31224 3717 END
START -5080 2856 932 -4341 31031 8304 END
START -3656 3376 4012 -1305 29400 12510 END
START -3492 3692 7140 3207 25686 16627 END
START -2528 2612 9636 7893 20973 19798 END
START -3716 632 12268 13617 17816 21794 END
START -4576 -760 16152 16806 14235 24495 END
START -5056 -4016 19992 14750 9197 27838 END
START -7456 -10016 22960 13321 3526 28991 END
START -10448 -14816 23468 11498 488 27733 END
START -11508 -18916 26704 6296 -4107 26284 END
START -10924 -23348 26636 6641 -13826 26387 END
START -12128 -27108 20276 5934 -22083 22833 END
START -14224 -28080 12688 726 -25298 17264 END
START -16900 -29028 6032 -6551 -25142 13830 END
START -18060 -32704 4140 -6036 -26081 10469 END
START -19184 -32768 4496 -1782 -27644 5956 END
START -20188 -32176 676 -8424 -30969 2642 END
START -21096 -31432 -7672 -16048 -31670 -3777 END
START -21528 -26272 -14684 -17454 -27052 -6199 END