START -18516 -18460 5060 -465 -865 -15077 END
START -16424 -16204 5208 -225 -3473 -15684 END
START -14928 -15952 4816 -6453 -1576 -15221 END
START -16004 -17108 5228 -10111 1471 -15054 END
START -17220 -17200 7264 -8288 87 -16312 END
START -15480 -16116 8408 -7928 -2912 -17611 END
START -14464 -15004 8224 -11208 -4115 -18156 END
START -14332 -15528 7144 -14904 -4326 -18297 END
START -13884 -15452 5964 -15139 -4033 -20291 END
START -13496 -14416 5976 -14456 -4001 -21681 END
START -12524 -14096 3864 -13128 -4511 -22792 END
START -11380 -12884 1144 -14251 -2193 -23060 END
START -10420 -12384 360 -15638 -40 -22405 END
START -10216 -10984 200 -14489 1551 -21684 END
START -8008 -9332 -1212 -15359 2039 -20138 END
START -6764 -9240 -4008 -17060 4767 -17848 END
START -6612 -9596 -6008 -15641 8112 -16865 END
START -5544 -7844 -6508 -13463 10079 -15544 END
START -4356 -6520 -6844 -10244 11397 -13646 END
START -3244 -4800 -8224 -7417 13534 -10954 END
START -2344 -3688 -7256 -4634 15537 -8879 END
START -788 -1808 -5896 -1894 16913 -6293 END
START 480 -408 -4756 -48 18383 -2803 END
START 708 200 -2484 576 18827 835 END
START 1096 664 -588 2969 18015 4874 END
START 1516 728 1616 5958 16381 8989 END
START 2120 1612 4168 8993 14364 13033 END
START 2912 360 7364 11325 12321 17763 END
START 4188 -2788 12968 13611 9988 21916 END
START 2384 -7960 20112 12614 5707 24609 END
START -64 -15364 25872 11743 -1876 25174 END
START -1184 -24288 27452 9949 -11038 24129 END
START -2204 -28652 23076 3763 -17859 21398 END
START -3796 -31844 15832 -3894 -20828 18136 END
START -7820 -32768 6364 -9710 -22686 14274 END
START -11456 -32768 -1432 -11476 -21610 8665 END
START -14460 -32768 -7504 -12806 -19972 2879 END
START -15132 -31752 -11888 -10604 -15233 -3665 END
START -15184 -27600 -13008 -9141 -11135 -8544 END
START -14240 -23412 -13240 -7316 -7254 -11338 END
START -12036 -18480 -12320 -5002 -2854 -13131 END
START -10004 -14132 -10796 -4002 861 -13223 END
START -8000 -10280 -8888 -4705 3670 -11981 END
START -6728 -8464 -7940 -4169 5549 -9793 END
START -5380 -6728 -8268 -4126 6798 -6406 END
START -4852 -7164 -8948 -2803 9455 -4457 END
START -3584 -6516 -8164 -118 12298 -2644 END
START -3352 -5980 -6232 2281 14242 -1204 END
START -2944 -4760 -3656 4685 14598 873 END
START -2728 -4748 -1588 6503 15146 3405 END
START -2064 -4364 1032 7532 15593 6692 END
START -1444 -4044 2832 6398 15606 9970 END
START -1576 -4076 3372 4886 15164 13268 END
START -2728 -5044 4640 4557 15715 14655 END
START -4156 -4552 5712 2257 15926 16375 END
START -5192 -4324 6796 -95 14712 20267 END
START -5924 -6352 8800 1680 13321 24466 END
START -7968 -9016 13756 8279 8917 25126 END
START -7420 -9348 18360 12959 1507 25850 END
START -8832 -10088 21464 8959 -3361 29207 END
START -12228 -14408 24928 4430 -8316 31578 END
START -16284 -17696 27016 -474 -15597 30686 END
START -20820 -20848 23560 -8969 -22849 29908 END
START -25032 -24700 17428 -19062 -27422 24891 END