START -20572 -31092 11352 10335 6013 602 END
START -21540 -32768 12748 -3816 3120 -7643 END
START -19784 -32768 8520 -4069 -2904 -13052 END
START -18632 -28920 5492 -3781 -5784 -17284 END
START -18552 -25820 3868 -8944 -5611 -20588 END
START -18964 -22928 3160 -12436 -4158 -23462 END
START -17664 -18196 2536 -15269 -2985 -25549 END
START -16508 -15536 2696 -16111 -2679 -25068 END
START -14592 -14368 2740 -14257 -1507 -24306 END
START -13668 -12468 2140 -14164 3 -24181 END
START -12652 -12284 1500 -12748 2198 -24337 END
START -11524 -10828 1192 -11428 3890 -23687 END
START -11028 -9184 1360 -12269 4526 -22847 END
START -9512 -8532 568 -12452 4225 -21805 END
START -7504 -7388 -1300 -10513 4965 -21015 END
START -6324 -6312 -1692 -9888 6653 -18963 END
START -5372 -5344 -2408 -9874 7605 -16526 END
START -4484 -5388 -4304 -10822 7927 -13104 END
START -2844 -4792 -6000 -8926 10724 -11707 END
START -1748 -2616 -5824 -6990 13243 -9376 END
START -428 -2300 -5336 -5761 13976 -6072 END
START 328 -1556 -5572 -3249 14616 -3082 END
START 848 -312 -4748 -391 16092 51 END
START 1236 1280 -3096 537 17141 3839 END
START 2016 1940 -912 294 17936 8720 END
START 1596 1200 3048 3202 17865 13437 END
START 2420 328 7644 8346 13954 16793 END
START 1744 -1684 12636 14898 7551 21122 END
START 980 -6036 17404 19495 1091 25744 END
START 92 -12704 20240 15372 -3274 27674 END
START -2492 -20876 23764 9071 -5768 26198 END
START -5416 -27924 24548 1860 -12380 23391 END
START -7748 -32768 20104 -1725 -21090 19632 END
START -8820 -32768 12784 -4715 -25343 15163 END
START -11932 -32768 2792 -12178 -27098 11341 END
START -14980 -32768 -6548 -13600 -26101 5199 END
START -16248 -32768 -12776 -11341 -22523 -1447 END
START -17180 -29560 -16936 -11146 -16909 -5876 END
START -16080 -26152 -18472 -9672 -9250 -10237 END
START -14104 -20780 -16056 -7906 -2487 -13668 END
START -11732 -14772 -13384 -5618 1318 -14462 END
START -8788 -10068 -10944 -5608 3801 -13120 END
START -7116 -8120 -10072 -5621 6085 -10632 END
START -5748 -6568 -9548 -3536 9216 -8526 END
START -4232 -4872 -8212 -1698 11398 -5966 END
START -2744 -4020 -7032 -1249 13187 -2407 END
START -2436 -4124 -4944 -197 14796 752 END
START -1956 -3784 -2956 2247 16391 3726 END
START -2264 -3968 -532 3996 16666 7175 END
START -2104 -4000 1612 4188 15976 10231 END
START -2352 -4424 2464 4403 15896 12916 END
START -2404 -3632 3568 3808 16717 15370 END
START -3068 -3648 5872 2185 16926 18676 END
START -5036 -4888 7832 957 15707 21354 END
START -6972 -7240 11088 2074 12517 22723 END
START -8536 -9612 14660 8643 6691 22877 END
START -9476 -11440 18384 18124 -758 23012 END
START -10488 -13592 22708 25453 -7233 23260 END
START -11616 -15396 27256 19977 -11380 23827 END
START -12472 -17992 28756 2911 -14892 25221 END