START -17776 -18272 52 1020 572 -1646 END
START -19240 -20400 1568 3535 -1603 -4550 END
START -20116 -20940 880 -1155 -3191 -6680 END
START -20732 -22436 -1128 -6639 3 -8903 END
START -21228 -22828 -1416 -4760 3000 -14113 END
START -21372 -19792 -588 -3863 2764 -17566 END
START -20396 -19576 448 -4723 2477 -20398 END
START -19984 -18932 1712 -5968 2730 -22047 END
START -19332 -17476 2252 -6264 3513 -24322 END
START -17812 -15700 3820 -8422 3857 -25099 END
START -17004 -15228 4144 -9612 3399 -25323 END
START -15260 -14840 3420 -9585 3123 -25916 END
START -13604 -13700 2356 -9599 3735 -26620 END
START -11368 -11024 1280 -10799 5053 -25434 END
START -9308 -10080 1128 -13017 5681 -23691 END
START -8044 -9500 -324 -13094 5628 -21477 END
START -6336 -8716 -1948 -10652 5908 -19984 END
START -4484 -7496 -2648 -7980 6469 -18352 END
START -2984 -6012 -3416 -7763 7606 -15552 END
START -2852 -5796 -3700 -8345 8725 -13346 END
START -2388 -5844 -4648 -6576 9388 -11265 END
START -1632 -4656 -4712 -4592 10440 -9270 END
START -988 -3712 -3512 -3114 11431 -7001 END
START -348 -2676 -2880 -2258 11195 -4297 END
START 208 -1964 -2920 -487 10772 -1950 END
START 172 -1096 -2696 1707 10228 511 END
START 840 -1088 -2228 3646 10397 3048 END
START 1876 -164 -980 3595 10808 5974 END
START 2700 -168 -84 1584 10931 10194 END
START 2240 -2652 1632 3068 9821 13814 END
START 2040 -5008 4032 7667 6116 16589 END
START 1196 -7716 6856 11948 2682 18093 END
START 992 -10372 11192 11123 1304 19913 END
START -588 -17016 15744 5775 -2446 20553 END
START -2652 -22728 18104 4437 -7978 19399 END
START -4244 -26108 13720 1083 -13732 18390 END
START -5440 -30788 7608 -2459 -15874 14420 END
START -6916 -31740 3956 -2273 -16616 8646 END
START -8664 -30664 -728 -3718 -17516 5276 END
START -10176 -31044 -5960 -6473 -15529 1438 END
START -11148 -29392 -7840 -5945 -12999 -2849 END
START -11056 -26580 -9728 -5543 -11745 -5636 END
START -11084 -24148 -11992 -5449 -9137 -8253 END
START -10104 -20196 -13020 -5274 -5327 -10128 END
START -9548 -17564 -12392 -3791 -1919 -11577 END
START -7992 -13464 -10596 -1090 85 -11802 END
START -5936 -10392 -9708 -1314 2894 -9974 END
START -4560 -8184 -8600 -2907 6159 -7521 END
START -3720 -7160 -7660 -2698 8563 -5486 END
START -2504 -5784 -6304 -338 9535 -2514 END
START -1716 -5400 -5396 1534 10575 -324 END
START -1012 -4992 -3800 2820 12234 1911 END
START -960 -4592 -1980 3028 13055 3891 END
START -892 -3276 -744 2994 13458 7538 END
START -732 -3716 1008 3160 14667 12717 END
START -1112 -4524 2304 2237 15620 15638 END
START -1680 -5064 4124 1097 16264 17449 END
START -2908 -5572 6368 1057 14262 18355 END
START -4032 -6260 8688 4832 9781 18186 END
START -4664 -3424 10124 8415 7122 20748 END
START -7564 -2312 14280 4460 7138 28555 END
START -11532 -8852 17944 -4592 2737 32331 END
START -16664 -18444 21188 1834 -7029 28321 END
START -18768 -18032 21260 10682 -18125 23928 END
START -19100 -17500 17344 1913 -22035 22094 END
START -22624 -24232 10680 -15454 -21518 17635 END
START -26792 -32216 4612 -17463 -24684 9076 END
START -25656 -29196 -104 -7703 -27180 2656 END
START -23368 -23896 -2436 -8565 -25173 1729 END
START -23064 -23396 -5044 -14562 -23648 -1900 END
START -22792 -21920 -7448 -14518 -23562 -7032 END