START 3496 4260 1816 3536 1745 5378 END
START 3848 4384 1960 2240 119 9653 END
START 3020 3884 1408 3796 -1029 13568 END
START 1432 4796 1976 8482 -871 19146 END
START -1048 4704 2876 10510 -509 24800 END
START -3788 4440 3600 8765 -339 30322 END
START -5452 512 4972 11148 -1082 32767 END
START -8684 -6628 4096 18916 -3327 32767 END
START -12640 -13608 3508 24097 -1249 32767 END
START -17104 -18608 6092 20069 3844 32767 END
START -18556 -25700 7896 14549 4068 32767 END
START -18200 -29304 6596 12487 4192 32767 END
START -17984 -31148 4616 7949 7131 30653 END
START -18608 -32768 3384 2152 8227 26138 END
START -19640 -32768 1172 7363 6353 21602 END
START -18272 -32768 -508 14613 6270 16991 END
START -16308 -32768 -568 11722 8634 11039 END
START -14280 -31828 -732 7960 10493 5377 END
START -12156 -28604 -1400 6225 12231 433 END
START -11324 -24924 -272 6477 14329 -2745 END
START -11064 -21884 1880 4446 15739 -4083 END
START -11644 -22124 3632 2139 15618 -5780 END
START -11888 -22408 4464 2638 14950 -7902 END
START -12172 -21104 5068 3468 14546 -11059 END
START -11964 -20308 5044 1615 13492 -12561 END
START -11596 -19816 5252 1294 13568 -14045 END
START -11792 -20568 5964 805 12902 -16264 END
START -11404 -20396 6076 1701 11385 -18321 END
START -10520 -17668 7156 1068 10836 -20257 END
START -9952 -15832 8228 -937 9266 -20443 END
START -8596 -14396 9912 -1105 7879 -19557 END
START -7760 -13772 10100 -916 4298 -18591 END
START -6344 -11788 9680 -850 1929 -17867 END
START -4612 -9888 9748 -3716 1095 -16523 END
START -4096 -9460 10696 -4814 -666 -15235 END
START -3300 -8972 10404 -4631 -3663 -13283 END
START -2184 -8932 9392 -4059 -5840 -12342 END
START -1648 -7996 8728 -3999 -7759 -11000 END
START -1280 -7140 8508 -2758 -9200 -8966 END
START -532 -7440 8540 -680 -10886 -7001 END
START -152 -6792 8372 -48 -13207 -4574 END
START 284 -6952 7888 -1624 -14221 -2726 END
START 424 -7004 7852 -3122 -14370 -599 END
START 1064 -7204 8716 -639 -15394 2343 END
START 88 -7504 10488 2975 -17209 5789 END
START -1980 -8020 12020 1170 -19167 8402 END
START -5060 -9136 12340 -675 -20732 9767 END
START -9744 -11612 12492 -1762 -22823 11151 END