START -13952 -19320 4208 -1355 471 9356 END
START -16576 -20020 6396 -628 -2036 5412 END
START -17592 -22076 6104 -6265 -5173 2815 END
START -18532 -24212 4156 -10475 -3305 -2408 END
START -19804 -25256 1416 -10892 1260 -7848 END
START -19812 -24456 636 -11652 3733 -12033 END
START -20716 -25696 1612 -11344 4678 -17043 END
START -21460 -24244 2124 -10144 4135 -22410 END
START -21324 -21532 2092 -11881 5045 -24640 END
START -19516 -19072 2788 -15788 7520 -26832 END
START -18160 -17252 3768 -18062 9477 -27528 END
START -16872 -16696 3132 -18790 10851 -28968 END
START -15932 -13956 3380 -19589 11008 -31153 END
START -15184 -11800 1876 -21570 9302 -31884 END
START -13312 -9304 -184 -18118 9395 -28547 END
START -10020 -7676 -860 -15344 12558 -26074 END
START -8204 -7340 -1960 -17701 13699 -25323 END
START -6388 -6668 -3252 -18492 15468 -24508 END
START -6104 -4700 -6016 -16249 17306 -20829 END
START -4164 -2416 -6368 -14791 18230 -14301 END
START -2088 -2476 -6860 -16456 19437 -11071 END
START -1352 -2556 -7396 -15508 21380 -8733 END
START -964 -1164 -7428 -12635 21975 -5954 END
START -24 -192 -7280 -11440 21178 -2196 END
START 952 144 -7952 -10269 21180 2520 END
START 2304 844 -7836 -9024 23554 6061 END
START 1164 2620 -7248 -7936 25906 9878 END
START 788 3576 -3984 -7775 24420 15971 END
START 532 3404 -2476 -6767 22937 21939 END
START 652 1320 116 -2406 21249 26196 END
START 612 -40 3772 5529 18352 27855 END
START -2068 596 7684 10275 12484 31203 END
START -3060 -5460 12164 14613 5173 32767 END
START -4800 -14248 16416 25237 -1516 32767 END
START -8124 -20708 22200 23766 -5399 32767 END
START -8176 -27472 27020 8207 -7660 31217 END
START -7000 -32768 28560 -4531 -13778 25359 END
START -4900 -32768 23172 -2700 -26003 17982 END
START -5960 -32768 15056 -2783 -32768 12647 END
START -8028 -32768 5840 -9016 -32768 9609 END
START -13152 -32768 -3724 -13101 -32768 6067 END
START -14928 -32768 -8916 -9395 -32768 -1984 END
START -16356 -26236 -10076 -13107 -31213 -6789 END
START -16716 -22616 -15636 -19552 -27673 -5551 END
START -17036 -22324 -23136 -19067 -21830 -7361 END
START -16396 -19140 -25704 -14096 -12070 -10848 END
START -16216 -15460 -23244 -11018 -5174 -12822 END
START -14488 -13160 -21040 -7495 -1204 -12805 END
START -13464 -11520 -20256 -2128 4564 -13010 END
START -12260 -9408 -17484 177 11123 -13625 END
START -11268 -7968 -14756 -493 14970 -12039 END
START -9548 -7156 -13340 -631 19267 -11285 END
START -8544 -4716 -11872 -1125 22655 -8036 END
START -6864 -4180 -10724 -272 25751 -5159 END
START -5580 -2720 -7864 1180 27520 -2669 END
START -4292 -936 -5120 3847 28259 491 END
START -3928 1072 -2252 5531 28253 4612 END
START -3436 1240 580 5336 28099 9480 END
START -3052 612 3376 6573 28225 13843 END
START -3748 -652 7624 9806 25818 17446 END
START -4252 -1512 12288 13328 20142 20982 END
START -6336 -4476 13724 11446 15536 24180 END
START -8368 -7200 14180 3418 14887 25564 END
START -10852 -10648 16972 -3807 12699 26976 END
START -12552 -16520 23468 2304 4774 27467 END
START -10048 -17228 26832 14332 -6031 24409 END
START -7560 -14240 23136 7698 -13620 25346 END
START -8936 -17960 20260 -1703 -16788 27220 END
START -13192 -22068 21276 -710 -21343 25460 END
START -16140 -22276 22116 -576 -29331 24165 END
START -18408 -23984 17460 -7192 -32768 23734 END
START -23204 -29316 8964 -16710 -32768 19832 END
START -25900 -32768 -540 -17813 -32768 9887 END
START -24672 -31456 -3588 -10521 -32768 -32 END
START -23620 -25788 144 -7692 -29480 -3561 END