START -18604 -18748 4908 5226 875 -1183 END
START -17912 -21976 6520 3153 -4585 -3014 END
START -17932 -22680 5456 4135 -5741 -7296 END
START -17772 -20472 4732 -653 -2775 -10740 END
START -19372 -20132 5984 -10208 -340 -14218 END
START -21216 -21272 7452 -13128 -1733 -17568 END
START -21332 -22012 6476 -10585 -4435 -21662 END
START -20812 -19112 6252 -9556 -5158 -25386 END
START -19396 -15504 5260 -12892 -4264 -25846 END
START -18056 -14784 5208 -16077 -2648 -27059 END
START -17116 -13300 4488 -18782 -1796 -27886 END
START -15256 -11732 2288 -17068 -718 -26567 END
START -12976 -9020 752 -15921 1531 -25390 END
START -11036 -7904 88 -17402 3950 -23879 END
START -10328 -8480 -488 -16515 4581 -22708 END
START -8324 -8120 -600 -11972 4804 -21699 END
START -6560 -5860 -1240 -10989 4535 -18624 END
START -4564 -4596 -3072 -12869 6560 -15540 END
START -3520 -5316 -4664 -13833 9787 -12416 END
START -2568 -6064 -5988 -11222 12972 -10501 END
START -2904 -4148 -6348 -7821 14310 -8564 END
START -1508 -3600 -6440 -5452 15300 -5512 END
START -488 -3028 -5848 -2913 17160 -3556 END
START -248 -1140 -4760 -859 19472 -858 END
START -432 -400 -2316 81 19961 3137 END
START 100 148 -436 1722 19582 7299 END
START 1260 -16 1756 3908 18499 12535 END
START 2264 -1384 5572 7675 15808 16379 END
START 1892 -4356 11124 13167 10129 18993 END
START 552 -10488 18076 19142 2348 21204 END
START -984 -16416 22840 16676 -4903 21669 END
START -3624 -22224 23044 3039 -8496 20516 END
START -4860 -27004 20772 -7644 -12763 17819 END
START -5896 -27808 12976 -10022 -21826 14116 END
START -7116 -28104 3596 -7987 -26020 10934 END
START -7412 -26064 -2384 -8126 -22731 6698 END
START -9860 -25580 -6300 -12271 -19884 4842 END
START -12068 -27540 -9756 -12894 -17851 1683 END
START -12772 -26356 -11036 -8387 -15404 -2879 END
START -13028 -22516 -13372 -9926 -12487 -5171 END
START -12212 -20476 -15992 -11375 -7985 -6677 END
START -11644 -18564 -16240 -8780 -3156 -9125 END
START -10712 -15068 -14680 -4014 1215 -11583 END
START -8760 -11424 -12508 -1984 3224 -11378 END
START -6332 -8564 -11136 -1405 5412 -9591 END
START -4664 -7020 -10580 -1648 8243 -7520 END
START -3688 -6336 -10104 -440 11049 -5323 END
START -3108 -5028 -9332 1748 13154 -2893 END
START -2432 -4772 -7696 4257 14733 -185 END
START -2284 -4388 -5536 6800 16033 2519 END
START -2012 -3776 -3396 7708 17332 5113 END
START -2304 -3632 -1368 7463 18333 8095 END
START -2852 -3708 1072 6850 19160 11460 END
START -3708 -4080 3412 6220 19402 15192 END
START -5100 -4888 6300 7348 17463 18438 END
START -5616 -5336 8680 10423 13923 20641 END
START -6572 -4944 10056 11604 10677 23153 END
START -8988 -6716 12324 10254 8720 26032 END
START -10780 -11376 16232 14088 5716 26491 END
START -10824 -9332 18472 16093 536 26911 END
START -11504 -5456 18708 4963 -3912 29629 END