START 3944 2684 4276 1568 -3507 8168 END
START 3916 2756 3004 -93 -5596 13318 END
START 1668 1260 2852 1319 -4475 18804 END
START -56 408 3436 5109 -5576 24629 END
START -1884 -1216 3296 8632 -7609 30292 END
START -4536 -6072 2980 15647 -7015 32767 END
START -6088 -6724 3940 22272 -4286 32767 END
START -8232 -8748 5140 20126 -3152 32767 END
START -9012 -14756 1980 16069 -2334 32767 END
START -9740 -16216 -304 14612 3631 32767 END
START -12228 -15912 324 9688 7969 32767 END
START -15392 -20580 -40 3744 7302 32767 END
START -17716 -28576 -4152 3483 6784 32767 END
START -20360 -32768 -6220 11313 13905 31614 END
START -20344 -32768 -1816 11741 16946 23779 END
START -18468 -32768 -1568 4867 16053 17810 END
START -16016 -32768 -5036 851 19163 9638 END
START -15556 -32768 -2320 5065 22871 3411 END
START -14664 -32640 420 9815 20330 -747 END
START -13428 -29268 2196 12526 19436 -5436 END
START -13100 -26196 2932 7503 18325 -9878 END
START -13652 -24660 2180 2392 19377 -15252 END
START -14176 -22652 3304 2652 20675 -18514 END
START -14084 -19400 4820 3893 19709 -20378 END
START -13376 -17660 6708 5082 18346 -21551 END
START -12724 -15912 9240 5315 16779 -22392 END
START -11872 -13936 10480 2859 14319 -22415 END
START -11232 -12800 11732 1357 11421 -21951 END
START -10348 -12116 12916 3001 7885 -21409 END
START -9352 -10620 13408 5119 4230 -20583 END
START -7536 -8668 13036 3991 19 -18802 END
START -4416 -7300 11624 515 -3397 -16285 END
START -2632 -6848 10704 -1018 -5174 -14646 END
START -2012 -6492 11412 1055 -7880 -12227 END
START -908 -5688 11292 3755 -12248 -9081 END
START 208 -4884 10972 4135 -15525 -5396 END
START 1124 -4284 11200 2217 -18230 -966 END
START 116 -6020 12108 2875 -21028 3143 END
START -1104 -6296 12128 5560 -24612 7395 END
START -2564 -6892 11784 7034 -27555 10345 END
START -5072 -6812 10532 1967 -30230 12913 END
START -8500 -10164 6688 -3838 -32768 14367 END