START -16572 -23832 6856 -4554 -8725 -2720 END
START -16840 -25408 5080 -6103 -11386 -5409 END
START -17016 -25656 5168 -7018 -9206 -10012 END
START -18104 -23560 6860 -12042 -6016 -15344 END
START -19404 -22228 7680 -16605 -3823 -18922 END
START -19136 -19628 8820 -17811 -2834 -21379 END
START -18508 -16760 8356 -18624 -3639 -23351 END
START -17484 -14332 5904 -18574 -3869 -23938 END
START -15380 -12884 2812 -20345 -2164 -24115 END
START -14232 -11784 212 -21130 1664 -24684 END
START -12844 -10284 -788 -20285 4767 -25080 END
START -11324 -9772 -1340 -17243 5697 -24787 END
START -9928 -8088 -1704 -14156 7159 -24086 END
START -7852 -7164 -2880 -12714 8455 -21212 END
START -6388 -6560 -4048 -13956 11917 -19266 END
START -5724 -6776 -4904 -14491 13827 -17413 END
START -5020 -6216 -6108 -11250 14470 -15879 END
START -2444 -3616 -6352 -8013 16550 -13001 END
START -584 -3528 -5688 -6539 18342 -9998 END
START -232 -2416 -5312 -3156 19955 -7227 END
START 812 -1264 -4352 281 20733 -4267 END
START 1424 336 -2992 2425 21060 -435 END
START 2116 2204 -1844 2723 21917 4851 END
START 2520 2712 476 2384 22716 10389 END
START 1412 1792 3756 3440 22001 15376 END
START 2032 776 7480 7612 18396 20667 END
START 1588 -1676 12216 13604 12700 25332 END
START -1776 -7124 17728 20425 4714 29179 END
START -5064 -13428 22056 19613 -1770 30111 END
START -6588 -19916 23948 8012 -3128 28687 END
START -7028 -26828 22960 -6796 -5880 24356 END
START -7980 -32648 19900 -6752 -15190 19819 END
START -8224 -32768 13404 -4002 -23635 14113 END
START -9524 -32768 4384 -6519 -25518 9359 END
START -11160 -32768 -3352 -10411 -21118 5127 END
START -12420 -32768 -6664 -10706 -16416 -1749 END
START -13320 -29664 -8116 -8104 -15939 -6943 END
START -12052 -24344 -11472 -7480 -13605 -9014 END
START -11376 -20740 -13340 -8814 -8272 -10800 END
START -9848 -17408 -12892 -8336 -3263 -12015 END
START -9004 -14176 -10972 -4689 561 -12269 END
START -6900 -10764 -8944 -2322 2214 -10516 END
START -5132 -8320 -8448 -3063 4876 -8325 END
START -3772 -6528 -7564 -4997 8361 -5562 END
START -3100 -5772 -6920 -5837 11567 -2179 END
START -3192 -5944 -5764 -2788 12471 -149 END
START -2660 -4732 -4560 2016 12742 2278 END
START -1708 -3696 -4148 3306 13879 5196 END
START -1592 -2968 -2932 3069 16408 8213 END
START -2972 -4164 316 4551 18089 10945 END
START -4300 -4884 4528 8198 16737 13121 END
START -4980 -6064 8204 11042 13578 15277 END
START -5252 -6692 9768 10254 11350 17310 END
START -5824 -7548 10532 8869 10647 18726 END
START -7140 -8968 12964 8213 9632 19372 END
START -7744 -9088 16748 10834 6316 19483 END
START -7340 -7948 17984 7372 -357 22560 END
START -9864 -9464 19200 1937 -3404 26514 END
START -13428 -15588 22848 2544 -8469 26741 END
START -15600 -18732 25684 7058 -16029 23029 END