START -14208 -24328 -112 2089 490 -4728 END
START -14972 -27192 320 2249 168 -7183 END
START -16480 -29180 1164 2138 -1215 -11728 END
START -15780 -28364 2104 -491 -2951 -15511 END
START -14332 -26320 2156 -7847 -1424 -17046 END
START -13540 -25420 2240 -16745 1508 -19470 END
START -14696 -25008 4308 -16491 2792 -22723 END
START -14536 -20476 4764 -14305 1057 -24204 END
START -12000 -16508 4008 -17789 2183 -23846 END
START -10976 -14980 3684 -21387 4101 -23848 END
START -10116 -13396 2648 -18740 4151 -23422 END
START -8376 -10784 1016 -15225 3698 -22732 END
START -6772 -8620 -620 -14579 3895 -20372 END
START -5028 -8112 -4124 -15525 5287 -18372 END
START -3636 -6588 -4864 -15393 8348 -17711 END
START -3352 -6084 -5684 -12792 9779 -16417 END
START -3520 -5640 -7024 -10367 9803 -14281 END
START -2216 -5528 -8356 -7643 13361 -12329 END
START -2260 -4056 -7824 -8230 16525 -10870 END
START -2060 -3144 -7596 -8732 18463 -8706 END
START -1800 -2308 -6576 -4915 18869 -6977 END
START -176 -376 -5060 436 17719 -4531 END
START 1420 1752 -5068 1195 16953 -771 END
START 2916 2452 -5884 -3425 19208 4198 END
START 3676 1224 -5620 -8006 22050 9334 END
START 2556 -864 -2404 -5578 22629 12781 END
START 1588 -1484 1436 726 19032 16117 END
START 1152 -3816 5852 5537 14599 19445 END
START 2424 -6544 10328 11665 10589 22080 END
START 1396 -9428 16092 11353 7911 24119 END
START -32 -17344 23764 8160 3317 25356 END
START 480 -23540 27464 6876 -6505 22730 END
START 2028 -27416 23996 4941 -17172 20221 END
START 2004 -30700 17136 4160 -23993 16732 END
START -440 -32340 10412 3092 -27478 12896 END
START -2520 -32768 2748 -2704 -26846 9311 END
START -5624 -32676 -3448 -8366 -25215 5129 END
START -8100 -32040 -10840 -9710 -24602 1050 END
START -8500 -28468 -15836 -7549 -20791 -2905 END
START -9424 -24680 -19344 -8185 -15519 -5246 END
START -9656 -21888 -22272 -7011 -9500 -7558 END
START -9264 -18592 -21820 -3100 -4636 -9533 END
START -8528 -14492 -20540 98 144 -9755 END
START -6940 -10560 -18284 -1777 4882 -8138 END
START -5648 -8172 -15708 -3900 9851 -5922 END
START -4648 -6408 -13348 -4025 13427 -3285 END
START -3300 -4988 -11000 -4038 15885 236 END
START -2812 -4616 -8252 -4029 18295 3391 END
START -3004 -4520 -5416 -3647 19897 6248 END
START -3328 -4548 -2464 -2676 19771 9336 END
START -3904 -5416 -708 -926 18568 12795 END
START -3944 -6764 1200 2439 17313 14612 END
START -4628 -7372 4144 5297 16718 15166 END
START -4984 -6688 7184 5353 15753 16821 END
START -5412 -7796 10088 1046 14694 20563 END
START -6220 -10716 13636 68 11297 21973 END
START -6808 -13896 17804 4442 4983 21985 END
START -5668 -13472 20192 6631 -1803 22408 END
START -5560 -13532 20748 154 -5972 23928 END
START -8336 -20520 23216 -4818 -11738 25027 END
START -10604 -27908 24536 -579 -20590 21067 END
START -13828 -29552 21032 -672 -28390 16295 END
START -17212 -31024 8356 -11559 -31859 12486 END
START -19344 -32768 -7624 -17404 -30761 6614 END
START -21696 -32768 -17808 -13221 -25310 -2935 END