START 3648 5092 196 7081 1787 18092 END
START 840 2756 2780 9305 3008 22013 END
START -2112 584 7032 12188 1278 26299 END
START -2688 -3932 8084 14307 -1904 32446 END
START -4088 -10768 6056 16176 -3788 32767 END
START -6432 -14760 5416 16737 -1697 32767 END
START -8648 -16496 6712 15408 961 32237 END
START -8676 -17204 6252 12539 1435 32536 END
START -8488 -19068 5612 11719 3590 32409 END
START -10356 -20408 5580 9456 6224 32011 END
START -12168 -26556 4568 8212 6602 31036 END
START -13472 -29724 2684 10334 6614 27856 END
START -12852 -29144 2512 12989 8010 24291 END
START -12772 -27464 2784 11291 10120 21244 END
START -13984 -30004 2180 7387 11610 18498 END
START -13888 -32768 28 6467 13331 13628 END
START -13136 -32596 812 7773 15037 7608 END
START -12508 -31376 2756 8987 15874 2485 END
START -11120 -29896 4180 6882 15822 -1754 END
START -9960 -28800 4688 3515 16384 -6008 END
START -10132 -28464 5692 1106 16431 -9768 END
START -10040 -27108 6280 -54 16189 -13932 END
START -10076 -24988 6848 -933 16611 -17658 END
START -10204 -23176 9312 -1800 16043 -20199 END
START -10520 -20608 10112 -2117 13525 -21966 END
START -9996 -18736 10316 -2646 11772 -23169 END
START -10004 -16284 10656 -2823 10255 -23840 END
START -9576 -14576 11104 -2727 8535 -23553 END
START -8528 -13108 11172 -697 5773 -22845 END
START -7296 -10936 10820 234 2974 -21275 END
START -5788 -9276 10892 -204 1343 -19962 END
START -4584 -6996 10956 -608 -835 -18065 END
START -2740 -6016 10760 -1426 -3118 -15374 END
START -1944 -5400 10260 -1497 -5274 -12810 END
START -1020 -4860 9692 -389 -7309 -9931 END
START -600 -5320 9624 2357 -8879 -7107 END
START 512 -4420 9020 3708 -10585 -3829 END
START 1116 -4636 9048 3166 -11786 -648 END
START 336 -5872 10044 3329 -14275 2386 END
START -528 -7476 10636 4003 -16725 4800 END
START -2628 -8296 11596 5391 -21121 7947 END
START -3296 -10080 10616 3903 -25475 11757 END