START -15016 -22548 8636 -3607 -6108 -4612 END
START -15220 -22560 9600 -3408 -6989 -7132 END
START -16700 -22956 11160 -7348 -8731 -10640 END
START -18156 -22744 10536 -12709 -10610 -14108 END
START -17844 -21260 8332 -17976 -9686 -16661 END
START -17236 -19484 6172 -21123 -7108 -19784 END
START -16908 -17168 5016 -21699 -5503 -21761 END
START -16148 -15412 4872 -19550 -6434 -22004 END
START -14720 -13124 4680 -17894 -6964 -21115 END
START -12396 -12104 3204 -19297 -5039 -20889 END
START -10664 -10428 1080 -22022 -1292 -20118 END
START -9436 -9688 -568 -22227 1259 -18939 END
START -7500 -8684 -1756 -19141 2900 -17501 END
START -5268 -6748 -2416 -17869 4282 -15108 END
START -4012 -6328 -3160 -16376 6221 -13763 END
START -3088 -6420 -3668 -16954 7272 -12619 END
START -2444 -4948 -5072 -14718 9316 -8467 END
START -2116 -5292 -4704 -14220 11453 -6446 END
START -1920 -5764 -4832 -13825 12058 -4062 END
START -2356 -6700 -5432 -8316 11955 -3245 END
START -1104 -5712 -5240 -3963 12121 -3046 END
START -368 -4248 -4900 -2299 12938 -1686 END
START 152 -3544 -4564 -2149 13236 272 END
START 476 -3432 -3916 -138 12957 2171 END
START 696 -2368 -2992 5105 12315 3634 END
START 1192 -1396 -1620 8504 11507 5051 END
START 2384 48 -156 10106 11473 7816 END
START 3832 1124 2384 8681 12282 12067 END
START 3712 -1060 4988 5334 10911 17375 END
START 2224 -5716 8416 10989 5713 19928 END
START 1680 -9740 11036 17278 -478 21232 END
START -164 -14960 16076 16577 -3735 22244 END
START -3024 -21164 20624 5915 -5526 22891 END
START -7200 -28224 20708 -2071 -10376 20704 END
START -8636 -32768 14360 -2609 -17972 15937 END
START -7848 -31864 5108 -4497 -21694 11480 END
START -8820 -29908 -1424 -8479 -19608 7512 END
START -12032 -30132 -6108 -9997 -18666 4057 END
START -14232 -28912 -10860 -8826 -18565 661 END
START -14392 -26176 -13764 -6833 -16112 -3291 END
START -14384 -22604 -15600 -6679 -12220 -5817 END
START -13996 -20060 -16648 -7485 -7671 -6992 END
START -13232 -17708 -16400 -5077 -3781 -8251 END
START -12172 -14352 -15544 -3213 -475 -9006 END
START -10448 -11120 -14268 -2933 3261 -8250 END
START -8468 -8556 -13076 -2845 6381 -5910 END
START -6848 -7500 -11928 -2318 10682 -4073 END
START -6748 -6780 -9908 119 13655 -2872 END
START -5568 -5908 -7292 2642 14076 -1547 END
START -4952 -4612 -5652 5038 14289 701 END
START -3912 -4128 -3692 6759 15789 4120 END
START -3724 -3512 -1608 5638 17108 6377 END
START -3268 -4208 756 5182 17182 8761 END
START -2880 -4916 2584 6595 16033 9477 END
START -3860 -4432 4864 8077 14465 11571 END
START -5016 -5764 7756 7841 12863 14732 END
START -6936 -8996 10904 6273 10689 16946 END
START -7644 -10880 12476 6058 7197 17947 END
START -6864 -9984 13008 6882 4148 20229 END
START -6240 -8472 13996 6638 3069 22695 END
START -7912 -8464 17092 1920 2048 26226 END
START -11556 -15476 21032 -3562 -3808 27927 END
START -15596 -21820 21944 -2609 -15088 23470 END
START -17928 -22172 19200 -561 -25725 17841 END
START -20256 -20468 15708 -5929 -30182 15054 END
START -23236 -21208 11072 -16759 -32342 14251 END
START -25976 -24900 5244 -19394 -32768 9926 END
START -27172 -24724 432 -17315 -32768 2494 END
START -27456 -21144 -1800 -16434 -32768 -2979 END