START -10548 -21408 856 -1016 -4512 -1416 END
START -12104 -25504 1752 -3786 -1825 -3075 END
START -14752 -26832 3344 694 -4042 -6948 END
START -15436 -25752 1936 3076 -7975 -9034 END
START -15732 -24208 -1264 -4328 -5631 -8756 END
START -14800 -24668 -164 -12682 608 -13409 END
START -15552 -23408 3956 -14167 1297 -17916 END
START -15112 -20188 3876 -10578 -1607 -20687 END
START -13208 -16404 3992 -9907 -707 -20103 END
START -10664 -14660 4404 -14659 1148 -19535 END
START -10420 -13908 4048 -15333 2376 -19386 END
START -9312 -12804 3216 -14814 2154 -17987 END
START -6828 -11940 1988 -12657 2409 -17539 END
START -5888 -9432 408 -12599 4157 -16127 END
START -5576 -9092 -700 -13789 5231 -15422 END
START -4028 -7396 -1976 -12877 6323 -14583 END
START -2548 -5456 -3552 -13322 7685 -10896 END
START -2088 -4748 -5400 -13015 8913 -7908 END
START -1196 -4144 -6020 -10792 10018 -6110 END
START -1292 -3800 -6088 -5265 10656 -5412 END
START -884 -1188 -4928 -481 12474 -3274 END
START -1180 -344 -2468 422 12757 -301 END
START -884 112 -1448 1289 12724 2314 END
START -1144 600 -840 1435 12796 5729 END
START -1632 628 980 2535 12580 7694 END
START -1176 1496 3512 3607 11461 9661 END
START 24 1400 6284 2786 10808 13376 END
START 1716 -2920 12256 5636 7522 16989 END
START 1456 -8716 19108 16498 -2820 18149 END
START 684 -13464 22660 19601 -12988 18989 END
START -252 -19796 18712 6642 -15451 21954 END
START -3404 -30224 13172 -3507 -15928 19299 END
START -8312 -32768 5644 -2839 -19168 12047 END
START -10528 -32768 -3388 1630 -18857 2652 END
START -9888 -32768 -6844 2845 -15212 -3005 END
START -10756 -32768 -8852 -2702 -12217 -5403 END
START -11324 -30320 -12364 -4494 -9772 -8829 END
START -10724 -24520 -14304 -3198 -6441 -10839 END
START -8552 -19884 -14444 -2978 -1980 -11610 END
START -7196 -15568 -12884 -2281 2011 -11883 END
START -4936 -10852 -10784 -1038 4440 -10393 END
START -3100 -7584 -8560 -657 7093 -8653 END
START -2392 -5600 -6408 -375 9734 -5817 END
START -2036 -4224 -3468 -711 10647 -2466 END
START -1400 -4324 -1876 240 10408 665 END
START -1612 -3704 -1436 1951 10535 3604 END
START -1672 -4104 -776 2003 11935 5951 END
START -1572 -4392 820 1789 13644 7369 END
START -1804 -4344 2180 -506 14044 9823 END
START -2620 -5428 3164 -2162 14013 11783 END
START -4260 -7560 5424 515 13434 12544 END
START -5032 -8396 8516 8159 12155 13100 END
START -5180 -7104 13028 11962 11093 14928 END
START -5508 -6244 17316 6401 8942 20551 END
START -8132 -11232 21240 859 4018 24845 END
START -10968 -18196 24464 6569 -4924 24372 END
START -12356 -20828 24768 16033 -14985 22504 END
START -12712 -19924 21524 10014 -21060 21835 END
START -15416 -22732 17408 -6481 -23881 22577 END
START -19248 -30984 14376 -12497 -29862 18179 END
START -21432 -32100 6620 -7893 -32768 10805 END
START -20356 -28740 -1940 -11183 -32768 8042 END