START 3680 5616 1928 2154 443 3276 END
START 2904 5948 2572 2968 -974 7702 END
START 2892 5124 2504 3570 -2317 12186 END
START 1976 2936 3172 8111 -3183 15386 END
START 980 1604 3732 11294 -3382 18524 END
START -828 -304 4284 10402 -4355 22859 END
START -500 -4524 3492 12164 -5492 26685 END
START -976 -8040 2824 15823 -4954 28652 END
START -3184 -12264 1216 14812 -3842 29879 END
START -5052 -14632 1364 14216 -1661 29217 END
START -6344 -15456 3896 15834 -712 29924 END
START -8172 -19244 4792 19220 -2031 32646 END
START -10280 -24144 1720 19334 -1161 32490 END
START -11244 -25440 188 14808 3441 28534 END
START -12468 -24588 620 10372 7318 27404 END
START -13656 -26776 3772 13828 7578 26352 END
START -12824 -30208 404 15173 5054 25757 END
START -12580 -32240 -3280 12584 9121 21039 END
START -12748 -31996 -3720 5704 14058 15414 END
START -12396 -32252 -3228 1696 16170 10754 END
START -12308 -32380 -636 7075 16499 7385 END
START -12028 -31536 704 10438 16389 3587 END
START -11788 -31060 1040 7855 17328 -1235 END
START -11824 -30152 3060 4218 19819 -6846 END
START -11892 -28496 5344 2736 20247 -11703 END
START -11708 -26256 7760 3886 18291 -14635 END
START -10808 -22876 8788 3699 16813 -17536 END
START -10000 -20228 9736 574 15980 -19645 END
START -9928 -18280 11656 -1786 14922 -20730 END
START -9512 -15284 13172 -3662 12490 -21090 END
START -7960 -12540 13216 -5656 9600 -20490 END
START -6416 -10652 12044 -6785 7196 -19023 END
START -4772 -9364 10908 -7760 5593 -17217 END
START -3844 -8612 10900 -7129 4474 -15907 END
START -2940 -8076 10492 -6181 1978 -13834 END
START -1968 -7520 9452 -5046 -1267 -11663 END
START -932 -7676 8364 -4877 -3170 -9382 END
START -740 -7512 7812 -4060 -4111 -7781 END
START -396 -7912 7940 -3036 -5697 -5879 END
START 144 -7792 8524 -1084 -8180 -3472 END
START 332 -8792 9236 1964 -10853 -960 END
START 872 -9464 11772 3431 -12544 546 END
START -360 -10416 15852 4359 -15264 1733 END
START -2536 -10056 18476 2704 -21088 4501 END
START -5104 -12028 14736 -146 -26846 7180 END
START -7004 -13900 5884 -3515 -30549 9017 END