START 1600 4220 3760 609 569 7800 END
START 2148 3544 4140 -213 922 14101 END
START 248 2316 4628 5403 227 18968 END
START -1352 1568 5976 10283 -1908 22212 END
START -2392 740 6684 10555 -4041 24977 END
START -4480 -928 6056 10256 -4692 27345 END
START -6676 -3440 4332 13516 -4553 31638 END
START -8468 -8948 2524 17498 -4173 32767 END
START -11276 -17072 1392 19299 -2178 32767 END
START -14212 -25096 1744 15930 1765 32767 END
START -16080 -31272 1948 7390 4915 31244 END
START -16228 -32768 1172 2457 5704 25335 END
START -14496 -32460 -676 4758 4957 22192 END
START -12556 -29452 -2364 4644 6141 19401 END
START -12576 -28508 -2712 3946 8298 17437 END
START -13080 -30444 -3852 5509 9034 15179 END
START -12440 -29448 -5016 5079 11812 9608 END
START -11448 -27040 -3536 4377 15179 5040 END
START -11084 -24796 -1596 3605 17322 2324 END
START -11796 -24844 1860 7529 18142 -511 END
START -11564 -22892 4040 7390 17058 -3053 END
START -11108 -22436 3972 2982 17535 -5773 END
START -11068 -22316 4252 -475 18130 -8721 END
START -11244 -22452 4608 2108 17279 -11067 END
START -10860 -20840 5336 4571 16611 -13019 END
START -10416 -19020 7164 3625 16017 -14864 END
START -9772 -17380 8192 1539 15229 -16143 END
START -9852 -16328 9052 488 12537 -16554 END
START -8636 -14908 8120 338 10338 -16992 END
START -7844 -13288 8140 390 8739 -17276 END
START -7308 -12148 8900 171 7508 -16496 END
START -6192 -10892 9392 -1060 5080 -15860 END
START -4628 -10308 9292 -559 2180 -14613 END
START -3424 -9360 10012 3229 -218 -12482 END
START -2676 -7804 10712 2642 -3144 -10236 END
START -1800 -8116 10464 -933 -5111 -8697 END
START -644 -7804 10772 -2938 -6555 -7180 END
START 568 -7624 11200 -1726 -8748 -4917 END
START 1004 -7944 12060 1416 -11950 -2200 END
START 668 -7108 12008 3579 -15177 969 END
START 96 -7520 11888 1539 -17019 4344 END
START -2608 -10092 12684 378 -18271 6531 END
START -6996 -14196 12888 -746 -23666 8290 END
START -9956 -19816 4848 -1419 -28825 8195 END
START -10832 -23484 -3852 -634 -28717 5810 END