START 5848 4812 -1028 3223 647 5930 END
START 4820 3348 764 6242 2348 9968 END
START 4180 3620 2300 6934 320 13575 END
START 3176 2644 3084 8174 -1724 17975 END
START 1088 740 3692 12399 -1779 23151 END
START -68 -996 4548 13131 -1073 27734 END
START -2692 -4072 5132 11149 -1373 30783 END
START -4708 -8656 3968 11424 -2065 32363 END
START -7452 -12260 3460 15288 -1730 32767 END
START -8456 -13744 4148 18401 136 32767 END
START -9192 -15460 3652 13938 2282 32767 END
START -10708 -21180 -464 7893 4100 32767 END
START -13124 -26156 -2500 7609 7635 31633 END
START -14552 -27360 2304 17919 9734 28872 END
START -14088 -25612 3432 17244 8977 27737 END
START -13632 -28044 272 5887 9597 26559 END
START -16320 -32104 -4340 -1164 15707 20156 END
START -16540 -31896 -1860 1332 18981 14378 END
START -16292 -32392 1152 9093 17619 10745 END
START -15484 -31096 3444 12471 16185 6362 END
START -13860 -30368 3664 8978 15218 2454 END
START -12520 -30240 1920 3530 17056 -3386 END
START -11776 -28720 484 -1132 18829 -7709 END
START -12436 -28480 812 -1460 19896 -11299 END
START -13708 -27448 2408 3363 19907 -15143 END
START -14192 -24996 4380 6958 19432 -18726 END
START -14256 -21824 6672 5720 18757 -22392 END
START -14060 -19768 7776 2359 17899 -24751 END
START -12844 -17032 9236 437 17429 -25908 END
START -11452 -14796 11388 -544 14805 -25669 END
START -10260 -12948 11876 -643 10431 -24502 END
START -8396 -11936 11032 -529 6984 -23153 END
START -6264 -9508 10800 -410 4498 -21400 END
START -4352 -7560 11168 -1536 2670 -19541 END
START -2500 -6300 11584 -3595 208 -17261 END
START -1224 -6068 10820 -3611 -2819 -14468 END
START 304 -5268 10616 -644 -5013 -12262 END
START 1184 -3412 11060 720 -7181 -9822 END
START 1268 -4084 12616 353 -10221 -6596 END
START 1492 -4624 13860 1042 -14234 -3792 END
START 1460 -4248 13888 3193 -18665 -1097 END
START 108 -4852 13400 4536 -23244 3226 END
START -748 -6336 11172 3862 -27654 7759 END
START -2220 -9840 6940 3768 -32143 11415 END