START -20220 -25756 6112 3839 4027 -1563 END
START -21760 -26084 8740 1319 4212 -9026 END
START -22508 -26808 9148 -5515 1119 -13060 END
START -22948 -26288 9196 -7739 -1102 -15694 END
START -24080 -25316 9516 -10138 -2568 -19888 END
START -24448 -22216 9348 -14346 -3572 -23604 END
START -24228 -20400 9212 -18069 -4181 -26644 END
START -22884 -17412 8012 -20096 -4318 -28237 END
START -20324 -14800 5948 -21988 -3013 -28414 END
START -19516 -12068 3488 -22967 -229 -28350 END
START -16576 -10432 2172 -24243 2626 -27861 END
START -14264 -8680 2024 -21679 4479 -26305 END
START -11008 -5908 1032 -20230 5612 -23549 END
START -8308 -4176 -436 -22191 7416 -19995 END
START -6948 -5216 -1528 -21971 8307 -16512 END
START -5260 -5032 -2924 -16270 8505 -14483 END
START -3928 -3748 -4112 -12661 9392 -11948 END
START -2772 -2832 -4844 -12141 11888 -8584 END
START -1816 -3356 -4788 -11534 14121 -5948 END
START -1836 -4444 -3848 -9019 15065 -3952 END
START -2364 -3988 -4076 -3801 14076 -2016 END
START -1236 -4220 -4116 -1055 14202 -954 END
START -712 -3484 -3080 491 15288 103 END
START -444 -2648 -2028 1478 15125 1687 END
START -248 -2464 -880 2989 13922 4643 END
START -356 -2980 628 6760 12688 5951 END
START 1664 -2160 2080 9642 11349 7449 END
START 3768 -1856 3788 9576 9944 11000 END
START 3284 -4176 6280 8861 8821 15445 END
START 3400 -8948 11952 11829 4973 17437 END
START 2252 -11320 17088 15085 -2920 17949 END
START 668 -14388 20768 13139 -9558 20178 END
START -2172 -18008 19464 890 -13801 22579 END
START -6244 -23736 12892 -7682 -16762 20274 END
START -8580 -27448 5688 -7614 -20813 16840 END
START -10576 -28948 -1592 -8393 -21643 12672 END
START -13452 -30836 -7344 -8113 -18720 7175 END
START -15672 -30608 -9828 -7572 -16162 1428 END
START -15792 -30272 -11984 -5749 -14098 -3962 END
START -15232 -26608 -12596 -3203 -11898 -8237 END
START -13800 -23972 -14732 -5085 -8425 -10036 END
START -12876 -21020 -15616 -4477 -3138 -12888 END
START -11180 -17228 -14716 -1806 845 -14349 END
START -9356 -13556 -12588 1483 3846 -15167 END
START -6820 -9044 -10452 1888 7071 -13861 END
START -4756 -6252 -9160 -1584 10169 -11041 END
START -3444 -5064 -7976 -2436 12791 -7036 END
START -3012 -4284 -5680 -221 13413 -3573 END
START -2528 -3724 -3784 4066 12183 -434 END
START -1884 -3528 -2000 6898 11517 1977 END
START -1372 -2844 -104 6067 12521 5169 END
START -1368 -2960 1316 2827 13889 8576 END
START -2092 -3800 2600 1028 13809 13027 END
START -3412 -6016 4048 3559 11664 14966 END
START -4572 -6848 5104 7329 9007 15602 END
START -4180 -6772 5656 8205 8080 16861 END
START -4684 -7820 6260 5303 8883 17578 END
START -6496 -10236 9728 7451 8640 19192 END
START -7704 -12160 15904 13281 4578 19907 END
START -7520 -13204 20060 12001 -630 21489 END
START -8284 -17008 22372 6981 -5245 21827 END
START -10300 -20836 22780 4087 -11473 19917 END
START -12292 -23180 20368 1343 -18998 17305 END
START -15260 -23624 15648 -4165 -23884 15002 END
START -19036 -26132 10908 -12869 -25828 12273 END
START -21948 -29408 6792 -20545 -27578 7598 END
START -23700 -30096 2684 -18037 -29177 -332 END