START 1856 -12356 11808 5733 -16222 -6213 END
START 1220 -11248 11892 2163 -21794 -3183 END
START -76 -10328 8912 1703 -24831 -1568 END
START -2288 -8424 6636 1274 -27066 555 END
START -4084 -8460 3152 -662 -29849 2928 END
START -4300 -8320 -952 -2277 -30339 5335 END
START -4316 -9276 -5924 -2607 -29249 7185 END
START -3480 -9724 -8656 -1193 -24995 7371 END
START -3548 -10196 -7972 115 -21490 8548 END
START -4868 -12404 -7212 1397 -20427 10307 END
START -5896 -14804 -7820 1864 -18396 10822 END
START -5328 -15504 -9484 -11 -15162 10485 END
START -4600 -14856 -9828 -353 -11440 10185 END
START -4236 -13264 -8700 899 -9101 10747 END
START -4272 -11936 -7348 1247 -7563 11555 END
START -5892 -11884 -6656 1317 -6946 12367 END
START -6932 -11944 -6576 508 -5646 15348 END
START -7448 -11948 -7252 -139 -4244 16620 END
START -7936 -10980 -7832 -1534 -2052 17222 END
START -9144 -10088 -8560 -2387 -863 18639 END
START -10940 -11824 -10308 -437 1438 20433 END
START -11884 -13452 -10312 5871 4097 20558 END
START -12088 -13468 -9608 6709 6327 20463 END
START -12284 -12108 -9224 3883 8777 20587 END
START -14948 -12536 -10492 -778 13052 22596 END
START -16780 -14164 -10728 299 17206 21891 END
START -17832 -14668 -10676 4317 19402 21569 END
START -17944 -15188 -12864 8909 22007 19983 END
START -17880 -14164 -15656 11558 27210 18324 END
START -19300 -14512 -14668 16052 32767 16155 END
START -21096 -18544 -14736 24113 32767 11951 END