START 3292 -12660 10576 8147 -39 562 END
START 3304 -12128 11892 6575 -4890 1579 END
START 3288 -11104 12748 5165 -10164 1593 END
START 2828 -10120 13716 6328 -15319 2676 END
START 1264 -9668 13696 8572 -20736 4723 END
START -308 -6692 12744 8202 -27139 9220 END
START -1340 -5884 10872 2522 -32768 17417 END
START -3436 -10028 7012 1419 -32768 22821 END
START -5688 -12580 500 3089 -32768 23790 END
START -5952 -13920 -5004 2392 -32768 24315 END
START -5324 -13760 -7788 758 -28462 21525 END
START -5312 -13148 -5840 1783 -22368 20304 END
START -6324 -14440 -5280 4215 -22448 24364 END
START -7356 -17756 -7740 7876 -22089 28345 END
START -7196 -20652 -11924 8626 -13786 24534 END
START -7680 -20720 -12072 4498 -3661 20233 END
START -9108 -21188 -11696 1138 933 19803 END
START -9772 -23432 -11108 3893 3248 20121 END
START -10248 -25812 -12232 8474 9567 17760 END
START -10592 -25512 -11556 7485 21253 10340 END
START -12472 -23636 -8324 3833 25613 6701 END
START -11924 -22184 -7320 2726 28247 5470 END
START -12564 -23860 -7324 2372 32767 4801 END
START -14064 -23532 -2852 6030 32767 -1215 END
START -13256 -22516 2340 6237 32767 -4188 END
START -12080 -21888 3668 4928 32767 -6516 END
START -11232 -21520 5088 3700 32767 -9062 END
START -10796 -19776 7364 3171 32767 -11033 END
START -11556 -16808 10712 2088 32767 -15311 END
START -8864 -17068 11088 2684 27127 -16732 END
START -6668 -15888 9736 5859 23710 -19570 END