START 2764 -12104 11704 5707 -11538 6627 END
START 1824 -11952 12752 5128 -16619 9458 END
START 252 -12100 12884 6735 -22177 11494 END
START -2072 -12036 11500 5919 -26586 13871 END
START -3752 -12212 10300 1663 -29796 14430 END
START -5824 -11468 7620 -3074 -32768 15651 END
START -8168 -11676 2572 -3726 -32768 16880 END
START -8396 -11888 -1708 -4659 -32768 18630 END
START -8312 -13204 -7508 -4476 -32768 20175 END
START -6840 -14908 -12480 -2661 -30541 19861 END
START -5456 -14924 -14548 1137 -22480 18070 END
START -5436 -13468 -14296 2391 -17649 18172 END
START -6316 -14128 -13600 5131 -13531 20659 END
START -8168 -16512 -13504 8575 -8546 22262 END
START -9244 -17592 -13404 11078 1287 20275 END
START -10528 -18000 -12664 9632 6800 19868 END
START -10232 -19496 -12520 11560 10841 19640 END
START -10864 -19588 -13464 15193 18535 17671 END
START -11356 -18852 -12264 15188 28061 13268 END
START -13236 -19220 -7928 13220 32767 10630 END
START -15952 -23248 -4636 13899 32767 9832 END
START -16824 -26116 -2508 15123 32767 4327 END
START -18832 -28128 3524 13120 32767 -1468 END
START -18812 -28136 9264 14551 32767 -6325 END
START -18488 -27620 12356 15435 32767 -11833 END