START -3592 -18252 5176 8692 -4705 -14323 END
START -3632 -16104 5712 6202 -5707 -14426 END
START -3020 -14156 6544 5239 -7474 -14047 END
START -2532 -13216 6708 4944 -10216 -12768 END
START -1872 -13320 6600 5724 -13074 -11862 END
START -1848 -12696 5288 5626 -13734 -11441 END
START -708 -11688 5024 3564 -14514 -11155 END
START -364 -11264 4404 2355 -16137 -10065 END
START -324 -11772 3268 4955 -17273 -8184 END
START 696 -11348 1688 5336 -17950 -6561 END
START 792 -11688 816 4966 -17100 -5796 END
START 588 -12212 1252 5702 -16540 -5021 END
START 492 -11940 2068 6290 -16935 -3834 END
START 648 -11092 2172 5768 -17622 -2363 END
START 1148 -12552 408 4825 -18189 -793 END
START 912 -12888 -1312 5331 -16800 -232 END
START 1140 -12264 -956 6217 -14943 240 END
START 1332 -11324 92 5555 -14319 1955 END
START 1692 -11468 -268 4740 -14400 3586 END
START 1680 -11436 -1624 3885 -13586 4635 END
START 1184 -10544 -2256 1830 -11653 5700 END
START 132 -10340 -1016 1829 -10119 7255 END
START -1132 -10704 -368 1925 -11160 9975 END
START -1456 -11756 -3260 2621 -11165 11945 END
START -1820 -11620 -4864 1677 -6837 10727 END
START -1884 -10732 -4640 -2131 -4107 10229 END