START 4564 -13880 6032 2060 -3290 1671 END
START 4268 -14196 7376 2192 -4256 2460 END
START 2996 -13624 9272 3691 -6118 1949 END
START 1708 -13008 12880 3265 -10812 1232 END
START 952 -13440 14136 4169 -16340 824 END
START -1428 -10660 12716 4908 -21367 2090 END
START -2116 -7964 9872 -417 -27201 7967 END
START -2496 -9444 5928 -5435 -32768 13597 END
START -3568 -10324 780 -4582 -32768 15648 END
START -3780 -10796 -2376 -2355 -32768 18663 END
START -4544 -11080 -3780 916 -32768 21296 END
START -5684 -12000 -4720 1786 -32768 25180 END
START -7888 -15940 -9052 2205 -32768 28188 END
START -8296 -18608 -12848 5079 -26312 22374 END
START -8724 -19580 -13064 2719 -19382 17209 END
START -9672 -18284 -12456 -1844 -18148 12860 END
START -11652 -16196 -13008 -4835 -17399 13951 END
START -14900 -13612 -13004 -1983 -15683 20979 END
START -14548 -19476 -15676 3983 -6756 27675 END
START -12144 -22424 -17668 6001 14452 19515 END
START -14220 -21832 -12796 12765 32767 13238 END
START -17404 -19016 -8784 14777 32767 8420 END
START -17896 -21212 -3872 11130 32767 4937 END
START -17556 -24356 -1496 6995 32767 3021 END
START -20376 -22788 3388 6916 32767 -2271 END
START -17028 -24400 10416 9224 32767 -8115 END
START -13700 -24172 10412 14681 32767 -11434 END
START -11904 -19940 10008 18349 32767 -14501 END