START 1448 -10736 16272 5653 -5332 -4554 END
START 572 -13112 18032 9036 -12455 -3396 END
START -60 -9784 16608 10858 -19878 -2640 END
START 1320 -6592 12040 1983 -25238 2929 END
START 728 -7712 9084 1164 -26232 4189 END
START 24 -7648 7472 4992 -27733 7510 END
START -364 -7524 6324 9807 -29766 11537 END
START -1352 -8628 2924 9847 -31110 15612 END
START -2120 -11568 -1244 7177 -30004 18015 END
START -2428 -13264 -4676 4424 -28124 17186 END
START -2148 -13152 -6384 2816 -25323 16213 END
START -2680 -12968 -6432 3091 -23891 17196 END
START -3848 -13524 -5668 6629 -23607 20450 END
START -4840 -16900 -7288 9825 -23182 24762 END
START -5024 -19484 -12040 11656 -15731 22480 END
START -4852 -17988 -11208 7356 -7684 19634 END
START -5928 -16576 -10620 2477 -2842 20427 END
START -7060 -17012 -10332 1421 740 21822 END
START -8296 -19612 -12500 2795 6865 20915 END
START -9976 -21984 -11956 8838 14958 18733 END
START -10232 -23372 -10480 10254 18291 17146 END
START -10168 -24144 -11044 8015 24633 13618 END
START -11968 -25848 -9568 3312 32767 8081 END
START -13268 -28396 -6624 183 32767 3511 END
START -13024 -27824 -3700 2078 32767 -1149 END