START 1172 -15284 4480 5124 -8217 -2390 END
START -924 -16948 5864 7733 -9649 -1831 END
START -1812 -16476 8184 7152 -12698 -2954 END
START -2632 -14664 7752 2302 -16845 -3090 END
START -2900 -13832 5852 -87 -19891 -2838 END
START -2852 -12676 2316 -482 -21862 -1951 END
START -2932 -11628 -936 -365 -22613 -1070 END
START -2444 -10244 -2724 -1463 -22186 898 END
START -2436 -9456 -3616 -1710 -21403 2747 END
START -3452 -9672 -4060 -545 -20332 4611 END
START -4496 -10708 -3968 -90 -19628 6640 END
START -4932 -11396 -4836 -662 -19602 8383 END
START -5260 -12228 -7248 -1778 -18357 9330 END
START -5020 -11856 -9452 -2926 -15726 9837 END
START -4692 -11412 -10144 -3109 -12675 10310 END
START -5320 -10368 -9656 -2578 -10162 12070 END
START -6192 -10924 -8960 -2045 -9174 13978 END
START -6636 -10684 -9520 -2309 -6726 15786 END
START -7520 -11284 -9668 -3202 -3627 16301 END
START -8752 -11268 -9888 -4247 -2046 16299 END
START -9552 -11432 -11424 -5428 -999 16973 END
START -10848 -10848 -14516 -5953 1059 19415 END
START -11420 -11620 -16080 -5001 5182 19826 END
START -12884 -11896 -17024 -2855 9435 19634 END
START -13832 -11432 -17140 -1371 13352 21151 END
START -14796 -11088 -16860 -491 16730 22384 END
START -17748 -13924 -16880 1034 20226 23159 END
START -19920 -17168 -18008 7390 24134 22387 END
START -19512 -17232 -16692 10172 28111 20591 END
START -18544 -17208 -15476 9993 32327 17781 END