START 2664 -13940 11368 4286 1762 4920 END
START 2132 -14300 12680 2844 1608 2764 END
START 776 -13308 14444 2965 -2546 1119 END
START 1240 -9852 16180 2492 -8632 2995 END
START 560 -7428 16484 1886 -15338 6827 END
START -1188 -7288 13632 1144 -22927 12215 END
START -2948 -8536 8868 1277 -28122 15827 END
START -3888 -10516 4140 1585 -31385 17841 END
START -4032 -14304 -216 3537 -32768 18296 END
START -6392 -10944 -6176 5287 -29606 18868 END
START -4220 -13596 -4896 834 -24183 20771 END
START -5252 -15452 -4204 2397 -22766 21545 END
START -6188 -16700 -5980 1984 -23835 24224 END
START -6492 -17340 -10744 5642 -16684 23132 END
START -7496 -17476 -9980 5190 -9313 21575 END
START -7916 -19984 -9820 5332 -3990 20403 END
START -8528 -21636 -11160 5970 3334 18565 END
START -9736 -22504 -11256 5393 10864 15309 END
START -9908 -20916 -10184 4583 17485 12282 END
START -10340 -21044 -9040 3722 21499 10776 END
START -11284 -20056 -8452 4888 24893 9826 END
START -13880 -22244 -6804 6555 28416 8402 END
START -14676 -23604 -3956 8666 31271 5607 END
START -15512 -23044 -2888 8277 32767 1454 END
START -15384 -24264 280 8439 32767 -3183 END
START -15908 -26180 1416 8898 32767 -8973 END
START -14924 -25336 2780 10606 32767 -16234 END
START -17592 -21708 7148 7773 32767 -21556 END
START -15712 -19032 12528 7796 32767 -24946 END