START 3052 -11768 2064 13840 -20503 6211 END
START 3852 -11660 584 8595 -20544 8197 END
START 3812 -12808 -1728 6143 -20629 8417 END
START 3300 -12696 -2620 6184 -18959 9682 END
START 2816 -11804 -3096 6719 -15063 10299 END
START 1956 -11108 -2652 5005 -14302 11591 END
START 1572 -13308 -3540 5296 -13691 13275 END
START 1116 -13876 -4304 5770 -11377 13981 END
START 1336 -14416 -4336 2849 -9670 14417 END
START 964 -15328 -4396 850 -7709 14545 END
START -188 -15920 -4272 20 -6066 14662 END
START -604 -16516 -5596 -608 -4957 15337 END
START -584 -17048 -6388 -683 -2324 15070 END
START -1492 -17076 -5272 152 783 14701 END
START -3084 -17264 -3612 1160 1615 14355 END
START -3796 -16888 -3048 1348 2164 14540 END
START -4380 -16364 -2548 939 3459 15008 END
START -4800 -16000 -2924 -52 5399 14275 END
START -5452 -15640 -3288 -1123 6372 14548 END
START -6020 -16564 -5120 -1848 7147 15807 END
START -6516 -18548 -6284 519 9279 15625 END
START -6340 -19104 -8064 2349 11535 14858 END
START -7244 -19428 -8416 3407 15215 13498 END
START -8260 -21004 -8008 4960 18525 12330 END
START -8636 -21652 -6588 5931 22026 10078 END
START -9376 -21132 -5560 4489 23826 7674 END
START -9844 -20740 -5936 3176 24921 5999 END
START -10412 -20560 -5308 5131 26151 4854 END
START -11536 -21128 -5144 7079 28380 2849 END
START -13000 -23648 -5240 7012 30742 -900 END
START -14380 -24304 -4636 8397 32767 -7988 END