START -1276 -14540 6956 7011 -4193 -16883 END
START -832 -12464 7180 8913 -7600 -15508 END
START 380 -10600 6776 7317 -10035 -13933 END
START 1464 -8920 6324 4311 -11807 -12835 END
START 2380 -8736 5988 4104 -14176 -10796 END
START 3100 -8224 5020 4928 -16158 -7847 END
START 2912 -8196 4032 6196 -16717 -5977 END
START 2812 -8256 3348 6226 -17354 -4185 END
START 2872 -7992 3156 5842 -18064 -2474 END
START 2728 -7724 2284 5999 -18989 -89 END
START 3044 -8188 720 4904 -20133 2613 END
START 2644 -9240 -1912 4898 -19173 4035 END
START 1904 -10240 -2996 6044 -17224 4836 END
START 2056 -10552 -3648 6216 -16384 6683 END
START 2484 -10784 -4112 5345 -15315 8182 END
START 2040 -11316 -4992 4399 -13442 9429 END
START 1452 -12232 -5308 4524 -12148 10370 END
START 960 -13180 -4960 4352 -11440 12037 END
START -284 -14860 -5224 3705 -10320 12735 END
START -1048 -14788 -4692 3311 -8922 12747 END
START -868 -14688 -4844 1119 -8335 13424 END
START -968 -15096 -6460 312 -7174 13744 END
START -1168 -14560 -6216 319 -4129 13541 END
START -2328 -13132 -4824 -276 -2710 14377 END
START -3212 -12228 -4052 -614 -1814 15809 END
START -4380 -12308 -3324 120 -1215 17731 END
START -5360 -14032 -5008 553 -891 18993 END
START -5828 -14768 -6860 1134 1297 18680 END
START -6340 -14548 -8384 -684 3658 18355 END