START -768 -10296 3820 2574 -22320 -2120 END
START -2104 -10224 2156 970 -23878 134 END
START -2712 -10488 184 -1390 -25357 1189 END
START -3036 -11004 -220 679 -25614 1919 END
START -3748 -10772 -1864 2232 -26497 3468 END
START -4324 -11072 -3712 3300 -26760 5194 END
START -4672 -11312 -6520 3890 -25884 6352 END
START -5252 -11336 -6992 4254 -23528 6909 END
START -6928 -12888 -7232 4706 -21987 8519 END
START -7144 -14356 -8704 4658 -20927 9437 END
START -7060 -14704 -10132 3768 -18771 10526 END
START -6676 -13816 -10216 3861 -16235 10767 END
START -6916 -12876 -10488 3618 -14076 11470 END
START -7156 -12684 -13012 1855 -12364 13443 END
START -7004 -11780 -14552 -62 -8227 14698 END
START -7196 -10788 -14400 -1942 -3954 15722 END
START -8200 -10396 -14152 -1178 -1351 17416 END
START -10148 -11088 -14596 1371 2061 19457 END
START -11628 -12436 -13852 2203 5355 21068 END
START -12228 -12872 -14124 1780 9002 21259 END
START -12948 -12664 -14060 583 12876 21104 END
START -14456 -12000 -14020 -1514 16410 21028 END
START -15520 -13856 -12280 -3931 18237 20613 END
START -16212 -14984 -11984 -2365 19092 18705 END
START -16776 -14944 -13256 -2609 20040 16839 END
START -17092 -14808 -13876 -3273 22131 15520 END
START -16748 -14348 -15068 -5376 24683 16770 END
START -17316 -15084 -15492 -990 27389 18342 END
START -18304 -15928 -14720 8435 30360 18868 END
START -19188 -18716 -10900 15251 32767 16037 END
START -18212 -20136 -5620 14439 32767 11902 END