START 5308 -11140 10832 834 8780 -2602 END
START 5040 -9520 13484 -350 6091 -2568 END
START 3600 -8524 17960 3915 -442 86 END
START 824 -6536 20096 7618 -8631 5678 END
START -952 -6356 22616 7152 -20322 12911 END
START -3136 -7588 20888 9092 -32768 21660 END
START -7368 -7548 15744 8052 -32768 30792 END
START -11304 -13540 2512 4775 -32768 30392 END
START -9260 -12660 -712 -154 -32768 23398 END
START -7036 -14276 -2284 -5320 -32768 22812 END
START -6244 -16388 -7376 -1960 -32307 23578 END
START -4784 -16656 -14032 2062 -20663 21968 END
START -3064 -15300 -11584 4818 -8836 18689 END
START -2964 -13716 -9520 4568 -4992 18993 END
START -4872 -16404 -7900 6906 326 21695 END
START -7284 -20576 -7108 8045 3978 22978 END
START -6700 -23952 -7040 5059 9087 18214 END
START -6436 -23212 -5808 -570 12449 13568 END
START -5712 -20644 -5708 -4298 13315 12051 END
START -6756 -19232 -7308 -3345 15803 12252 END
START -8100 -20444 -7264 1688 21623 12644 END
START -9108 -23428 -4412 7495 25052 12443 END
START -9144 -25348 -3848 8880 26102 8668 END
START -9996 -27724 -4972 4148 27939 4040 END
START -10888 -29412 -5136 1047 32767 -3719 END
START -10812 -26884 -3108 -601 32767 -10275 END
START -11920 -24836 -2240 2374 32767 -12848 END
START -12260 -22328 1212 8241 32767 -13564 END
START -12364 -20756 3784 9893 32767 -14605 END
START -14220 -19660 6732 7447 32767 -21163 END