START 1888 -12524 5520 8059 -13895 -3654 END
START 1212 -11912 6272 6897 -15196 -2562 END
START 1704 -11932 6296 4376 -16519 -1537 END
START 1476 -11000 6036 2751 -18183 -1204 END
START 1416 -10760 5344 2034 -20483 288 END
START 824 -10932 3192 2505 -22936 2175 END
START 384 -11236 412 2051 -24771 4685 END
START 420 -12616 -3064 1778 -25161 5989 END
START -48 -13572 -4948 4227 -22572 5964 END
START -316 -12288 -4408 3757 -20489 6652 END
START -316 -11476 -5464 1746 -19442 7682 END
START -136 -12248 -7184 414 -17648 9700 END
START -616 -13448 -7944 3521 -14765 10321 END
START -1336 -13764 -6040 7523 -12272 11426 END
START -2252 -14152 -4460 7559 -10993 12321 END
START -3244 -14384 -4984 5725 -10126 13640 END
START -3040 -15288 -5372 4285 -8543 14032 END
START -3784 -16184 -5040 5701 -6706 14243 END
START -4496 -15764 -4184 5289 -5268 14604 END
START -5164 -16176 -4212 2574 -4807 14776 END
START -5208 -15696 -6528 11 -2932 14200 END
START -5880 -16280 -7332 -1195 -252 15756 END
START -7160 -17640 -6972 2295 1122 16191 END
START -7692 -18468 -7692 4821 2248 16346 END
START -8244 -19968 -9168 3866 5606 15053 END
START -8748 -19408 -9668 533 9115 13077 END
START -8804 -18348 -10908 -1556 12395 11339 END
START -9004 -17352 -11108 -794 15949 10896 END
START -9748 -17084 -10620 4220 19058 10665 END
START -10096 -15744 -9976 5372 22391 9565 END