START 2420 -14832 4936 8554 -2456 -2786 END
START 980 -16480 8308 10853 -6531 -3164 END
START -800 -17908 10612 4374 -11268 -5402 END
START -2420 -16800 10296 790 -16087 -6794 END
START -2796 -14332 8900 -136 -20973 -5786 END
START -3464 -11688 6728 1159 -25957 -5019 END
START -4324 -10180 4328 137 -28888 -3506 END
START -5392 -9460 1572 -1966 -31002 -1608 END
START -5884 -9292 -2476 -3113 -32768 615 END
START -5704 -8924 -7492 -2482 -32768 2013 END
START -4980 -8696 -11184 -2030 -30483 3340 END
START -5068 -8276 -11632 822 -26987 4410 END
START -6136 -8192 -12720 810 -25557 8234 END
START -6696 -9876 -12944 1796 -22787 10280 END
START -7196 -10492 -12784 3804 -20010 12313 END
START -7372 -10412 -12232 4647 -16517 12902 END
START -7324 -9896 -11188 2383 -14373 12736 END
START -7724 -8184 -12232 -4383 -12768 14029 END