START 2136 -11128 11876 4040 -3466 5858 END
START 1020 -11032 14196 1957 -8748 6517 END
START -384 -11188 15568 1889 -17711 7814 END
START -1804 -10328 11752 1037 -23799 10813 END
START -2492 -10148 9904 201 -27546 13291 END
START -4332 -9652 8340 1293 -32768 17261 END
START -5752 -9900 5536 3590 -32768 23368 END
START -6528 -13212 -2440 4190 -32768 27778 END
START -5656 -16512 -12504 2916 -30239 24480 END
START -4884 -15736 -10808 -866 -17582 17794 END
START -4676 -15772 -8656 -3874 -13378 17915 END
START -5336 -15844 -7864 2831 -10918 19806 END
START -6380 -17300 -7672 10135 -7580 22569 END
START -6712 -18096 -7448 10123 -255 20480 END
START -7080 -18928 -5716 4418 5797 17281 END
START -7684 -18668 -4748 -211 7648 16553 END
START -8508 -21068 -5168 -1098 8328 16918 END
START -8436 -22376 -6748 2113 14011 13929 END
START -9588 -23500 -5524 2908 19463 11894 END
START -9692 -23900 -4740 1593 20940 9064 END
START -9708 -25316 -6640 -493 23692 5776 END
START -10948 -26060 -8496 -1303 31766 233 END
START -11820 -24624 -6212 -1530 32767 -4754 END
START -12108 -25284 -6524 1021 32767 -9339 END
START -14372 -23784 -5164 6531 32767 -15930 END
START -15064 -23044 -604 8158 32767 -23258 END