START 1524 -12476 12588 6891 -8455 -4656 END
START 1096 -8752 11772 7228 -13659 -2418 END
START 900 -6580 11096 4316 -19020 1107 END
START 580 -5836 10192 463 -24521 5521 END
START -1096 -5180 8620 -1482 -29602 9383 END
START -2404 -5644 6372 -2690 -32768 14465 END
START -4784 -6588 1004 -420 -32768 17760 END
START -5612 -8708 -3716 1112 -32768 20515 END
START -6564 -10884 -8096 646 -31218 20222 END
START -6184 -11524 -10984 -348 -26642 19660 END
START -7404 -13684 -11520 2098 -21321 20952 END
START -8344 -15864 -12316 8848 -17357 22281 END
START -8316 -18044 -13684 12557 -12324 23224 END
START -9072 -21088 -16184 9482 -5419 21641 END
START -9612 -20884 -17040 4410 4727 17505 END
START -10640 -22120 -15172 2523 10053 16241 END
START -10224 -23164 -12952 6937 12841 15575 END
START -10536 -25788 -12348 11510 16372 13423 END
START -10316 -26088 -12000 11389 23669 8319 END
START -10964 -27636 -7852 6327 27714 5580 END
START -11040 -30104 -4276 5590 28499 1048 END
START -10792 -30716 -1020 8411 30075 -4091 END
START -10012 -29104 916 8263 31111 -10172 END
START -9052 -25784 360 3581 32767 -15033 END
START -7996 -22896 1652 1219 32767 -19297 END
START -8788 -20708 3140 2832 32767 -21624 END
START -8268 -17232 5040 4262 32767 -22134 END