START -548 -16844 6452 13566 -6992 -11198 END
START -468 -16104 7796 10204 -8358 -9395 END
START -340 -15688 8132 7464 -9884 -9681 END
START -200 -15340 7996 5490 -10647 -9777 END
START -168 -14840 8148 4907 -11817 -10237 END
START -240 -14464 8004 4775 -13622 -9541 END
START 208 -13332 7652 4457 -15093 -8829 END
START 264 -12960 7172 4072 -16879 -7742 END
START 696 -12532 5924 3526 -17997 -6768 END
START 1076 -12272 5144 3599 -18427 -6276 END
START 972 -11144 4492 2463 -18390 -5380 END
START 1292 -10176 3600 2476 -19274 -4261 END
START 1688 -9712 2920 2331 -20092 -2175 END
START 1516 -9796 1416 1896 -19768 -621 END
START 1472 -9160 684 1190 -18601 202 END
START 1472 -8660 -336 -226 -18488 2087 END
START 824 -9112 -1584 968 -17902 3927 END
START 732 -9492 -3032 1961 -16369 5645 END
START 348 -9736 -3956 1801 -14852 6828 END
START -48 -10300 -3900 1146 -12769 7952 END
START -700 -11240 -3756 1973 -11329 9005 END
START -1008 -11468 -3180 1638 -10688 10039 END
START -1788 -11156 -3564 1069 -9718 11772 END
START -2040 -11520 -3904 905 -8685 12993 END
START -2596 -12048 -5076 857 -7239 14278 END
START -3536 -12432 -5364 1075 -5197 14834 END
START -4440 -12980 -4468 3123 -4201 16075 END
START -5376 -12944 -4468 3315 -2858 17002 END
START -5608 -13368 -5924 -229 -1136 18096 END
START -6012 -13332 -7348 -2316 1753 17424 END
START -6424 -12780 -7680 -5134 3923 16830 END
START -8004 -12560 -8152 -3104 6161 18850 END
START -9616 -14864 -7596 2399 7438 23077 END
START -11220 -18300 -6728 6490 7601 23575 END