START -5056 -14800 5644 17404 -7712 -11366 END
START -4248 -14508 6796 16063 -9137 -10226 END
START -4452 -14440 7616 9375 -11609 -11292 END
START -3392 -12944 7280 7074 -13226 -11525 END
START -3192 -12668 7008 5640 -14652 -10546 END
START -2252 -12400 6112 5254 -15591 -10474 END
START -772 -11336 5484 4546 -15259 -9230 END
START -476 -10800 5152 3517 -16178 -8225 END
START 428 -11212 4856 3380 -17414 -6281 END
START 340 -10872 4540 4813 -18112 -4314 END
START 600 -10880 4056 4444 -17819 -3179 END
START 1012 -11272 2980 3537 -17333 -2622 END
START 1580 -11408 1844 2598 -16806 -1739 END
START 1568 -11540 2032 4049 -15891 -510 END
START 1860 -10108 1976 3990 -15534 1297 END
START 1764 -9508 2000 3151 -14535 2820 END
START 1140 -9288 1688 2678 -14429 4622 END
START 360 -9364 48 1160 -13528 6533 END
START 52 -9860 -12 1074 -12247 8256 END
START -792 -9732 352 1698 -11755 10115 END
START -2132 -9860 828 2002 -10942 11661 END
START -3140 -10584 -24 912 -10147 13962 END
START -3032 -11864 -1724 -576 -9174 15024 END
START -3256 -12624 -3264 -2251 -7513 14949 END
START -3340 -12284 -3480 -2020 -5798 14440 END
START -4400 -10808 -4908 -3710 -3817 15440 END
START -5192 -12484 -5196 -4457 -1025 16242 END
START -6636 -13180 -5540 -3726 741 16582 END
START -8152 -14004 -6328 -3259 2881 16074 END
START -8484 -13684 -6416 -4818 4699 16482 END