START 600 -12952 17540 4357 -7978 -4630 END
START -284 -11752 17668 4084 -14193 -2997 END
START -248 -10364 16264 4769 -20406 -514 END
START -1536 -9056 13408 4258 -24419 1753 END
START -2600 -9104 11324 3693 -26068 3032 END
START -3196 -8544 9560 3110 -28843 5663 END
START -3444 -8420 6344 2211 -32415 8364 END
START -3744 -8920 2368 1021 -32768 11749 END
START -3456 -10904 -2292 489 -32768 13748 END
START -3036 -10940 -5632 1036 -30753 14551 END
START -2544 -11616 -7356 466 -28640 16091 END
START -2320 -12272 -9768 1417 -25921 17755 END
START -2308 -13308 -10980 3375 -19457 18400 END
START -3288 -13836 -9784 5886 -13021 17946 END
START -5204 -14776 -6536 6871 -11039 19844 END
START -6568 -15440 -4656 8603 -12527 23131 END
START -7244 -18204 -7180 7729 -13006 25473 END
START -7780 -19548 -12392 4457 -6153 22884 END
START -7832 -18988 -12836 4433 7372 17034 END
START -9788 -16524 -10272 4245 13079 16791 END
START -9712 -16868 -9756 6926 14536 18185 END
START -11336 -22080 -9700 14915 19934 17035 END
START -13548 -24084 -7464 19647 28960 12071 END
START -13544 -26944 -4000 16549 32767 2946 END
START -13376 -28648 516 12145 32767 -6030 END