START 752 -14872 4604 4542 -9155 -11111 END
START 1140 -14128 5968 6839 -10678 -10668 END
START 1044 -12040 5416 4212 -12154 -9973 END
START 1620 -11304 5944 3206 -12764 -8845 END
START 1884 -11228 6024 4978 -14843 -6468 END
START 2340 -10428 4300 4967 -16270 -4963 END
START 3100 -10372 2976 2765 -16127 -4199 END
START 2948 -10536 2340 1829 -15137 -4175 END
START 3060 -10196 2516 3798 -15631 -2529 END
START 3412 -9936 2344 4766 -16733 -621 END
START 3372 -11048 1192 3764 -17816 840 END
START 3412 -11936 -560 3762 -17091 1687 END
START 3044 -11872 -804 5540 -15823 2193 END
START 2764 -11152 248 5313 -15013 3459 END
START 2656 -10744 756 4082 -15482 5130 END
START 2756 -11328 288 3874 -15675 6980 END
START 1588 -12256 -92 6079 -15135 8242 END
START 1012 -11852 220 5755 -14650 9557 END
START -128 -12892 -440 3892 -14751 10812 END
START -916 -14120 -3152 3592 -13203 11579 END
START -564 -13616 -4500 4029 -11200 11929 END
START -1008 -12992 -4676 4657 -8705 12265 END
START -2344 -13440 -3936 5277 -6506 12785 END
START -3608 -13252 -2864 6571 -4995 13399 END
START -4524 -12700 -2892 6385 -3842 14838 END
START -4816 -12636 -4492 2636 -2533 16044 END
START -5144 -13164 -7448 -680 311 14638 END