START 2992 -13676 3428 6295 -10875 -5850 END
START 2688 -13100 4404 6705 -12107 -4998 END
START 2132 -12740 4388 7091 -13807 -3747 END
START 2092 -13316 4680 7661 -15102 -2678 END
START 1608 -13120 4148 7208 -15859 -2396 END
START 1476 -12880 3948 6408 -16955 -1442 END
START 1444 -12032 3344 6168 -18212 -250 END
START 1812 -11332 2440 5632 -18896 1296 END
START 1708 -11032 1692 4547 -19909 3072 END
START 840 -12460 -308 3909 -20831 4762 END
START 480 -12804 -2768 4481 -20719 5774 END
START 820 -12208 -3960 4546 -18775 6569 END
START 736 -11436 -3976 3826 -17250 8262 END
START 44 -11896 -4172 4540 -16557 9791 END
START -200 -12744 -6028 4862 -15620 11764 END
START -740 -14064 -7032 5598 -12694 12338 END
START -1224 -13796 -5744 5373 -9586 12582 END
START -1856 -13364 -4040 5059 -8413 13618 END
START -2788 -14052 -3448 6189 -7552 15427 END
START -3344 -15468 -4628 6474 -6847 17006 END
START -3724 -16476 -5528 4500 -3703 16428 END
START -4700 -16644 -4624 395 -988 15367 END
START -5740 -16368 -3968 -413 123 14548 END
START -6400 -16172 -5100 643 655 15660 END
START -6668 -15440 -5340 2858 2700 16931 END
START -7280 -15188 -5544 78 4952 16475 END