START 3152 -14684 8956 8367 -14450 2256 END
START 1872 -14672 8848 9621 -16275 2756 END
START 1500 -12460 8808 6841 -19534 3943 END
START 1268 -13216 6404 3539 -23528 5100 END
START 1172 -12704 3800 5076 -25830 6365 END
START 1560 -10608 2824 4885 -28581 9318 END
START 432 -11100 1680 5630 -30951 12543 END
START 676 -12280 -2272 7366 -26633 12666 END
START 984 -11716 -1752 7117 -21202 11684 END
START 112 -11112 -632 3999 -21325 11806 END
START -180 -11132 -2488 2125 -22659 14744 END
START -512 -13488 -5680 2135 -23492 18202 END
START -1232 -15816 -9412 5395 -18342 18466 END
START -860 -15596 -7928 6672 -13023 17776 END
START -1620 -15036 -5568 5768 -11436 18294 END
START -2964 -15884 -3796 7217 -11446 20464 END
START -3832 -16888 -4872 7785 -8578 20623 END
START -4292 -15984 -5588 3110 -2429 18809 END
START -5268 -16712 -6356 -1148 11 18449 END
START -6220 -17964 -7452 1477 2032 18818 END
START -7148 -18352 -8660 6369 6773 18046 END
START -8176 -20140 -8220 4553 12150 15952 END
START -8660 -20424 -7756 -514 16539 13383 END
START -9936 -21820 -7928 -2637 19749 11644 END
START -10856 -23832 -9972 1504 23979 9283 END
START -11664 -24812 -11708 7508 30296 6008 END
START -11740 -24964 -10896 10235 32767 3457 END
START -13668 -24852 -11580 9848 32767 -1048 END