START 4380 -12040 11668 3894 -4479 1982 END
START 3376 -11876 11496 4339 -7329 2498 END
START 2236 -12620 12508 5650 -10435 4338 END
START 924 -12236 14004 7933 -14532 5872 END
START -1116 -12192 14204 9215 -20635 8111 END
START -2600 -12940 12024 8582 -25801 10423 END
START -4676 -11376 9596 5869 -28815 11951 END
START -5688 -12932 5280 2297 -32113 15265 END
START -5712 -13572 140 1322 -31946 16243 END
START -5408 -13956 -3336 -122 -31676 17493 END
START -4556 -14704 -6692 1484 -29027 19099 END
START -4272 -14512 -7308 3236 -26407 20528 END
START -4876 -15944 -7820 3875 -24461 22265 END
START -4672 -16668 -9956 4657 -17295 20386 END
START -4076 -16100 -10592 1415 -9626 17592 END
START -4348 -15360 -8792 -952 -4111 16347 END
START -3944 -14992 -8052 -926 -2482 16642 END
START -4440 -16384 -8884 3830 1422 16566 END
START -6344 -16704 -8840 7168 9254 15168 END
START -6232 -18336 -7412 3925 14446 17080 END
START -7584 -20584 -7424 2722 19743 15394 END
START -9452 -23900 -6996 -274 24893 13275 END
START -11560 -29312 -5412 6244 30524 8813 END
START -11752 -29836 -4284 11127 32767 3413 END
START -12684 -29356 -4420 9811 32767 -3098 END
START -12356 -25288 -1260 6118 32767 -10642 END
START -11964 -23004 1640 4840 32767 -13147 END
START -12020 -19844 3596 6884 32767 -13915 END
START -10652 -18700 5964 4684 32767 -13352 END