START 444 -18844 2852 4271 521 -3914 END
START -148 -18172 5292 8077 -1375 -3691 END
START -1136 -19000 8800 4335 -3908 -4179 END
START -2256 -19980 11064 -544 -8678 -6807 END
START -1864 -17864 11764 2401 -12721 -8633 END
START -2080 -15152 11864 3496 -17225 -7240 END
START -2668 -13752 10692 653 -21179 -6218 END
START -4484 -11948 7556 -2187 -24133 -6000 END
START -5368 -10004 2924 -4446 -27410 -5172 END
START -4756 -8888 -3908 -5579 -28578 -3119 END
START -3356 -8468 -8764 -2406 -25123 -978 END
START -2048 -8280 -8844 1980 -21469 1739 END
START -2536 -8356 -7436 3180 -19077 4254 END
START -3204 -9620 -6080 1994 -17567 5858 END
START -4068 -10184 -5628 -607 -15821 5801 END
START -4484 -10452 -6860 -5011 -14329 7726 END
START -4864 -11792 -7308 -1886 -13072 9518 END
START -5420 -12524 -7240 701 -12871 11320 END
START -5484 -12632 -7292 1121 -12086 11575 END
START -6268 -12616 -8912 -4187 -9878 11667 END
START -6024 -12928 -9252 -6937 -7631 10076 END
START -6192 -11780 -9440 -5831 -6757 9988 END
START -6568 -9840 -10120 -4392 -5928 11951 END
START -7840 -9088 -12228 -7173 -2059 17807 END
START -10624 -13516 -10896 -3253 1454 18576 END