START 1296 -13456 4928 1733 -16981 -3324 END
START 40 -11416 3444 2202 -17848 -1502 END
START -24 -9648 2820 4255 -19666 295 END
START -396 -9960 1640 5194 -20999 3039 END
START -1104 -10044 916 4692 -20796 4590 END
START -1636 -9952 -148 2517 -20035 6281 END
START -2040 -10716 -2308 1404 -19616 8146 END
START -2428 -11012 -3316 1916 -18427 9734 END
START -3240 -12028 -2920 3957 -16977 10687 END
START -4096 -13320 -1796 5732 -16985 11171 END
START -4760 -13344 -2232 5303 -17401 11305 END
START -5228 -13384 -4724 1856 -16239 12794 END
START -4988 -14548 -9124 -2637 -13150 14850 END
START -5300 -14112 -11244 -4434 -8874 14096 END
START -6140 -13744 -10988 -3891 -4838 14270 END
START -7320 -14452 -9688 -282 -3412 14040 END
START -8708 -13716 -9176 1438 -1952 15837 END
START -9276 -15064 -9932 623 1322 19768 END
START -9672 -16408 -11396 470 4826 18394 END
START -10868 -17744 -11996 -329 8157 17022 END
START -11512 -18000 -12812 134 11533 16868 END
START -11916 -18308 -13060 834 16419 17163 END