START 4512 -15648 9128 6352 1127 -2134 END
START 4392 -14708 11296 7918 -572 -1296 END
START 3744 -13848 12996 9122 -5006 -300 END
START 2760 -11552 14140 8959 -10977 1262 END
START 1412 -10840 13772 7712 -16779 4264 END
START 0 -10664 12544 8374 -20780 5582 END
START -1208 -9652 11552 6420 -24647 7929 END
START -1944 -8592 10272 5052 -29650 10769 END
START -3816 -10436 5156 3892 -32768 15225 END
START -3908 -10212 236 2131 -30021 16643 END
START -3884 -12028 -936 258 -27493 17029 END
START -3424 -11888 -1720 1746 -26884 18771 END
START -3956 -12700 -4416 3137 -25761 21488 END
START -4020 -13792 -7560 4972 -19566 21103 END
START -4208 -14132 -7540 4072 -12907 21454 END
START -4888 -16056 -7392 4946 -8481 21723 END
START -5372 -17196 -7300 4638 -7770 24221 END
START -6260 -21764 -11568 5862 -2950 24200 END
START -7544 -19956 -11636 2523 7838 20290 END
START -8032 -21372 -10304 -3104 9087 20963 END
START -8292 -25372 -14860 -1203 14174 19717 END
START -9468 -24344 -15148 1025 27662 13746 END
START -10740 -26224 -12864 843 32767 6724 END
START -11144 -26512 -11548 -54 32767 2516 END
START -13956 -24852 -6316 -153 32767 -2605 END
START -13468 -27372 -3288 908 32767 -7826 END
START -14660 -25508 3604 1385 32767 -11764 END
START -14080 -27288 6768 4729 32767 -14863 END
START -13532 -25592 10536 3861 32767 -17261 END
START -12952 -23688 11828 2429 28719 -18706 END
START -10200 -20524 9632 238 25636 -22565 END
START -8844 -16136 10892 219 18950 -23182 END