START 1116 -16256 7352 8632 -4684 -3610 END
START 996 -16016 10996 7317 -8623 -2795 END
START -352 -16140 12080 6745 -13320 -3238 END
START -2624 -15244 12076 8142 -17540 -3941 END
START -4088 -13996 10812 8742 -23047 -3995 END
START -4908 -11312 8208 4895 -27328 -2136 END
START -6184 -10312 5784 1357 -30489 -1044 END
START -6928 -9484 408 -2686 -32768 805 END
START -7072 -9180 -6176 -3567 -32768 2574 END
START -6632 -7580 -9000 -3056 -30862 3883 END
START -6604 -6408 -9040 -2964 -28770 5791 END
START -7660 -4668 -11020 -3921 -27436 9655 END
START -8292 -7380 -14388 -4912 -24566 13549 END
START -9804 -9840 -16288 -1544 -19785 15299 END
START -9772 -10964 -15672 1779 -15493 16706 END
START -9560 -11256 -15548 1601 -11336 17914 END
START -9412 -10968 -15240 -340 -6628 17681 END
START -10160 -11484 -15936 -4265 -1883 19481 END
START -10416 -12068 -15424 -3779 1680 20578 END
START -11224 -12336 -14816 -1386 4023 22499 END
START -12484 -13220 -14688 367 7659 22865 END
START -13264 -13308 -13140 -1575 11480 22067 END
START -14240 -13932 -11412 -3693 12691 21599 END
START -15204 -12604 -11420 -4492 12987 21530 END
START -16396 -12828 -12124 -3078 15347 22151 END
START -17804 -13668 -12004 191 17329 21896 END