START -292 -12388 6056 10256 -12016 -8577 END
START 1076 -11832 6648 6828 -13409 -6157 END
START 952 -12252 7064 7236 -15148 -4768 END
START 1252 -12300 6640 8060 -16510 -3029 END
START 1508 -11836 5980 7112 -16597 -2476 END
START 1236 -11592 5412 3738 -17379 -1455 END
START 1200 -11756 4440 4425 -18438 -171 END
START 1560 -11200 3032 5008 -18823 1772 END
START 1360 -11336 2116 4481 -18297 2853 END
START 1228 -11300 396 3828 -16962 3923 END
START 1300 -11456 -88 3949 -16144 5152 END
START 940 -11988 -656 3770 -15461 6737 END
START 280 -12816 -984 4883 -13769 7772 END
START -384 -13084 -416 4121 -12746 8478 END
START -728 -12612 -636 2262 -12204 9419 END
START -1240 -12644 -1576 851 -11278 10478 END
START -1288 -13344 -2484 822 -9407 11385 END
START -1720 -12968 -2692 -84 -8395 11899 END
START -2140 -12604 -2664 -334 -7536 12860 END
START -2456 -11960 -3792 -828 -6927 14589 END
START -3492 -13556 -4880 -1074 -4691 16097 END
START -3928 -14264 -5692 -2246 -2203 16726 END
START -4232 -14092 -5852 -2746 345 16084 END
START -5048 -13964 -5676 -3255 2331 15912 END
START -6192 -12900 -5976 -3015 3838 17309 END
START -7284 -14132 -5828 -3759 6010 18432 END
START -9404 -15604 -4456 -2696 7449 18944 END
START -10152 -16688 -5308 -1624 7614 19875 END
START -10128 -17764 -8320 -2753 10223 18314 END
START -10252 -17672 -9468 -3063 14496 15946 END
START -10404 -17036 -10136 -3935 16615 16102 END
START -12060 -17588 -10688 -2152 19243 16953 END
START -14336 -19620 -9608 5991 22775 17273 END