START 264 -14620 9592 4438 -13645 -4960 END
START -532 -11992 8820 3347 -16752 -3512 END
START -1768 -11496 8000 4040 -19999 -2081 END
START -2504 -10824 6496 5730 -22891 -531 END
START -3300 -9576 3012 3636 -24561 1888 END
START -3100 -9632 -980 714 -24389 3647 END
START -3136 -9916 -4192 -716 -23454 5092 END
START -3136 -9868 -5608 1757 -21364 6038 END
START -2884 -8992 -6272 3794 -19612 8603 END
START -3920 -10416 -7524 3412 -18387 11383 END
START -4908 -13220 -9488 2748 -15370 11974 END
START -5620 -13748 -9496 1982 -11552 11330 END
START -5936 -11672 -8876 -648 -9253 12601 END
START -6604 -13292 -9464 -3165 -7490 15009 END
START -7756 -15464 -9336 380 -6135 15957 END
START -7964 -17420 -8944 5021 -4725 15586 END
START -7020 -17092 -9028 3653 -3104 13970 END
START -7116 -15596 -10200 -4806 253 15717 END
START -7612 -17316 -10640 -8351 3849 15203 END
START -7832 -17388 -10172 -6104 5463 14444 END
START -7632 -16768 -9744 -1737 7300 13394 END
START -8500 -16240 -9100 -1245 10031 14071 END
START -9764 -18172 -8056 -2092 12222 13569 END
START -10104 -19304 -6900 -1528 13171 13353 END
START -10028 -18716 -7340 -432 13314 11499 END
START -9788 -17620 -8976 -1425 14523 10946 END
START -9596 -16648 -10928 -2307 17560 10951 END
START -8936 -16628 -12192 -977 21491 9857 END
START -9140 -14692 -13000 296 26314 8841 END
START -9396 -13920 -11348 994 31710 8070 END
START -9996 -13556 -8256 1253 32767 8483 END