START -60 -17412 14036 5017 -7240 -4143 END
START -1564 -17260 17652 4478 -13947 -3572 END
START -2308 -15200 17220 -2425 -19889 -3875 END
START -3628 -13080 14424 -5368 -25431 -3763 END
START -5384 -11060 10520 -3514 -31694 -3160 END
START -5820 -9024 1748 -3049 -32768 87 END
START -6000 -9704 -6544 -4601 -32768 793 END
START -5420 -9152 -7104 -4248 -29380 352 END
START -5044 -8444 -6204 -2829 -27845 1819 END
START -4776 -7728 -7840 -1821 -28105 4556 END
START -5144 -8812 -12544 -2896 -26718 7085 END
START -5804 -10688 -14668 -2013 -20417 7765 END
START -6084 -10872 -12808 -1668 -15421 8187 END
START -6288 -10884 -10524 27 -13410 9540 END
START -6796 -11284 -9316 2802 -12132 10522 END
START -7320 -11056 -8024 3393 -10619 11017 END
START -7744 -10592 -7332 435 -9039 14282 END
START -8524 -12416 -8844 -1966 -8477 16017 END
START -8476 -13284 -11092 -2296 -6499 16200 END
START -8540 -13088 -12060 -1462 -3244 14405 END
START -9324 -10540 -12064 -3156 -940 15784 END
START -10628 -11292 -11596 -4132 478 19286 END
START -12120 -13468 -11768 30 2247 21473 END
START -13092 -13708 -12376 4683 5367 21024 END
START -14160 -13028 -12836 5721 8084 21985 END
START -14996 -11860 -13772 6362 11275 22228 END
START -15804 -10396 -15488 8284 15583 22779 END
START -16512 -9752 -16632 12684 21447 21441 END
START -17304 -7868 -15856 16302 26998 21271 END
START -20236 -9632 -14692 20387 31431 21366 END
START -23304 -13092 -11752 26510 32767 18898 END
START -24820 -17008 -5472 28504 32767 13166 END