START -588 -16496 5288 4386 -9111 -7919 END
START -1276 -15892 5176 4595 -9855 -8048 END
START -724 -15496 6280 5044 -11341 -8786 END
START -668 -14876 6280 3894 -13648 -8345 END
START -484 -14536 5668 3046 -15318 -8259 END
START -124 -14388 4588 1119 -15680 -8325 END
START -568 -14460 4404 219 -16576 -8670 END
START -388 -13880 3744 1561 -17787 -8290 END
START 460 -12304 2664 1021 -18823 -7377 END
START 912 -12184 944 1081 -19249 -6446 END
START 1264 -11484 -480 3024 -19249 -4691 END
START 1112 -10960 -892 5086 -18941 -3120 END
START 964 -10232 -912 3632 -18412 -1585 END
START 1528 -9884 -2136 2184 -17965 -156 END
START 1964 -9156 -3288 2126 -17070 1869 END
START 1752 -8312 -4036 3360 -15098 4162 END
START 1192 -7924 -4532 2199 -13847 6456 END
START 296 -9256 -5144 1639 -12781 8806 END
START -984 -11048 -5856 3198 -10289 9993 END
START -1688 -11044 -4996 3932 -8488 10938 END
START -1896 -10404 -4192 3053 -6720 12572 END
START -2300 -10532 -4556 2075 -5213 14009 END
START -3108 -10084 -4772 1022 -3504 15413 END
START -4204 -10368 -5508 -428 -2092 16399 END
START -5072 -11776 -6060 861 -958 16771 END
START -6280 -11344 -7048 3112 489 16739 END
START -7492 -11136 -8460 166 3783 20283 END
START -9040 -13884 -6184 642 6160 20939 END
START -10648 -15820 -5464 1354 5811 21436 END
START -11404 -16116 -7816 -627 7487 21616 END