START 4360 -12956 7572 6489 -12476 4499 END
START 3568 -14544 8840 6046 -15276 5345 END
START 2780 -14312 8440 5663 -17993 5199 END
START 1508 -12860 6880 6391 -19537 6679 END
START 1588 -13776 4716 5552 -19454 7130 END
START 1432 -12824 2676 2794 -19168 7998 END
START 508 -12868 1348 2237 -19079 8682 END
START 408 -12864 -984 4008 -18733 9537 END
START 1004 -12808 -3272 3810 -17371 10398 END
START 1404 -12948 -5232 1909 -14401 11241 END
START 744 -13132 -6220 1179 -11214 11645 END
START 60 -13644 -5436 3105 -9225 12811 END
START -1092 -14400 -4540 5908 -7788 14482 END
START -2176 -14904 -3920 6909 -5810 15503 END
START -2880 -15576 -3256 5691 -3777 16379 END
START -3248 -15748 -3292 4212 -2164 16697 END
START -3680 -15012 -3112 2417 -744 17130 END
START -4656 -15128 -3040 1744 58 17810 END
START -5612 -14628 -4100 714 1088 19204 END
START -6080 -15420 -5244 689 2873 20363 END
START -6120 -15816 -5884 736 6215 20454 END
START -6844 -16428 -7564 -2072 8773 20212 END
START -7812 -18408 -9432 -4532 11783 20059 END
START -9036 -19860 -10568 -3355 15997 18957 END
START -10716 -23404 -11800 -130 20255 17252 END
START -11328 -25260 -13564 997 25144 13898 END
START -12756 -27576 -13932 2762 32042 8497 END
START -15348 -30132 -11740 7906 32767 2698 END
START -16364 -28804 -8404 13151 32767 -3298 END