START -1900 -12852 7024 10428 -6969 -10691 END
START -1440 -13088 7780 7051 -8901 -10005 END
START -2060 -12944 8112 7535 -9845 -9865 END
START -1424 -12320 8696 6584 -11574 -9693 END
START -820 -11588 8992 5002 -14223 -7740 END
START -1008 -11676 7860 4388 -16540 -6219 END
START 12 -11416 5412 2984 -17504 -5411 END
START 1388 -11312 3580 2216 -16993 -4485 END
START 1360 -11944 3292 2465 -16840 -3726 END
START 1800 -11788 3252 4134 -16273 -2858 END
START 2360 -11156 3492 2769 -16440 -1952 END
START 2288 -10992 2368 1645 -16833 -731 END
START 2980 -10908 628 2583 -15951 712 END
START 2504 -10840 104 3125 -14978 2226 END
START 2064 -11568 32 3779 -14130 3710 END
START 1472 -12772 336 3030 -13084 4603 END
START 1536 -13156 480 1064 -12517 5185 END
START 1272 -14344 -60 681 -11742 5578 END
START 892 -13968 520 1253 -11279 6092 END
START 120 -13152 936 1130 -11103 6666 END
START -320 -12160 388 -827 -11243 7678 END
START -836 -12076 -840 -2145 -11165 9037 END
START -1356 -12468 -2884 -413 -9988 10188 END
START -2152 -11808 -2976 -700 -7929 10881 END
START -2996 -11400 -2096 -663 -7226 11783 END
START -3568 -11276 -1604 1230 -6476 12663 END
START -4088 -10680 -1608 2053 -5531 13833 END
START -4312 -11404 -2768 -1882 -4481 17226 END
START -5132 -12524 -3852 -2965 -3454 17999 END
START -6172 -13336 -6844 -4354 -1253 17636 END
START -6784 -12244 -8112 -4489 1979 16604 END
START -7964 -12728 -8380 -5148 4130 19063 END