START 1080 -7560 12132 3063 -10494 1399 END
START -116 -7016 12672 3719 -14163 4026 END
START -992 -5260 14152 2922 -18977 5535 END
START -1580 -3668 14460 -577 -24735 8690 END
START -3264 -2916 12668 -3972 -31008 13512 END
START -4828 -5692 9076 -2878 -32768 19599 END
START -6184 -8156 3288 1340 -32768 22003 END
START -7048 -10400 872 3298 -32768 22304 END
START -8460 -11256 -2088 518 -32768 24793 END
START -8700 -13436 -7176 -3875 -32768 27833 END
START -8756 -16448 -11384 -2288 -30637 26378 END
START -8308 -15868 -11912 1168 -22993 23939 END
START -9580 -16616 -11160 3112 -18435 23151 END
START -11208 -18120 -12388 2795 -13437 23831 END
START -12092 -22100 -15644 3287 -5606 22055 END
START -12696 -23532 -16516 10654 6670 16637 END
START -13392 -21344 -13728 12028 13445 13644 END
START -12988 -20712 -10456 10467 18513 12594 END
START -13616 -22708 -9688 7860 23419 11350 END
START -14768 -23644 -7520 9375 28005 7937 END
START -14816 -25568 -4200 11198 27867 5307 END
START -13512 -26256 -4396 12652 29023 1726 END
START -12728 -25492 -4572 10375 32767 -3367 END
START -12004 -26376 -2576 8173 32767 -8984 END
START -12076 -24248 -448 9431 32767 -14372 END