START -356 -25868 596 926 -2433 -3962 END
START 148 -29012 -1712 -780 -2602 -5511 END
START -1116 -29528 -2420 932 1335 -8957 END
START -1428 -28828 468 455 1300 -13371 END
START -2016 -27064 2600 -1775 -685 -16698 END
START -2332 -23920 4768 -5335 -3668 -18218 END
START -2912 -22672 3232 -7964 -3539 -19872 END
START -1916 -19304 4304 -6761 -865 -21451 END
START -628 -17708 5188 -7362 -4849 -21288 END
START 84 -16192 4376 -7615 -7629 -17099 END
START 96 -15660 216 -7910 -5912 -17448 END
START 1136 -13928 1500 -11222 -1572 -19908 END
START 1716 -13276 648 -10214 -3405 -18688 END
START 2872 -11312 -1124 -9476 -4601 -15539 END
START 2488 -10932 -3816 -9835 -2649 -13919 END
START 3156 -9684 -2856 -9924 2913 -15673 END
START 3492 -10160 -2792 -11153 1699 -13965 END
START 4564 -8516 -3864 -9006 1511 -10745 END
START 4924 -7504 -4592 -9348 2514 -7270 END
START 5576 -7316 -5116 -9068 5542 -6406 END
START 5668 -8376 -6240 -10136 5500 -4932 END
START 5816 -7100 -6448 -9178 5864 -3566 END
START 5072 -6564 -7340 -7323 6630 -385 END
START 4840 -7324 -7236 -2936 11052 346 END
START 3832 -6068 -4580 -3581 11295 1678 END
START 4708 -5552 -2900 -3668 8569 3914 END
START 3044 -7188 -4244 -3277 6823 8160 END
START 3980 -8128 -4656 -783 12542 6206 END
START 3264 -7716 -940 -2108 12694 6178 END
START 4680 -7704 1484 -2672 9739 8311 END
START 4520 -9528 2292 -409 6873 10858 END
START 3812 -10068 2492 2721 4995 12283 END
START 3548 -11412 2660 1281 4653 12478 END
START 4520 -13148 2624 -496 4505 12341 END
START 3984 -14100 3744 133 3648 12650 END
START 4224 -13544 5664 3119 1118 13320 END
START 4988 -13296 5048 3208 -1073 15014 END
START 5616 -14720 2296 1112 -1185 15634 END
START 4688 -15808 1572 -461 -696 14722 END
START 2836 -15320 2580 635 -1202 14395 END
START 2220 -13776 5140 1785 -2072 15533 END
START 2072 -15860 6276 3672 -5033 17998 END
START 1740 -17816 4336 4151 -7381 18765 END
START -108 -18348 4924 3390 -7704 17673 END
START -1908 -19012 6044 2593 -10719 17976 END
START -2328 -22284 5584 3033 -14959 19248 END
START -2504 -26564 2000 5277 -16900 17734 END
START -3276 -26956 1908 3041 -15055 13872 END
START -5620 -27664 3712 -280 -16639 9795 END
START -6636 -29520 3336 -3503 -20526 6331 END
START -7272 -31084 16 -942 -21902 1711 END
START -7596 -29276 -1328 -2469 -21948 -3384 END
START -6776 -27836 -2496 -2303 -23177 -8815 END