START 2120 -2736 -1716 -3501 -65 -2766 END
START 1868 -2772 -1700 -5279 92 835 END
START 1888 -3088 -1704 -548 1685 2155 END
START 1868 -1156 -1860 1856 1460 4135 END
START 2764 -1908 -2352 2531 997 6672 END
START 3016 -3340 -3048 4180 1322 9391 END
START 3256 -5116 -3620 5303 1969 11928 END
START 2860 -6836 -3532 8458 1904 13931 END
START 3012 -8576 -2756 10845 2342 15100 END
START 2648 -9708 -860 12504 3917 15608 END
START 2180 -10736 40 10577 3165 17813 END
START 1636 -13316 16 9453 2106 19925 END
START 924 -15892 28 9966 2063 20299 END
START -108 -17972 1656 10113 3430 17889 END
START -1088 -17324 2760 9419 2791 17049 END
START -696 -18156 2000 5284 1479 19800 END
START -1236 -23020 1124 5865 326 18854 END
START -1796 -23308 1368 9367 1820 16326 END
START -2056 -22392 3588 7541 2267 13779 END
START -2848 -19644 4272 1940 459 15403 END
START -3816 -22956 3132 -1185 -1694 16731 END
START -4280 -25820 1332 640 -1943 14470 END
START -4696 -26208 2012 3591 -625 10223 END
START -5164 -25868 5648 6423 -2694 8671 END
START -4456 -25816 6976 3364 -7310 8229 END
START -3924 -25012 4492 -1228 -10634 6025 END
START -3320 -23344 1748 -4292 -11403 3581 END
START -3212 -23320 796 -3418 -11138 849 END
START -3624 -23608 972 -1340 -12113 -917 END
START -3844 -23508 1304 -615 -12676 -3481 END
START -4208 -22028 1204 -2241 -12678 -5583 END
START -4888 -21184 -800 -4983 -12666 -6973 END
START -5276 -21344 -2176 -4179 -10833 -9186 END
START -5256 -20112 -2716 -1880 -9702 -10115 END
START -4716 -18096 -3256 -2361 -8375 -10565 END
START -4796 -17976 -3872 -5048 -6530 -11380 END
START -4944 -16892 -3960 -6845 -4678 -11161 END
START -4772 -15648 -4412 -5165 -2192 -10984 END
START -3936 -14236 -4640 -4455 -251 -10085 END
START -3684 -14316 -5208 -3936 2262 -9407 END
START -3808 -13172 -4588 -3695 4368 -8090 END
START -3176 -12796 -3568 -3115 5790 -7351 END
START -2988 -12956 -2668 -1849 7521 -6495 END
START -2720 -11776 -2052 -1987 8827 -4854 END
START -2016 -11832 -1760 -4070 9350 -2998 END
START -1852 -10844 -2812 -4268 10256 -688 END
START -1604 -10720 -2960 -2389 12369 635 END
START -1248 -10452 -2464 -1257 13444 1895 END
START -1696 -10408 -2184 -1635 14271 4335 END
START -1644 -13116 -1656 -2054 15216 5823 END
START -1428 -14600 1084 -293 15224 6493 END
START -1028 -15208 3608 645 13822 6509 END
START -964 -17876 6832 425 11643 7021 END
START -672 -20404 9944 730 7638 6679 END