START -1260 -18700 4764 4926 -4287 -2581 END
START -572 -20832 1576 3730 -3268 -691 END
START -1896 -22720 -580 2050 -4324 -702 END
START -832 -25180 332 -526 -2484 -3987 END
START 304 -25812 1004 1100 -2628 -5658 END
START -1032 -24712 3096 2751 -1872 -8481 END
START 40 -23480 2456 -2135 -3988 -9840 END
START 816 -23964 2404 -5070 -4343 -13143 END
START 1176 -23728 800 -8779 -3577 -16118 END
START 848 -22892 1404 -8482 -2481 -17413 END
START 532 -22064 1224 -6940 -3595 -16736 END
START 528 -20044 1316 -3823 -4025 -16538 END
START 1652 -17672 908 -4794 -2934 -17636 END
START 2288 -17592 1036 -6522 -2865 -17361 END
START 1880 -15688 368 -7783 -3225 -16326 END
START 1740 -15536 828 -8052 -2106 -16565 END
START 1792 -13728 532 -6382 -2803 -14736 END
START 1688 -13056 -1524 -7402 -2979 -13467 END
START 2456 -12564 -2708 -10506 -468 -13706 END
START 2332 -10704 -3124 -12211 854 -13364 END
START 2872 -10664 -5784 -12438 1879 -11678 END
START 3076 -9960 -7220 -12115 5462 -11043 END
START 2712 -8596 -6060 -9608 8263 -9107 END
START 2704 -6748 -4412 -5563 8670 -6446 END
START 2956 -5628 -3944 -4178 7909 -4078 END
START 4084 -5220 -4520 -5508 9313 -1963 END
START 3176 -4760 -3364 -7718 10695 -653 END
START 3628 -7852 -1420 -4538 9625 2036 END
START 5188 -6952 -1936 -1629 7808 5245 END
START 6040 -8464 -3724 -1801 9217 6068 END
START 5136 -7996 -1748 -935 12703 5873 END
START 4932 -8072 1700 -1428 10441 7767 END
START 5696 -7840 2516 374 7998 10265 END
START 7004 -8568 420 -409 7643 12053 END
START 5560 -9040 1028 -914 9075 11989 END
START 4152 -8752 2304 828 8391 13405 END
START 3652 -10964 3560 4306 7615 15063 END
START 3564 -11296 4520 6779 6730 16765 END
START 2316 -9932 5072 5437 8242 16473 END
START 1476 -10572 7336 1124 5822 17997 END
START -824 -13792 10672 4164 1870 20309 END
START -788 -12992 10392 7366 -1627 24037 END
START -1392 -13996 9480 3348 -2862 23718 END
START -2992 -16580 9612 -1317 -6283 23442 END
START -4088 -19304 10288 600 -10146 24548 END
START -4028 -22404 10312 5388 -12343 24183 END
START -6116 -23732 11368 4140 -15044 22635 END
START -7956 -25828 11460 -634 -19637 20276 END
START -8364 -30156 9968 -1053 -24974 17076 END
START -7332 -31296 7196 -370 -26679 11579 END
START -7836 -30244 4296 -1497 -28824 5641 END
START -7504 -28848 -2000 -2520 -29163 3873 END
START -6000 -29172 -5112 -2091 -26522 400 END
START -5588 -23804 -8520 -3643 -22133 -4485 END
START -6012 -20928 -8400 -6521 -18470 -6987 END
START -6032 -18284 -8948 -6982 -15656 -7479 END
START -5540 -17204 -8144 -4231 -12004 -7725 END