START 1592 -1500 236 -1383 2390 -822 END
START 1404 -284 972 53 1766 1769 END
START 828 668 836 -1064 1768 3887 END
START 296 428 1452 -1591 1160 6102 END
START 232 -968 512 2059 -977 8159 END
START 1156 -1000 -1176 4173 -1756 10448 END
START 1028 -2724 -1340 3912 -1958 12695 END
START 316 -5028 -1576 5792 -2587 14555 END
START 244 -8252 -2948 7733 -2727 16893 END
START 1616 -10176 -3328 8661 -1537 18138 END
START 1696 -12012 -2540 8552 -606 19542 END
START 416 -14092 -1096 9741 -28 20266 END
START 440 -15820 -1052 11511 -490 21113 END
START 428 -16948 -312 13336 226 21525 END
START -76 -16500 992 12500 940 21773 END
START -1216 -16336 3224 10820 2237 21635 END
START -3428 -18796 5344 6727 494 25763 END
START -3960 -28080 5760 7157 -3839 26712 END
START -5044 -32768 3628 9245 -3855 21593 END
START -4784 -32004 5296 6193 -3347 15981 END
START -4232 -31364 7316 5281 -5898 12817 END
START -2416 -32356 4092 5134 -10151 10792 END
START -2408 -31408 -512 1672 -10701 7160 END
START -2912 -31448 -1112 -833 -9447 2862 END
START -3276 -30752 792 113 -9368 -1253 END
START -3604 -28940 2480 1178 -9923 -5137 END
START -3956 -26924 1556 -2839 -11756 -7452 END
START -4148 -25768 -1480 -6084 -12806 -9835 END
START -4424 -24792 -3608 -4918 -10970 -11505 END
START -4588 -22676 -4468 -4314 -8522 -13700 END
START -4580 -20396 -3764 -6145 -7413 -15040 END
START -3868 -18192 -3284 -5726 -5603 -15694 END
START -2792 -16012 -2316 -5801 -4165 -15356 END
START -2684 -14828 -968 -5928 -2490 -15042 END
START -2580 -14240 1364 -6406 -2371 -13891 END
START -1564 -13192 1444 -5838 -3502 -12635 END
START -464 -12232 -1040 -6819 -3571 -10779 END
START -40 -11480 -2780 -8006 -1866 -9583 END
START 16 -10864 -4968 -8792 -253 -8334 END
START 236 -9844 -6816 -9057 1941 -7219 END
START -1220 -9732 -7208 -6669 3691 -5170 END
START -1760 -10096 -8696 -3705 6551 -3244 END
START -2352 -10940 -7424 -2650 9949 -2050 END
START -2924 -11660 -6356 -2470 11320 -465 END
START -2788 -12100 -6764 -1849 12406 1432 END
START -1712 -13428 -9160 -2149 14385 2841 END
START -1248 -13508 -10576 -2614 18413 3159 END
START -540 -13368 -9028 -1913 22363 3325 END
START -444 -14232 -3628 988 24792 4235 END
START 532 -15628 4476 1358 24191 4875 END
START 2388 -18628 12568 -1091 20446 5204 END
START 3716 -22420 17052 1588 14766 4029 END