START -4088 -23344 5784 5986 8602 5635 END
START -3816 -25692 4772 3597 4701 3136 END
START -3152 -27880 3776 5092 390 86 END
START -1732 -29012 1440 6714 -3423 -2533 END
START -1596 -29664 -468 7905 -3763 -6409 END
START -1628 -28024 408 2075 -4373 -10155 END
START -1932 -26284 924 -3923 -6545 -13671 END
START -2616 -22964 916 -8495 -8972 -13976 END
START -2268 -22148 596 -9891 -7552 -15758 END
START -2900 -20196 712 -10903 -5468 -16908 END
START -3000 -18660 560 -12818 -6226 -15504 END
START -2420 -17336 -436 -13576 -6100 -14055 END
START -1848 -16228 -264 -12727 -4829 -14414 END
START -1008 -14892 -732 -12298 -3161 -14072 END
START 68 -12528 -628 -12871 -2611 -12344 END
START 820 -12216 -868 -12085 -2090 -11563 END
START 800 -11456 -1792 -11493 -748 -11343 END
START 1008 -10552 -2448 -8985 -100 -9277 END
START 1256 -9004 -2224 -7512 206 -7877 END
START 1356 -9092 -2080 -7324 -33 -6571 END
START 1760 -9304 -4396 -7028 739 -4918 END
START 2076 -10524 -6628 -7875 2713 -4838 END
START 2188 -10192 -7480 -8412 4754 -4739 END
START 1840 -7640 -7700 -7578 6870 -3623 END
START 2044 -7964 -7468 -6012 9492 -2856 END
START 1476 -7908 -7076 -3794 10328 -1282 END
START 2224 -7776 -7724 -956 10627 578 END
START 2700 -7024 -7840 278 13573 1190 END
START 2460 -6980 -6692 -800 15827 2374 END
START 2396 -7300 -3496 2382 15387 4322 END
START 3396 -6432 -1916 4232 13584 7173 END
START 3172 -6096 -1368 2416 12717 9633 END
START 2968 -7780 -1036 -1729 12922 11468 END
START 1652 -10040 356 1569 12337 12879 END
START 1796 -11616 2244 5778 9868 14612 END
START 1652 -13444 3580 8125 8126 15418 END
START 1776 -15136 2988 4806 6963 15421 END
START 1640 -15620 1744 966 8050 14262 END
START 860 -18016 4488 1714 7248 13252 END
START 332 -18456 7744 7867 3960 13219 END
START 1592 -16348 8760 9968 146 13280 END
START 1596 -15308 7016 6221 -3409 14688 END
START 1524 -17824 3872 2926 -4203 15374 END
START 1060 -19076 4060 3912 -3916 14070 END
START 60 -19408 6612 6644 -3572 13467 END
START -1196 -20316 10372 9066 -7040 12594 END
START -2208 -18816 8936 7152 -12111 13738 END
START -2140 -21512 6272 2624 -14082 14776 END
START -2744 -24560 5552 -632 -14987 12141 END
START -3120 -25064 6388 -808 -16740 8862 END
START -4532 -22924 6340 1018 -18967 7864 END
START -4872 -23368 4392 -1179 -20704 8085 END
START -6740 -24476 4360 -2178 -20631 5090 END
START -7960 -23252 3532 -5334 -22971 3120 END
START -7568 -22064 -812 -9296 -24383 998 END
START -8160 -22576 -4056 -10852 -23521 -1412 END
START -7120 -21648 -6136 -8471 -19685 -4486 END
START -6960 -17644 -7032 -6384 -16065 -6566 END
START -5888 -15904 -7436 -5702 -12623 -6648 END