START 6456 -6532 -2236 -1652 597 -591 END
START 5748 -5008 -2328 -1130 1386 333 END
START 4788 -3604 -1616 -119 2163 1425 END
START 3844 -2844 -364 502 2240 3511 END
START 2888 -2804 100 2231 2014 6100 END
START 1716 -3780 -116 3065 1942 9486 END
START 2268 -5428 -124 3241 2189 12652 END
START 2408 -8988 -72 2560 2205 15094 END
START 2736 -11216 -372 4537 2692 16672 END
START 2964 -12624 -536 4315 2760 17099 END
START 2716 -15404 -504 3487 2949 16701 END
START 2600 -16300 -492 4080 3903 16443 END
START 1844 -16060 1172 3747 5205 15664 END
START 1312 -16236 1308 540 4533 17612 END
START 276 -18084 1532 1038 4375 17494 END
START 528 -18340 2340 544 4660 16918 END
START -388 -17672 4392 1324 4907 15485 END
START 164 -17436 5176 -3129 2513 18275 END
START -1552 -20592 6396 -2958 932 18973 END
START -3748 -22168 7148 -3471 -700 17851 END
START -4696 -24052 10152 -4028 -2984 16336 END
START -4976 -26628 8864 -5177 -8751 14105 END
START -4648 -30824 4516 -4231 -12791 11134 END
START -3948 -29580 2336 -3932 -12914 6317 END
START -4028 -28612 3172 -5058 -14254 2948 END
START -4784 -28416 3016 -2725 -17284 380 END
START -4532 -28000 -1056 -788 -17151 -2595 END
START -4340 -26952 -1784 -52 -15508 -6384 END
START -4620 -24948 -2124 -424 -16140 -8979 END
START -3680 -23200 -3784 -93 -15795 -10180 END
START -3548 -21872 -5688 366 -13511 -11528 END
START -3060 -19920 -7980 -1239 -10259 -13794 END
START -3004 -18844 -7888 -2354 -7420 -14828 END
START -3016 -18068 -6572 -391 -5386 -14402 END
START -2392 -16088 -6096 469 -3438 -13943 END
START -1532 -14212 -6632 -3935 -1194 -13660 END
START -1252 -12680 -5880 -6234 1199 -12832 END
START -1084 -12268 -5500 -5670 1916 -10438 END
START -1224 -12484 -5336 -2586 3818 -8388 END
START -764 -12652 -4040 -2163 5353 -7945 END
START -704 -12104 -3472 -3765 7193 -6854 END
START -520 -11380 -4276 -5989 8667 -5101 END
START 140 -11484 -4784 -6147 10706 -3189 END
START 700 -11264 -5668 -4837 11973 -840 END
START 824 -10940 -7608 -4145 13287 1729 END
START 1016 -10376 -7976 -3465 16446 3026 END
START 824 -12276 -3804 -1160 18018 4508 END
START 412 -13172 1580 651 18023 6191 END
START 1540 -15516 7104 -4237 16069 6280 END
START 1640 -18756 9688 -6476 14551 5141 END
START 1060 -19348 11796 -3948 10875 4263 END
START 2168 -20068 11320 -1254 7019 3240 END
START 2904 -19124 10292 -1564 3817 1467 END
START 3280 -18244 8076 -2697 1416 -189 END
START 4144 -16744 5120 -1803 310 -1707 END
START 4556 -15556 3224 -939 -828 -1885 END
START 4304 -15588 2560 748 -2404 -1979 END