START -2080 -20860 4872 6254 2278 -2478 END
START -992 -22368 3660 7133 -316 879 END
START -1240 -23712 1136 5486 1672 -2378 END
START -1440 -24100 3444 1091 1372 -5459 END
START -1196 -26516 3260 -1928 -1525 -6914 END
START -1732 -27296 2460 -537 -3538 -9173 END
START -1428 -26264 996 1271 -4128 -11407 END
START -1128 -22912 56 -2359 -3533 -13949 END
START -1212 -21628 1036 -8636 -3535 -15566 END
START -1360 -21464 2256 -7969 -5359 -15838 END
START -1108 -19224 1880 -4038 -6535 -15091 END
START -288 -16124 592 -6768 -5481 -14595 END
START 192 -16012 404 -11268 -4071 -14915 END
START 1236 -14940 -296 -11921 -3632 -14323 END
START 1180 -13168 -1228 -12204 -3393 -12590 END
START 924 -11684 -2196 -11972 -1290 -11222 END
START 2108 -11368 -2988 -12595 1725 -10807 END
START 1632 -12172 -1984 -11799 2990 -9534 END
START 1872 -12584 -2012 -9580 2583 -8066 END
START 1780 -11868 -2032 -8741 2420 -7257 END
START 2664 -12296 -3448 -9075 3415 -6371 END
START 3224 -11900 -3832 -9759 4235 -5603 END
START 3948 -11308 -4200 -8286 4606 -4759 END
START 4508 -9644 -5080 -7980 5598 -3707 END
START 4340 -9348 -5844 -9295 7800 -2588 END
START 4380 -8772 -5092 -7456 8743 -775 END
START 4620 -8788 -4400 -3486 8179 1215 END
START 5560 -8704 -4972 -2700 8320 2804 END
START 5020 -9112 -4352 -3080 8488 4121 END
START 5156 -9780 -4592 -2178 9152 5359 END
START 4980 -8572 -3604 -2012 9520 6698 END
START 4900 -9584 -2796 -2044 8893 8601 END
START 4540 -11024 -1308 848 8227 9694 END
START 4428 -11120 -388 2561 7237 10363 END
START 4132 -10688 332 2286 6042 11149 END
START 4248 -11540 -724 -161 5842 12132 END
START 3320 -14620 356 1203 5676 12540 END
START 2660 -16148 1480 5740 5005 11625 END
START 2836 -15432 2664 5349 3236 10742 END
START 2836 -15424 2372 1953 1998 11281 END
START 2788 -16652 2548 1649 1664 10458 END
START 2180 -17108 2780 5037 426 10172 END
START 1664 -16664 4076 8020 -1048 9295 END
START 1168 -14180 4440 7562 -1693 10537 END
START 1268 -16248 4628 5931 -3290 11445 END
START 1276 -17884 3400 5431 -5142 11534 END
START 1224 -17712 2084 4653 -5911 11017 END
START 332 -17040 2456 4605 -5933 10577 END
START -560 -17428 2840 4938 -7054 11377 END
START -1124 -19580 2856 6298 -7733 11027 END
START -896 -20316 2980 6958 -7663 10312 END
START -1580 -20344 4128 4815 -8569 9157 END
START -2120 -21068 4336 3025 -10890 8942 END
START -2244 -22236 3184 748 -12070 8439 END
START -2092 -24760 1580 -28 -13069 6201 END
START -2324 -25568 652 1356 -12219 3157 END
START -2576 -23984 1636 1823 -11941 823 END
START -3012 -21464 2472 739 -12369 -704 END
START -3348 -21208 3676 -177 -13506 -2004 END
START -3580 -19700 2312 149 -14065 -2927 END
START -4076 -19244 536 -1282 -13449 -3829 END
START -4800 -19200 -276 -1955 -12706 -4511 END
START -4204 -19636 -596 440 -11971 -5266 END
START -4376 -17352 -1200 608 -11441 -6387 END
START -4100 -15288 -2320 -2501 -10253 -6836 END
START -3904 -14140 -3064 -4844 -8925 -6883 END
START -3668 -13952 -2552 -2030 -7056 -5819 END
START -3060 -12960 -2900 2643 -3882 -5115 END