START -3304 -19104 1248 -2523 664 -4521 END
START -2736 -18228 1260 -4509 249 -4864 END
START -3292 -19220 1604 -1357 -1893 -3450 END
START -2440 -18628 1324 2132 -824 -2849 END
START -2728 -22176 3212 936 -2919 -4355 END
START -1852 -22956 3888 1203 -5652 -5511 END
START -1328 -23584 3536 -2285 -6295 -7962 END
START -104 -24648 2940 -4903 -8000 -10368 END
START 68 -24416 1208 -2930 -6709 -11131 END
START 252 -23620 292 -3886 -5743 -13357 END
START 1144 -22044 292 -7423 -5991 -15297 END
START 924 -20936 -8 -8340 -6174 -16182 END
START 412 -19240 -284 -7924 -5170 -16791 END
START 1272 -17164 212 -7206 -4736 -16513 END
START 1312 -15432 648 -6788 -5341 -15989 END
START 916 -12900 540 -8863 -5019 -14814 END
START 1208 -13060 852 -8812 -4186 -13913 END
START 1596 -12648 92 -7823 -5273 -12294 END
START 1804 -12236 -1868 -7112 -6219 -10214 END
START 2184 -13396 -5956 -6455 -3361 -10494 END
START 2336 -13368 -6900 -7460 15 -11037 END
START 2516 -13484 -8628 -7202 1572 -10851 END
START 2652 -11960 -10364 -7584 4589 -10559 END
START 2352 -11124 -10340 -7397 8975 -10888 END
START 2196 -9172 -8696 -6792 11088 -9814 END
START 2392 -8088 -8032 -3898 12237 -7491 END
START 2728 -7232 -7228 -3232 13820 -5266 END
START 2724 -7084 -5464 -4391 15723 -4038 END
START 3124 -5832 -3928 -5178 15701 -1931 END
START 3904 -5512 -3064 -5046 16246 478 END
START 4320 -4844 -1800 -4108 15782 3413 END
START 4512 -5792 -604 -3766 14712 6093 END
START 4440 -6172 332 -2530 13880 8187 END
START 4104 -6912 1968 -1960 12951 10602 END
START 4440 -7748 4024 -702 11888 12671 END
START 5112 -9336 5084 -1806 8850 14444 END
START 5020 -9952 3744 -4148 7030 15222 END
START 3380 -9748 2876 -7364 7322 16544 END
START 1120 -10864 5928 -3854 6983 17904 END
START -104 -11232 8992 418 3548 21142 END
START -632 -13624 9748 2796 402 23145 END
START -504 -15752 8548 -1078 -2045 22772 END
START -888 -18072 8024 -3009 -3189 20532 END
START -2008 -18416 9832 -602 -6241 19910 END
START -3216 -19104 10356 2260 -10607 21517 END
START -4080 -23020 9636 3496 -13815 21931 END
START -4748 -25696 8476 -76 -16008 18865 END
START -5732 -25708 9172 -3633 -18421 14682 END
START -6488 -27760 7360 -1447 -23006 12420 END
START -6352 -29760 1108 -136 -24774 10341 END
START -5196 -30216 -1436 -186 -21357 4234 END
START -5740 -27232 -148 631 -21178 -472 END
START -6944 -24164 -3084 182 -24065 -1820 END
START -6776 -22584 -8644 -2492 -23267 -3573 END
START -6580 -20060 -13324 -3847 -19173 -5407 END
START -5020 -18068 -15004 -4752 -14796 -7229 END
START -3400 -16140 -16360 -4352 -11316 -8818 END