START -3428 -21208 5824 9969 4404 353 END
START -1012 -24188 5948 4432 1835 2187 END
START -1120 -26396 4324 3920 53 128 END
START -732 -26708 3800 3412 -55 -2721 END
START -748 -26984 3648 19 -2827 -4991 END
START -760 -28424 2884 -1533 -4784 -8980 END
START -920 -25624 2496 -1235 -4455 -12187 END
START -1708 -21276 2236 -6208 -5598 -13939 END
START -1192 -19940 1924 -10539 -7019 -14020 END
START -536 -20060 52 -9388 -5983 -13899 END
START -180 -18220 -488 -7740 -3854 -14596 END
START -508 -15656 324 -9714 -3984 -13462 END
START 268 -14612 -616 -12460 -4243 -11830 END
START 548 -14252 -1364 -13794 -2343 -10839 END
START 736 -13668 112 -12816 282 -10855 END
START 1168 -12896 544 -11112 -585 -8967 END
START 1016 -11504 -552 -10538 -1006 -6758 END
START 1868 -11636 -1280 -12428 14 -5045 END
START 2040 -12204 -2180 -13923 1129 -4585 END
START 1728 -12148 -3512 -11684 1186 -3590 END
START 2208 -11520 -3988 -9138 1524 -2815 END
START 2484 -10784 -4728 -7751 4961 -2339 END
START 1508 -9364 -3336 -9345 5887 -1546 END
START 1632 -9196 -3872 -9041 4921 807 END
START 1692 -10444 -4660 -5944 5197 1919 END
START 2272 -9784 -5180 -2457 7405 2518 END
START 1536 -9840 -4564 -3142 8883 2969 END
START 1456 -10416 -3872 -2615 8446 3655 END
START 1568 -9464 -3676 -432 8178 5070 END
START 1688 -8616 -3000 1044 7848 6965 END
START 2352 -9844 -3336 1447 10761 7313 END
START 1788 -10028 -1716 749 10451 8157 END
START 1632 -10692 -704 2991 8619 8584 END
START 1492 -10676 -396 6358 7476 10446 END
START 1268 -12192 -108 7186 8063 11442 END
START 456 -12196 1012 5583 8545 12033 END
START 852 -13920 2268 3178 6399 12324 END
START 564 -14496 2564 5632 5152 13124 END
START -12 -14676 3944 8107 3886 14278 END
START 140 -17540 4500 7575 1996 14539 END
START -780 -20016 4308 6868 402 13742 END
START -480 -20256 4436 4889 -1264 11747 END
START -676 -19792 4696 5555 -2504 10904 END
START -912 -19344 5344 6321 -4101 10661 END
START -1096 -18960 4528 3959 -5884 10696 END
START -1824 -19628 4792 2238 -6425 10034 END
START -2628 -20768 6400 3779 -8245 8807 END
START -2964 -21020 5984 7554 -10232 7637 END
START -2992 -21384 4568 6251 -11793 7059 END
START -2836 -21496 4352 2521 -12032 5633 END
START -3124 -20604 4356 -1574 -12466 4133 END
START -3888 -20836 4208 -2589 -13912 2920 END
START -4856 -21200 3604 -61 -15217 2486 END
START -5392 -21568 3040 2555 -15151 1400 END
START -5892 -22132 2504 1516 -15946 -294 END
START -5880 -23752 872 499 -16618 -2524 END
START -5112 -23408 -1568 372 -16388 -4749 END
START -4960 -21612 -2684 1548 -14192 -6712 END
START -4732 -20244 -2340 579 -12528 -7601 END
START -4944 -17956 -2300 -1056 -11490 -8149 END
START -4404 -15700 -2776 -4105 -10918 -9220 END