START -6992 -15920 2036 9646 792 -5503 END
START -2680 -24992 1928 4671 -1063 -310 END
START -2552 -26348 -172 1644 -1707 -2107 END
START -2080 -28512 -172 -3338 -3348 -7698 END
START -2148 -27608 -948 -5037 -3183 -11274 END
START -1692 -25372 -196 -6344 -2467 -13550 END
START -2568 -23220 1592 -6328 -3466 -15087 END
START -3148 -21576 3252 -4290 -6351 -15135 END
START -2012 -20000 1736 -7079 -6791 -15844 END
START -1572 -18468 1220 -11640 -3128 -17393 END
START -2596 -16640 2328 -13551 -2995 -17925 END
START -2232 -14024 1592 -12110 -3928 -16052 END
START -1596 -11052 1412 -10622 -3966 -14062 END
START -564 -8512 340 -12027 -2830 -11843 END
START -1120 -7148 836 -11832 -1930 -10119 END
START -588 -7304 -44 -10102 -2792 -7410 END
START -124 -7812 -1284 -4838 -3677 -4581 END
START 800 -10188 -2500 -4304 -3805 -1925 END
START 1572 -12344 -5280 -4567 -1348 -2608 END
START 1052 -13900 -7368 -6563 -419 -2532 END
START 1132 -15052 -9612 -5280 2478 -3419 END
START 468 -13260 -9884 -6927 6304 -4148 END
START -124 -11236 -8996 -6402 10041 -4231 END
START 236 -8928 -7140 -3978 10583 -2444 END
START 636 -8172 -6888 -1127 11012 -253 END
START 924 -7864 -7172 1038 13780 1250 END
START 784 -7224 -4912 -494 15443 1617 END
START 1220 -7252 -3380 1931 15755 5009 END
START 1316 -7920 -2024 2719 15020 7434 END
START 1092 -8924 112 3668 13485 9254 END
START 1272 -9120 508 3208 13441 10671 END
START 1704 -9684 3068 2114 14031 12085 END
START 980 -11700 5000 1218 11478 13169 END
START 360 -13604 7360 4265 7485 14511 END
START -524 -13040 8624 7646 4097 17239 END
START 320 -13696 7712 1734 2211 17871 END
START -40 -15044 5504 -6892 776 17734 END
START -1856 -20424 7072 -3951 -1320 16279 END
START -3316 -19220 8232 6984 -5654 16481 END
START -2908 -18548 7856 7828 -8026 17675 END
START -2848 -18032 7468 2169 -8957 16745 END
START -4120 -22192 5360 -1315 -11536 14938 END
START -4976 -27020 5016 4034 -14205 11728 END
START -5044 -27516 6712 13219 -15019 7877 END
START -5264 -23520 6572 8684 -16132 8529 END
START -5972 -25952 6228 -1005 -16987 5852 END
START -6908 -26324 4616 -6328 -18459 2339 END
START -8272 -24192 3260 -5337 -21001 -1323 END
START -7436 -22876 -824 -5006 -22592 -3707 END
START -6676 -22796 -8000 -4849 -21389 -5722 END
START -4996 -22240 -11808 -3751 -15035 -8332 END
START -3408 -21008 -10364 -822 -10353 -10802 END