START -8212 -11160 -3736 4550 667 -9247 END
START -2920 -22540 1320 7542 -1027 -3406 END
START -2632 -22076 980 9360 -2063 -4015 END
START -3056 -20092 676 2878 -2118 -6417 END
START -3340 -19524 1056 -2845 -2154 -8239 END
START -4608 -19440 2136 241 -5118 -7434 END
START -3056 -18016 1432 5050 -7337 -6108 END
START -2760 -17112 -808 613 -6097 -6991 END
START -3144 -18952 232 -6343 -4706 -9187 END
START -3272 -19356 1096 -7067 -5860 -9466 END
START -2184 -19316 656 -5136 -7730 -8387 END
START -972 -19272 -884 -3106 -6174 -8879 END
START -984 -17992 -1360 -6896 -4308 -10244 END
START -1964 -20064 -588 -9542 -4854 -11371 END
START -1232 -20156 -660 -6105 -6754 -10158 END
START -652 -20108 -1384 -3535 -5790 -10528 END
START 132 -17752 -1168 -6039 -1515 -13610 END
START 468 -17260 752 -11793 -1246 -15219 END
START 500 -15584 752 -9870 -1853 -15375 END
START 1476 -13764 -248 -8168 -1745 -14159 END
START 2032 -11264 -1532 -9372 -209 -14390 END
START 2436 -9700 -1740 -10889 186 -12648 END
START 3300 -9300 -3660 -9701 -448 -10756 END
START 3972 -7824 -5344 -5985 824 -8487 END
START 4108 -7260 -7076 -7948 3693 -7013 END
START 3904 -9380 -8068 -9991 5381 -6138 END
START 3156 -9368 -9152 -7089 7842 -5694 END
START 3132 -7356 -9732 -6734 10226 -3491 END
START 2912 -7084 -8580 -6054 11740 -2019 END
START 2960 -5784 -7604 -2300 14004 322 END
START 2612 -5840 -6732 -2032 15008 2714 END
START 2408 -6680 -5768 -1423 15919 4472 END
START 2744 -7404 -4232 -816 16713 5700 END
START 2620 -7512 -2520 634 16136 7904 END
START 2688 -10548 -1328 3682 14394 9664 END
START 2256 -12148 -120 10461 13471 10171 END
START 2320 -12352 964 10674 14403 9507 END
START 2604 -10672 3064 5507 14890 9840 END
START 3380 -10076 4048 -1649 13431 11266 END
START 2748 -13488 5912 1629 9600 12369 END
START 2416 -14348 7540 11156 5312 12949 END
START 1712 -11524 5524 8542 4460 17181 END
START 2012 -14312 6140 610 5216 16924 END
START 1828 -14132 6240 -5575 4378 17182 END
START -148 -13720 7648 -7079 1893 16792 END
START -1844 -15988 6344 -5320 -2517 20538 END
START -1992 -18976 6864 1849 -3193 20379 END
START -2496 -18532 8128 1289 -5197 19938 END
START -2308 -19652 9436 -1833 -9188 18799 END
START -3296 -21824 8080 -4684 -13075 16650 END
START -3260 -24112 3708 -7361 -15058 16760 END
START -4612 -25612 4464 -5263 -15947 13350 END
START -4868 -25872 6284 -2826 -17944 9566 END
START -5804 -24836 7184 -2395 -22182 6059 END
START -6592 -24172 3624 -6605 -25817 5522 END
START -6520 -27664 152 -9067 -27611 830 END
START -6668 -28948 -4252 -8041 -26307 -5371 END
START -6972 -25628 -7960 -6030 -23488 -8115 END