START 1920 -3028 460 -2155 1931 -1941 END
START 1672 -2172 576 853 406 590 END
START 2152 -1876 -372 1777 -494 2736 END
START 2572 -2548 -1736 2628 -217 5265 END
START 2628 -3580 -2516 4718 -33 7572 END
START 2456 -4396 -2628 7534 935 9419 END
START 2320 -5616 -2368 8717 1338 12020 END
START 2048 -9088 -3488 9437 1117 13464 END
START 1572 -10732 -4036 10281 3305 13673 END
START 1932 -11368 -2336 10231 6040 12550 END
START 816 -12848 1032 10619 6028 11671 END
START 308 -14108 3972 14275 2429 12505 END
START 412 -15460 2860 16657 221 15075 END
START 188 -16648 1096 12784 3237 15090 END
START 708 -16332 1824 4312 6892 13961 END
START -332 -17744 3980 2871 7375 16357 END
START -1676 -21108 5328 10925 5365 17446 END
START -752 -21880 3648 11713 5882 16533 END
START -1280 -20932 5676 693 8134 14220 END
START -2508 -20600 6732 -9268 6447 15957 END
START -3488 -25692 8920 -3914 3300 17166 END
START -4300 -27768 9720 7123 -2541 15970 END
START -5004 -26316 7868 6231 -5654 14476 END
START -5128 -27376 5176 -3587 -6703 12444 END
START -4692 -29384 3152 -7054 -8168 8794 END
START -3844 -27556 1016 -4488 -9469 3947 END
START -3960 -24520 -236 -2504 -9616 2244 END
START -4072 -23844 -48 -3849 -8870 1629 END
START -4428 -24880 1000 -4824 -9390 -769 END
START -4672 -25328 380 -2686 -9696 -3907 END
START -3684 -22908 -724 -1947 -9452 -5831 END
START -4084 -21796 -1272 -5237 -8336 -7518 END
START -4928 -22024 -492 -4186 -7675 -9996 END
START -5056 -19472 -624 -406 -8062 -10704 END
START -4348 -17952 -656 -1162 -7202 -10542 END
START -5096 -16624 -1888 -6540 -6893 -10244 END
START -4776 -17196 -3088 -6246 -6039 -11162 END
START -4332 -15292 -3376 -2531 -3331 -10777 END
START -3720 -13896 -3820 -3870 -905 -10799 END
START -3272 -13964 -3256 -5609 -16 -9588 END
START -2812 -14508 -2776 -3238 1680 -9011 END
START -2216 -13540 -3020 -2385 3363 -8567 END
START -1700 -11728 -1960 -3793 5735 -8224 END
START -832 -10740 -1316 -5774 6552 -6077 END
START -736 -9864 -1124 -4300 6346 -4011 END
START -380 -9464 -1808 -1706 7349 -2103 END
START -952 -8644 -928 -1588 9787 -685 END
START -1144 -10068 660 -3083 10000 1171 END
START -1148 -10872 1988 -751 9259 2799 END
START -1364 -9724 1476 766 8765 4849 END
START -976 -10188 404 -1643 8884 7462 END
START -1296 -12776 1772 2617 8949 9002 END
START -1532 -13580 3224 7608 8127 10583 END
START -2024 -15904 3396 8898 8186 10719 END
START -1208 -18680 3508 4757 8698 9747 END
START -680 -21564 3656 2221 8340 8045 END
START -176 -23832 3888 3682 7443 6182 END