START -1100 -22260 2848 8414 8705 -6367 END
START -2024 -22828 4096 9719 6174 -3005 END
START -1324 -23644 5360 9500 3688 -4690 END
START 308 -24496 5452 6621 637 -7142 END
START 1264 -24964 5388 709 -216 -10766 END
START 432 -25280 7624 -2477 -1744 -13554 END
START 204 -22392 8660 -3333 -4906 -14477 END
START 1908 -21568 7484 -4921 -8850 -14007 END
START 2212 -18672 5240 -5974 -7456 -14920 END
START 1692 -17580 6156 -9742 -6714 -16873 END
START 1948 -16284 4908 -9436 -8387 -15305 END
START 2776 -15472 3364 -8680 -8337 -13274 END
START 2964 -14348 2288 -8571 -5984 -13459 END
START 4220 -12580 1240 -10531 -4418 -13548 END
START 2452 -13700 2648 -10931 -4877 -11912 END
START 2724 -13424 1268 -10788 -5156 -10895 END
START 3316 -13724 -372 -10225 -3475 -9687 END
START 3048 -12296 -1268 -10764 -652 -10456 END
START 3004 -12048 -1992 -13678 -439 -9941 END
START 2828 -12464 -3588 -11321 193 -8348 END
START 3324 -12976 -6064 -8575 3873 -8454 END
START 2536 -11940 -5600 -6551 7467 -9612 END
START 2716 -10260 -4376 -7089 8448 -9239 END
START 3056 -8260 -4120 -6867 9066 -7389 END
START 3460 -6664 -3800 -6226 9238 -5172 END
START 4416 -6832 -4252 -5237 9633 -2983 END
START 4908 -6620 -4964 -5160 11416 -1182 END
START 4036 -5860 -3832 -5841 12579 490 END
START 4660 -6520 -2380 -3904 11978 3422 END
START 4964 -5552 -1720 -758 11469 6686 END
START 5848 -6640 -1804 -2687 12450 8578 END
START 5084 -6164 -536 -6509 13862 9679 END
START 4032 -8160 1744 -8739 12219 11496 END
START 3716 -10344 3908 -77 9371 15347 END
START 3892 -11408 3952 4881 7227 17214 END
START 3948 -11628 4124 300 7608 16364 END
START 3016 -12476 4916 -7183 6812 16157 END
START 2064 -15528 7088 -6384 4951 17252 END
START 2248 -16856 6900 -993 2331 17860 END
START 2592 -16388 5748 1214 1041 17108 END
START 1508 -13956 5624 -726 1524 17085 END
START 1564 -16976 7192 -3814 -1580 17582 END
START 1008 -20176 6292 1261 -4690 17473 END
START 800 -20512 5424 6114 -6750 16189 END
START -112 -18828 5708 4481 -7345 15365 END
START -708 -20156 6400 795 -8498 15448 END
START -1384 -22432 6940 88 -12661 14666 END
START -1496 -24428 5440 2277 -14832 13121 END
START -1700 -25036 3608 2926 -13797 10446 END
START -3084 -24548 3300 -542 -15317 8116 END
START -3416 -26300 4864 -700 -17626 5008 END
START -3640 -25244 4972 870 -20339 1969 END
START -3844 -23440 1360 204 -20402 706 END
START -3904 -23848 -320 -1876 -21010 -987 END
START -3796 -23400 -768 -2667 -20431 -3615 END
START -4096 -20836 -1080 -2634 -21068 -6889 END
START -4760 -17844 -2160 -1099 -21618 -8329 END
START -5264 -12952 -4012 -3538 -21671 -3285 END
START -3728 -14500 -7332 -6473 -17721 -2723 END
START -4328 -14660 -6288 -4843 -12155 -4780 END
START -5120 -14484 -6376 -120 -9540 -4530 END
START -4264 -13608 -6832 3405 -6234 -4174 END