START -1316 -18832 3756 5708 1046 -5327 END
START -1456 -20772 2420 5589 937 -1517 END
START -2244 -21616 3244 6337 331 -2467 END
START -1296 -23776 3636 2609 -2284 -4288 END
START -1180 -25796 3888 -1163 -5004 -7156 END
START -872 -27004 2000 -3208 -5239 -10855 END
START -556 -25472 2192 -3186 -4673 -14583 END
START -160 -22608 1396 -4030 -5662 -15808 END
START -416 -21828 1648 -5611 -6059 -17051 END
START 52 -20028 1716 -4965 -4591 -18173 END
START -540 -17956 1948 -7002 -5450 -18037 END
START 304 -15228 508 -9997 -7042 -16115 END
START 1148 -15500 -656 -13251 -5818 -15997 END
START 1168 -14808 -1032 -12970 -3645 -15923 END
START 1648 -13128 -2204 -12109 -2767 -14466 END
START 2116 -11628 -2244 -12087 -1451 -12705 END
START 2720 -10604 -2652 -12746 -358 -10793 END
START 2636 -11184 -3684 -12597 1282 -9460 END
START 3292 -10376 -4244 -11996 2469 -7646 END
START 3404 -9524 -4520 -12579 3314 -5721 END
START 4024 -8676 -5460 -12260 5201 -3914 END
START 3868 -8424 -4588 -9796 6386 -2598 END
START 3696 -7152 -5032 -8527 5849 739 END
START 3708 -8296 -4604 -7610 4939 3177 END
START 4712 -8200 -6356 -6263 8385 4219 END
START 4152 -8160 -5700 -9182 10207 5585 END
START 4032 -9692 -4884 -8880 9085 6846 END
START 3908 -10040 -4936 -1615 8915 9311 END
START 4220 -9528 -4884 1728 12683 9900 END
START 3388 -8488 -1888 -927 12541 10279 END
START 3968 -9560 -1236 -3708 9203 12416 END
START 3176 -11048 -864 -1473 6563 14143 END
START 3148 -11840 -2136 3096 7790 15187 END
START 2124 -13108 660 3410 7449 14671 END
START 2124 -13368 1708 3555 5503 15633 END
START 1564 -13948 2792 3796 3424 15897 END
START 1072 -15212 3376 2928 3986 15263 END
START 532 -16040 5276 3054 2534 14687 END
START 580 -16656 5148 4430 -847 13809 END
START 240 -18200 4588 7357 -3133 12389 END
START -176 -16876 4204 9246 -1761 11687 END
START -316 -15312 5116 4287 -2922 13478 END
START -260 -18136 4392 1242 -6282 13222 END
START -1296 -19684 3616 6227 -6666 12162 END
START -2624 -18732 4912 9838 -6607 10619 END
START -2600 -18160 6076 7306 -9388 11633 END
START -2940 -20920 4656 5829 -12151 11670 END
START -3016 -23028 2092 5866 -12209 10061 END
START -3348 -23056 2364 4797 -11613 7727 END
START -3696 -22432 3524 3985 -12632 6481 END
START -3976 -21444 4388 3391 -14164 6006 END
START -5232 -21172 4292 709 -16167 5842 END
START -5460 -21848 2844 -1425 -17381 4540 END
START -5904 -22872 2352 -1823 -17382 2804 END
START -6224 -22192 2524 -824 -17083 -96 END
START -6296 -22080 3296 -83 -18534 -2317 END
START -7112 -21256 2496 89 -19187 -3156 END
START -6760 -20172 472 -1652 -18158 -4987 END
START -5868 -18748 -32 -2883 -16918 -6034 END
START -5220 -17968 -968 -4211 -16854 -8707 END