START 4368 -992 -3928 -1565 2905 1034 END
START 3404 8 -2564 -650 3068 3940 END
START 2456 -208 -2184 2026 685 8069 END
START 2808 -1292 -2596 4411 534 12008 END
START 2376 -3016 -2976 6154 3098 14439 END
START 1672 -5944 -1572 7143 3970 16755 END
START 760 -11404 -968 7863 1180 17408 END
START 872 -13924 -1148 11294 1475 13704 END
START -16 -8112 -1828 8358 4502 16603 END
START 1044 -11552 1436 2126 7562 21314 END
START -148 -14748 4192 5372 5140 21691 END
START -316 -16484 4360 8523 3106 21892 END
START -252 -17876 3636 6133 -21 21146 END
START -1300 -20380 -1336 -2120 -1392 22448 END
START -1512 -24980 -2280 1159 2587 19777 END
START -1360 -23756 192 6200 4424 16671 END
START -1920 -23432 3504 6512 4037 14594 END
START -2488 -24100 5380 2842 2169 14398 END
START -2780 -26920 4968 1318 -2035 14835 END
START -2920 -26776 3776 1068 -3850 12886 END
START -2972 -26764 4456 -28 -5120 9944 END
START -3536 -25596 5544 -310 -7278 7784 END
START -3576 -23832 5360 -278 -10128 6284 END
START -3756 -22892 4044 -204 -12462 4604 END
START -3216 -22704 1476 -828 -14290 3608 END
START -2952 -24264 -1272 -1479 -13822 1365 END
START -2628 -24616 -1444 153 -11507 -2108 END
START -2416 -23984 -1012 146 -10642 -4823 END
START -3124 -24012 -1824 -919 -10315 -6578 END
START -3044 -23692 -2712 -1543 -9624 -8989 END
START -3372 -22244 -3344 -999 -8067 -10748 END
START -3596 -19872 -3476 245 -6060 -11613 END
START -4344 -18564 -3148 -1671 -5688 -11427 END
START -4432 -18132 -2880 -4121 -4774 -11825 END
START -4032 -16796 -2956 -3154 -3471 -11261 END
START -3544 -16360 -3884 -1048 -1787 -11301 END
START -2816 -14540 -4624 -1786 -301 -11073 END
START -2612 -14316 -4680 -4206 1301 -9756 END
START -1880 -13224 -3604 -1977 2762 -8657 END
START -1156 -10840 -3916 -1752 4123 -6955 END
START -808 -9528 -3892 -3358 5874 -4704 END
START -736 -9920 -3764 -5134 6711 -1962 END
START -944 -10120 -4792 -3688 9275 -1046 END
START -852 -10532 -5400 -4415 11250 1227 END
START -1340 -12892 -4632 -3824 13399 2593 END
START -1560 -14936 -3076 -1886 15398 2896 END
START -784 -15396 -2012 -1441 15555 2787 END
START 316 -13604 -4684 -6244 16040 3201 END
START 912 -10448 -7592 -11585 19224 3386 END
START -124 -8800 -5404 -8492 23984 4992 END
START -3648 -15076 5200 7457 24787 6854 END