START 2864 -1900 -2808 -2626 2848 -4059 END
START 3540 1328 -2612 2378 2936 -924 END
START 2416 3140 -2536 3992 3967 2193 END
START 1652 3288 -596 1827 3909 5524 END
START 1084 684 156 1349 3424 8492 END
START 196 -1488 1252 1804 2698 11521 END
START -124 -4836 1308 1984 902 13972 END
START 680 -8728 592 3962 -453 16312 END
START 1208 -11612 -1268 4796 -1553 17386 END
START 1652 -13076 -2172 6587 30 17318 END
START 1824 -12172 -408 6761 1451 17950 END
START 1380 -13504 544 7058 1343 19024 END
START 936 -16332 -712 8474 556 20445 END
START 708 -16812 -356 11321 2484 20974 END
START 1028 -16352 2168 9278 3596 21193 END
START 408 -17784 3948 5087 1749 23146 END
START -1796 -20976 3972 6282 71 24798 END
START -3400 -23088 3432 5034 -250 24166 END
START -3340 -27608 5168 3693 -1576 22160 END
START -2180 -30972 5376 4562 -4308 19274 END
START -1136 -31892 4384 3790 -5434 15409 END
START -1008 -30944 5984 2275 -4629 10460 END
START -1168 -29560 8556 2686 -7293 6974 END
START -1152 -28360 7364 143 -11513 4277 END
START -1060 -27844 3616 -2494 -13528 1273 END
START -1468 -27108 724 -2704 -13280 -2148 END
START -2168 -25136 -140 -2406 -13011 -5325 END
START -2796 -22644 -640 -3213 -13066 -7262 END
START -3392 -20700 -1396 -5309 -12529 -8569 END
START -3800 -19688 -2288 -5515 -10816 -9790 END
START -4264 -18560 -2276 -4791 -9066 -10410 END
START -4656 -17792 -2564 -4703 -7792 -10364 END
START -4576 -17060 -3336 -4827 -6860 -10557 END
START -4424 -16036 -3656 -3545 -4985 -10252 END
START -3868 -15552 -4652 -4439 -2881 -9696 END
START -4204 -15528 -5652 -5064 -648 -9266 END
START -3692 -14516 -5792 -3994 1296 -8671 END
START -3364 -13336 -4732 -2437 3739 -8414 END
START -3236 -11864 -4220 -3710 5211 -7302 END
START -2912 -11332 -3788 -4335 6366 -5102 END
START -2340 -9860 -2892 -2773 7634 -3231 END
START -1716 -9628 -2240 -2038 8329 -1099 END
START -1776 -11144 -3008 -1865 9062 1248 END
START -1664 -13744 -4232 -2395 10307 2674 END
START -1752 -15332 -4552 -1562 12206 3024 END
START -1524 -16920 -5676 -2228 13590 3256 END
START -1196 -18204 -8188 -2415 15735 3064 END
START -500 -18272 -9248 -2973 19695 2058 END
START -1284 -18468 -5820 -1979 22700 1377 END
START -1492 -19052 1432 -849 22971 558 END
START -808 -18168 7792 -3738 19934 197 END
START -240 -20168 13816 -4121 16008 -766 END
START 1860 -20432 15404 674 11992 -2261 END