START 4404 -1892 -2344 -3458 1258 -3105 END
START 3948 -1008 -1704 -1690 956 -157 END
START 3032 -884 -1852 769 223 2886 END
START 3136 -1080 -2084 1817 985 5842 END
START 2828 -2480 -1600 1989 1758 8568 END
START 2604 -4552 -1324 3767 1607 10696 END
START 2712 -6760 -1172 5455 1205 12376 END
START 2728 -8240 -1460 5059 691 14006 END
START 2848 -10656 -1884 5494 1572 13986 END
START 2868 -12156 -1688 7871 2173 14025 END
START 3200 -12564 -1152 10263 2299 14460 END
START 3044 -12968 -512 10164 4074 14705 END
START 2052 -13988 912 6628 4713 16689 END
START 1728 -16688 1616 1828 4762 17954 END
START 660 -18072 2696 1804 4598 17561 END
START 792 -18232 4244 4841 3105 17426 END
START 160 -16932 4988 4940 2572 18764 END
START -1200 -18712 5928 -1115 738 20788 END
START -3152 -23104 7664 819 -2151 20116 END
START -3088 -25464 7576 5645 -6094 19209 END
START -2780 -27620 4512 5129 -9175 16874 END
START -2092 -28536 2676 2309 -9182 14050 END
START -1312 -28708 2420 617 -9434 10686 END
START -1340 -27576 2016 789 -10517 7026 END
START -1380 -26348 1120 2347 -11979 4494 END
START -1024 -26436 -844 2484 -12387 2933 END
START -1220 -26280 -2292 925 -11404 346 END
START -1188 -26432 -3504 1322 -9580 -3580 END
START -1372 -24700 -3236 2598 -7717 -6433 END
START -1488 -23272 -2384 2214 -6351 -7711 END
START -2440 -22492 -1288 990 -5612 -9341 END
START -3344 -20604 -1476 -590 -4732 -10873 END
START -3520 -19884 -1660 -1429 -3843 -11113 END
START -3768 -18408 -1480 -860 -2814 -10697 END
START -3244 -17456 -1688 -2912 -2225 -10996 END
START -2736 -15104 -2528 -3227 -1083 -11318 END
START -1900 -13872 -2732 -4646 372 -9674 END
START -1628 -11644 -3040 -3984 1517 -8676 END
START -1408 -12256 -3768 -3022 3228 -5808 END
START -1808 -12436 -2892 -559 5715 -4287 END
START -1120 -12900 -1780 -984 5664 -3033 END
START -1080 -12952 -3468 -2140 6537 -3180 END
START -824 -14100 -2964 -3362 9243 -2662 END
START -292 -14304 -2084 -2950 10626 -2830 END
START 244 -13464 -2744 -3941 11481 -1359 END
START 396 -14556 -2408 -4562 12516 275 END
START 132 -16220 -2112 -4041 14758 200 END
START 336 -17272 -364 -3451 15423 -641 END
START 528 -16840 352 -4812 15223 -275 END
START 320 -16252 1392 -5433 15171 -153 END
START 816 -15172 2796 -4875 14766 40 END
START 1216 -13388 4548 -4994 13704 352 END
START 280 -15260 7544 -4443 11205 1334 END
START 1176 -16720 10652 -1344 7314 2609 END