START 2148 -1076 -1272 -463 890 -3857 END
START 1540 256 -860 803 1306 -2423 END
START 1732 2432 -888 633 932 -352 END
START 1780 2944 -184 590 534 2962 END
START 1752 2608 -568 2609 647 6232 END
START 1764 2180 -768 2398 124 10172 END
START 1520 -368 -376 2868 -198 13621 END
START 1624 -3564 -604 3145 -574 16764 END
START 2420 -7432 -1864 4013 -1393 19254 END
START 2356 -10688 -2344 7191 -89 20437 END
START 2068 -13660 -2016 8011 176 21669 END
START 1124 -15672 -1404 9782 1589 22535 END
START 1376 -17000 24 10676 2443 23029 END
START 1308 -18088 1688 8593 3355 22607 END
START 44 -19108 2644 7444 4166 22819 END
START -1504 -20488 4248 8386 3408 22970 END
START -1632 -23844 4840 7847 1983 23404 END
START -1752 -26440 5276 4768 794 21464 END
START -3068 -26172 5928 4048 53 18729 END
START -3628 -26160 5424 3389 -1997 17804 END
START -3172 -27808 4308 2702 -4566 16476 END
START -2440 -29468 2868 2371 -5308 13333 END
START -2100 -28248 2488 682 -5086 9720 END
START -2784 -27044 4404 -1241 -6530 6496 END
START -3560 -26004 5024 -2732 -8816 4556 END
START -3000 -28484 2904 -2852 -11532 2779 END
START -2772 -29124 -216 -3042 -10868 -1190 END
START -2488 -27860 236 -5057 -10057 -6010 END
START -2836 -24996 1544 -3819 -10553 -9026 END
START -3248 -21668 1756 -3740 -11211 -10363 END
START -3288 -18856 1428 -5265 -11292 -10837 END
START -4104 -16712 816 -6452 -11684 -11418 END
START -4012 -16568 -1048 -5169 -11280 -10892 END
START -3500 -15836 -2480 -4677 -9907 -10645 END
START -3388 -14992 -3540 -5204 -7522 -11163 END
START -2644 -14408 -3712 -5598 -6011 -10331 END
START -2048 -13456 -3200 -2034 -4895 -9452 END
START -1572 -11448 -3120 -2497 -3424 -7965 END
START -1572 -12060 -4216 -3881 -1662 -6667 END
START -1220 -11052 -4588 -2724 664 -5661 END
START -760 -10844 -5116 -1753 2151 -3968 END
START -1356 -11560 -6736 -1380 3892 -2365 END
START -1944 -12640 -7112 -845 6454 -1217 END
START -2144 -14824 -7000 925 9357 -482 END
START -2312 -15484 -6048 260 11291 -171 END
START -2896 -16356 -4784 -506 12443 320 END
START -2524 -16576 -4976 -350 13418 735 END
START -1520 -16160 -4820 -1726 15194 632 END
START -1364 -16512 -3788 -2538 16315 878 END
START -688 -16180 -2064 -2575 17196 1533 END
START 380 -16504 2416 -1163 16757 2224 END
START 724 -16748 5320 -2822 14523 2960 END
START 1724 -17472 6396 -4007 12552 2824 END
START 2624 -17840 8328 -2857 11750 2110 END
START 2524 -18500 9928 -3122 8696 1409 END
START 2712 -19372 9048 -1724 5554 -29 END
START 3164 -18348 6524 -1031 3130 -1622 END
START 3828 -17336 4188 -65 1759 -2590 END
START 4248 -15952 3284 443 511 -3638 END