START 2416 -2356 648 -6604 -631 -4796 END
START 3748 -2152 -320 -3344 -107 -1991 END
START 3540 -324 -392 -417 396 701 END
START 3632 168 -640 989 177 4184 END
START 3268 228 -1568 1550 1084 7893 END
START 3012 -1152 -1868 991 2112 11393 END
START 2148 -3512 -1900 3471 2943 14108 END
START 1828 -6060 -1560 6283 3579 16224 END
START 1456 -8560 -392 7604 4107 18567 END
START 872 -11084 604 6443 3651 20251 END
START 164 -14112 248 4396 4276 21571 END
START -236 -16216 1876 4152 5095 20642 END
START -204 -16444 3312 3369 5010 20460 END
START -1388 -18880 4232 3630 3566 20739 END
START -2000 -21624 3132 5079 1508 21052 END
START -1236 -23812 904 4201 1652 18985 END
START -948 -23732 780 3113 4008 14680 END
START -1824 -20796 3184 3452 4589 12467 END
START -2152 -20820 5544 1601 4402 14514 END
START -3428 -20264 7720 1678 2012 14044 END
START -3940 -21292 8296 -1026 -2101 13491 END
START -4212 -23828 5628 -238 -6451 13342 END
START -3676 -25080 3368 896 -6995 12224 END
START -3356 -24916 4168 -624 -6768 9153 END
START -3532 -23820 5188 -1839 -8171 6238 END
START -4124 -22748 5092 -2415 -10591 4931 END
START -4024 -22856 3756 -2134 -12237 3151 END
START -3588 -23492 780 -2238 -12850 1294 END
START -3508 -24604 -1584 -994 -10370 -1464 END
START -3780 -24820 -788 227 -8776 -4740 END
START -4400 -24060 -1100 1116 -8323 -6733 END
START -4216 -22704 -596 1580 -8177 -8232 END
START -3968 -20804 -1124 -356 -7540 -10044 END
START -4464 -19368 -324 -1406 -6496 -10784 END
START -4612 -16652 -148 -42 -6036 -10840 END
START -3752 -15076 -908 -1934 -5668 -9872 END
START -3180 -14476 -2400 -2682 -3585 -9501 END
START -3208 -14100 -2948 -3284 -1360 -9211 END
START -3048 -13332 -3316 -3335 366 -8387 END
START -2792 -13096 -3000 -2544 1781 -6946 END
START -3036 -13080 -2860 -1336 4018 -6180 END
START -2704 -13568 -2048 -2345 5994 -5736 END
START -2268 -12476 -1396 -3176 6655 -4898 END
START -1720 -11420 -1448 -3806 7133 -2647 END
START -1444 -12420 -2128 -3602 7696 -757 END
START -1692 -13496 -2948 -2515 9984 -85 END
START -2064 -14056 -3648 -3348 11474 1226 END
START -2204 -16076 -3876 -3211 13625 1474 END
START -2560 -16576 -1756 -3023 15279 1147 END
START -2524 -16012 -128 -3829 16048 1413 END
START -2344 -16220 2804 -4029 16318 1790 END
START -1828 -16424 5844 -3542 14370 2355 END
START -1292 -16868 8256 -3042 10753 2946 END
START -788 -18580 9944 -2141 6910 2982 END