START -3608 -26052 3516 4687 1009 -503 END
START -3456 -27652 4204 540 -2708 -1473 END
START -3176 -30036 4012 4978 -5047 -3964 END
START -4312 -28412 2584 8303 -6428 -6686 END
START -2428 -28468 692 1861 -7177 -10385 END
START -3328 -25364 -200 -6030 -6460 -15706 END
START -3424 -25008 1704 -8919 -6275 -19049 END
START -4264 -20524 928 -6833 -5479 -18478 END
START -3276 -20928 2212 -5456 -4600 -18394 END
START -2760 -19436 1844 -5052 -3691 -18997 END
START -2468 -18248 2228 -7749 -3055 -20158 END
START -2324 -16200 2876 -9852 -2612 -20426 END
START -1552 -13120 2672 -9977 -3369 -18230 END
START 52 -11756 688 -8265 -2755 -16525 END
START 1328 -10448 -724 -9182 -964 -14880 END
START 908 -11080 232 -10654 -7 -14210 END
START 236 -11248 740 -7889 -1060 -12563 END
START 584 -10076 148 -6575 -2453 -9493 END
START 1700 -9880 -488 -6497 -1877 -7344 END
START 2240 -8884 -1484 -6705 -1060 -6493 END
START 3076 -9800 -1720 -6740 -1448 -5214 END
START 2800 -10104 -4500 -6067 -2598 -2878 END
START 4736 -11432 -8360 -7474 519 -2998 END
START 3832 -10872 -7992 -8892 5669 -5129 END
START 2812 -10856 -6480 -8457 6021 -3854 END
START 4020 -10632 -7292 -4475 5854 -1313 END
START 5016 -10404 -8104 -2484 7838 -705 END
START 4716 -9304 -7504 -2807 12151 -1554 END
START 3612 -8596 -5460 -5071 12346 -543 END
START 4108 -9388 -3732 -2263 11431 1320 END
START 4356 -7280 -2324 2311 11578 5011 END
START 4748 -7516 -2040 2273 11144 6916 END
START 4704 -8020 -1792 2170 12001 7832 END
START 4324 -8664 -1216 1161 12960 8241 END
START 3560 -9164 32 1052 13950 8954 END
START 2744 -8724 1964 2389 13401 10389 END
START 2248 -10920 4832 5322 11420 12566 END
START 2452 -10624 5276 7190 9106 14509 END
START 2544 -10312 4948 3807 8795 14412 END
START 2616 -11588 4100 -3086 8346 14631 END
START 1644 -13700 5052 -4212 7761 15165 END
START 36 -16188 6828 548 5630 15616 END
START -1128 -15020 8760 10338 3942 17459 END
START 532 -14612 8872 8186 870 20678 END
START -996 -18356 8940 1004 -1454 19889 END
START -2440 -20672 9504 -3125 -3620 16927 END
START -4128 -20864 10740 -3226 -7601 15015 END
START -4780 -21396 11292 -868 -11681 17103 END
START -4768 -21076 9912 941 -14456 18384 END
START -5560 -22324 8572 -2240 -16444 16491 END
START -5876 -23128 6844 -4949 -18275 13283 END
START -5768 -25936 4808 -6824 -21898 10940 END
START -6168 -29916 3056 -2432 -22542 7208 END
START -6940 -29416 2284 3229 -22106 2901 END
START -7584 -25780 -392 647 -22878 775 END
START -7108 -25636 -1864 -4678 -22800 -3074 END
START -7492 -23400 -3804 -5890 -21241 -6662 END
START -7408 -19980 -5116 -4371 -18730 -8809 END
START -6324 -16092 -6828 -5714 -17551 -9173 END
START -6104 -15408 -7800 -7170 -14839 -9244 END