START -5220 -20084 7432 5070 -3434 -2213 END
START -4040 -23568 5540 1501 -5086 2086 END
START -2252 -25112 4044 712 -5274 -338 END
START -4104 -26000 3360 1383 -5655 -2448 END
START -4408 -26456 3084 487 -7457 -5977 END
START -3928 -27296 1988 -2998 -7485 -9760 END
START -3940 -25836 1084 -6536 -6024 -13407 END
START -3568 -24236 404 -9336 -5734 -16073 END
START -3008 -22132 -176 -10078 -5449 -17324 END
START -3312 -18516 632 -10135 -4640 -16430 END
START -2496 -17220 1036 -11782 -4059 -16262 END
START -2580 -15772 732 -13643 -3596 -15488 END
START -428 -16588 -1496 -15108 -1573 -15993 END
START 56 -13596 -2600 -18020 2597 -16324 END
START -600 -13648 -1492 -16448 5009 -15906 END
START -780 -10352 -1976 -15691 4670 -14002 END
START 60 -10108 -2072 -14210 4962 -11699 END
START 1348 -7848 -3220 -12446 8947 -10889 END
START 500 -8392 -3088 -12637 10020 -8596 END
START 1520 -7916 -3632 -9815 11087 -5856 END
START 1332 -6412 -3464 -7383 11726 -3072 END
START 1712 -6840 -3876 -5794 11672 -589 END
START 2560 -7692 -3844 -3898 14532 -14 END
START 1256 -6660 -2996 -2992 15922 2582 END
START 2140 -6448 -2600 -4858 16479 4878 END
START 2180 -7728 -1208 -4522 15901 7522 END
START 1972 -9416 -40 2490 14824 8999 END
START 2268 -8308 1636 6551 13476 9555 END
START 2892 -6628 2904 4157 11761 12281 END
START 2908 -8956 2064 -1663 10824 14906 END
START 1740 -11192 3208 -1553 9584 16321 END
START 1120 -14276 4384 6259 7679 16607 END
START 1364 -13480 4360 8860 6936 16292 END
START 568 -14080 5312 3019 5379 16594 END
START -720 -17444 6944 1357 2937 17010 END
START -316 -21316 7316 7809 1842 15625 END
START -620 -20264 8084 8177 -253 13560 END
START -640 -18616 9144 5551 -2295 12426 END
START -760 -16016 9076 2693 -5164 13481 END
START -728 -17728 7840 -594 -8228 14632 END
START -1964 -21188 8156 4418 -9915 13208 END
START -2572 -20784 8392 6271 -12344 11330 END
START -3016 -20016 8108 2828 -14403 11011 END
START -4096 -22448 5644 -1358 -16678 11317 END
START -3532 -25016 2840 -4172 -16775 9382 END
START -3864 -23764 2840 -2805 -16949 5718 END
START -3848 -22188 3852 -245 -17420 3285 END
START -5776 -19752 4488 -1143 -18836 3250 END
START -5376 -20496 3012 -5962 -19139 3655 END
START -6324 -22768 1892 -7335 -18888 -36 END
START -7240 -23552 1944 -2453 -18603 -2744 END
START -6976 -22136 2660 1300 -17480 -5557 END
START -6480 -18620 1988 -1523 -18232 -5017 END
START -6184 -17768 204 -5227 -18020 -6093 END
START -6704 -18316 -1320 -5224 -16457 -7230 END
START -6104 -17552 -2092 -609 -12731 -8211 END
START -6628 -15084 -4072 616 -12377 -8813 END
START -5568 -13956 -6540 -2540 -10509 -9085 END