START 3828 -1784 -1148 1081 1421 -1924 END
START 3248 -348 -1528 1616 182 2056 END
START 3052 -296 -1668 2952 -141 3766 END
START 2688 -196 -1984 3905 561 6090 END
START 2860 -928 -1420 3498 1437 8800 END
START 2224 -1760 -820 4455 1642 11326 END
START 1772 -4208 -284 6220 428 14335 END
START 2052 -7040 -1104 8148 -389 16798 END
START 1456 -10052 -900 10209 551 17937 END
START 552 -10828 1312 10298 1177 18870 END
START 612 -12556 1992 9176 -26 20859 END
START 488 -16092 -48 8547 -1134 22334 END
START -548 -18016 -940 10378 656 21229 END
START -40 -18052 16 10068 2205 21253 END
START -788 -18704 1776 6826 2270 21810 END
START -2852 -22336 2496 7696 782 22172 END
START -3084 -24316 1860 8893 416 21461 END
START -3260 -25052 3068 8255 1429 19678 END
START -2780 -26516 5696 5120 -26 18319 END
START -2756 -26320 7224 2965 -1916 16432 END
START -4000 -26940 8404 2713 -4619 14558 END
START -3484 -29300 6136 3717 -8480 12737 END
START -2460 -28992 3492 2520 -9093 9050 END
START -2452 -27832 3836 939 -9331 5092 END
START -2208 -26508 4920 -845 -10721 1993 END
START -2868 -26436 4796 -3180 -12954 -378 END
START -2956 -25768 3228 -3995 -15047 -2749 END
START -3344 -25016 844 -5093 -14893 -5417 END
START -3632 -24396 -304 -4460 -14385 -7934 END
START -4156 -22348 -1820 -4196 -12805 -9818 END
START -4476 -21028 -1376 -3529 -11054 -11495 END
START -4240 -18776 -2008 -3011 -9873 -12567 END
START -4584 -16988 -2732 -5215 -8493 -13044 END
START -4680 -15904 -3460 -6034 -6419 -12584 END
START -3932 -14868 -3996 -4692 -4010 -12125 END
START -3172 -13108 -3644 -4577 -1733 -10853 END
START -3712 -11960 -3784 -3910 -457 -9381 END
START -3016 -11888 -4952 -3924 1392 -7639 END
START -2820 -11876 -4840 -3038 3959 -6360 END
START -3236 -12460 -4520 -3067 5753 -5147 END
START -3164 -12916 -4572 -3215 7145 -3691 END
START -3212 -14484 -4500 -2779 8888 -2298 END
START -3000 -15848 -3584 -1586 11066 -2484 END
START -2380 -15536 -2600 -2625 11973 -2349 END
START -2068 -15192 -2412 -3889 12641 -1297 END
START -1388 -15504 -2904 -3985 13105 -399 END
START -860 -15232 -3288 -2931 14144 570 END
START -436 -15828 -4804 -3470 16052 846 END
START -460 -15224 -5332 -5245 18498 914 END
START -72 -13472 -3572 -5289 19842 2167 END
START -124 -13700 320 -3360 19960 3682 END
START -416 -15816 5084 -2852 18235 4770 END
START -108 -18632 8384 -2544 15911 4037 END
START 1504 -19680 10956 -3146 13200 3059 END
START 3332 -19748 11328 -3443 10701 1228 END
START 4704 -19760 11136 -1680 7650 -252 END
START 5356 -19652 10796 -179 4615 -2014 END
START 5684 -19208 9068 -869 1427 -4018 END