START 3324 -6396 3352 1101 -965 -7598 END
START 3556 -3640 2196 1565 845 -4645 END
START 3960 -1680 2296 501 1480 -3999 END
START 3856 556 1308 899 1245 -2038 END
START 4172 1680 268 1145 1132 1170 END
START 4164 1592 -88 -174 2839 4919 END
START 2832 1024 492 -2198 3091 8894 END
START 2656 -2792 880 944 1444 13893 END
START 2388 -6016 -332 5980 1198 17028 END
START 1796 -8308 -312 6373 2878 19535 END
START 1032 -10952 1096 4151 3627 19965 END
START 664 -14308 1072 2220 3325 20107 END
START -24 -16424 264 5756 2917 20798 END
START 396 -18608 284 6029 3939 20863 END
START -872 -19896 1008 3959 5690 19471 END
START -656 -21176 2144 1674 4899 17047 END
START -1564 -19780 824 1107 4221 15891 END
START -1792 -21856 1240 2859 4452 16730 END
START -2292 -21828 2144 4949 4877 15231 END
START -2068 -20704 4224 3442 4693 11942 END
START -3144 -16552 3124 -1786 3298 13352 END
START -3836 -21060 4648 -1390 1965 13819 END
START -4144 -21548 5056 666 -69 13526 END
START -4488 -22708 6232 -286 -2408 11633 END
START -5000 -22020 6520 -2874 -4692 10540 END
START -4920 -23620 6972 -3850 -7276 9736 END
START -4008 -24432 6252 -2537 -10420 7919 END
START -3376 -25876 3952 -2347 -12113 5297 END
START -2796 -26276 2420 -2843 -12254 1801 END
START -3180 -26256 2236 -2623 -12256 -1435 END
START -3740 -25160 1800 -2274 -12419 -4741 END
START -3792 -23528 1516 -2014 -12166 -7616 END
START -3432 -21136 268 -4018 -11766 -9545 END
START -3672 -20240 -2496 -4707 -10659 -10776 END
START -4116 -19668 -3132 -2461 -8962 -11396 END
START -4160 -17548 -4164 -1778 -7193 -11421 END
START -4204 -16248 -4512 -2143 -4335 -11940 END
START -4324 -15892 -3652 -1358 -1788 -12089 END
START -4224 -13548 -4576 -3181 -659 -11675 END
START -3588 -11860 -4588 -4506 1184 -10478 END
START -3360 -10416 -3476 -2962 3110 -8240 END
START -3440 -10236 -2484 -856 4644 -5759 END
START -3228 -10172 -908 -891 5846 -3718 END
START -3040 -10324 -172 -3049 5334 -1700 END
START -2616 -11716 188 -2596 5386 824 END
START -2100 -12532 -920 -1108 6987 2106 END
START -1580 -13556 -1292 -1040 8459 2493 END
START -1636 -13956 -2216 -511 9395 3338 END
START -1512 -14576 -3580 -1290 11072 4025 END
START -1596 -15400 -4448 -1628 13680 3991 END
START -1928 -15164 -5000 -1323 15742 4003 END
START -2132 -14024 -5068 -1708 18578 4187 END
START -3096 -13596 -1704 -2211 21103 5308 END
START -4524 -17616 5880 1443 20144 6200 END
START -4156 -20696 12700 3099 15550 4247 END
START -3240 -23256 16352 -1071 9267 793 END