START -2288 -22148 3564 9442 63 123 END
START -2176 -22932 2268 4256 1981 -2928 END
START -2232 -25072 3096 48 1385 -4222 END
START -2264 -27376 2780 2669 -2220 -5536 END
START -1572 -26344 584 2038 -3860 -7531 END
START -1356 -25268 768 -829 -1507 -12063 END
START -2144 -23740 3188 -4375 -2746 -14269 END
START -2136 -21480 2612 -5624 -5678 -14397 END
START -1016 -20496 2016 -6865 -6716 -13106 END
START -1056 -20368 1700 -6822 -4355 -15224 END
START -1688 -18960 2756 -7466 -4178 -16518 END
START -908 -17352 1968 -9838 -5709 -15663 END
START -332 -15936 1948 -11085 -6221 -15056 END
START 28 -14728 1904 -9766 -6823 -13531 END
START 480 -13792 -1340 -7678 -3064 -14933 END
START 112 -11280 -2156 -12615 -941 -13630 END
START 156 -11768 -1808 -16401 -126 -11961 END
START 432 -11612 -2968 -16568 -546 -9513 END
START 940 -11268 -4816 -14268 1029 -8157 END
START 1528 -10324 -4808 -12578 3039 -7569 END
START 872 -8976 -5164 -11166 4294 -6015 END
START 1832 -8264 -5884 -11997 6123 -3923 END
START 1772 -8020 -5840 -11958 7970 -1868 END
START 1788 -8164 -5000 -8348 8513 -436 END
START 2164 -7888 -4228 -3315 7888 1338 END
START 2612 -7256 -5016 -2481 7914 3658 END
START 3056 -7416 -5464 -4855 11082 4386 END
START 2780 -7676 -4252 -8513 11732 5097 END
START 2068 -8964 -1524 -1902 10347 7625 END
START 2860 -7816 -1112 4890 7554 9755 END
START 3248 -8020 -2144 5630 8149 11302 END
START 3252 -8368 -2128 3028 10711 11427 END
START 2080 -9580 52 1095 9871 12456 END
START 1940 -11032 2160 3316 7321 13504 END
START 2188 -11784 3656 7982 4349 14701 END
START 1480 -12280 3116 10829 3332 15113 END
START 1212 -13504 3076 7927 3948 15910 END
START 744 -14688 3344 2043 3762 16150 END
START 28 -16608 4780 -1719 3355 14753 END
START -972 -18024 6484 -950 -101 14059 END
START -464 -18772 5440 5114 -3767 13958 END
START -1024 -18128 3240 9148 -4187 14121 END
START -1272 -18620 4016 7967 -2529 14006 END
START -2756 -19980 6676 6347 -3625 12887 END
START -2804 -23176 7672 7332 -8875 12650 END
START -2776 -25172 6228 11030 -11846 10828 END
START -2668 -25212 3584 8272 -11909 9979 END
START -3220 -26904 2892 3583 -11317 6431 END
START -3700 -27112 4504 315 -12946 3439 END
START -3892 -26884 5272 2386 -15697 1623 END
START -4152 -24372 3932 3982 -17907 1375 END
START -4524 -22864 2236 605 -17675 -194 END
START -5536 -23644 2168 -3865 -18594 -1385 END
START -6252 -26644 36 -3236 -19591 -4503 END
START -6320 -24940 -1760 -848 -19708 -7910 END
START -5740 -22156 -3424 -2022 -19236 -10307 END
START -4720 -18136 -4688 -243 -16980 -11054 END
START -3496 -13708 -4736 2014 -13861 -9464 END
START -4008 -11948 -3940 1593 -12206 -7688 END