START -2464 -23908 5376 7958 2057 -567 END
START -3180 -25368 4976 1213 -1055 -1421 END
START -3524 -25156 3996 1717 -5077 -3004 END
START -2724 -24660 2552 2317 -6584 -6188 END
START -2748 -22912 1968 661 -5580 -8602 END
START -3876 -22848 1744 -3010 -5279 -10585 END
START -4452 -21324 2800 -3997 -6896 -12416 END
START -3448 -18884 2284 -4287 -8864 -11314 END
START -2948 -17156 484 -6465 -7275 -11079 END
START -3516 -17728 1412 -10160 -6475 -11464 END
START -3448 -18676 1732 -9679 -6843 -11601 END
START -2288 -16984 912 -9527 -6286 -11507 END
START -1628 -16332 4 -11152 -5143 -10826 END
START -1380 -17188 -756 -11958 -3981 -10581 END
START -1648 -17504 140 -9582 -2942 -10841 END
START -1452 -16632 -164 -9247 -2430 -10749 END
START 328 -16432 -1628 -11795 -2558 -10404 END
START 1096 -15724 -4256 -13863 -1023 -10603 END
START 784 -15136 -4836 -13371 2656 -11552 END
START -40 -13624 -4676 -11234 3399 -10702 END
START 1128 -11916 -4412 -9463 4030 -9350 END
START 2304 -10696 -5328 -10429 5405 -7331 END
START 2172 -10636 -5756 -12372 7786 -6889 END
START 1576 -10332 -5496 -11019 8731 -5747 END
START 1732 -9364 -4488 -7835 7703 -3661 END
START 2700 -8188 -6296 -6541 8504 -888 END
START 2580 -8348 -5408 -7731 12934 -350 END
START 1820 -9008 -2896 -4958 12535 884 END
START 1900 -7736 -2580 -2895 10115 3657 END
START 1864 -9308 -2668 -913 8173 6080 END
START 2776 -8648 -4152 -272 11639 5770 END
START 2060 -7744 -1196 -1854 12892 7196 END
START 1984 -7660 1724 950 9876 9355 END
START 2820 -8532 748 2356 7296 11394 END
START 2604 -9048 924 2436 6300 12792 END
START 2296 -9968 -200 3146 6814 14609 END
START 1200 -11656 1492 3012 6961 14982 END
START 680 -13624 2852 5011 4155 15636 END
START 892 -13684 2708 5470 1943 16135 END
START 224 -15428 2488 3737 977 17286 END
START -300 -18428 1920 3110 1822 16659 END
START -1244 -19172 2828 2259 622 15187 END
START -1552 -18812 4216 4786 -1582 14101 END
START -2052 -19472 4008 4323 -4614 13810 END
START -1952 -21732 1176 5532 -4862 13580 END
START -2032 -21752 1768 4825 -4804 12106 END
START -2504 -21728 3508 2019 -6350 10340 END
START -3080 -22476 5168 4046 -9104 8532 END
START -3244 -22300 4684 7073 -12404 8437 END
START -3384 -22872 3312 5673 -14523 7329 END
START -3444 -24168 3272 2592 -15066 5388 END
START -3756 -25416 4116 998 -17149 2884 END
START -5440 -24588 2124 1826 -19027 1137 END
START -4736 -22848 -732 -1660 -20482 -497 END
START -5352 -22900 -2412 -6395 -20010 -2543 END
START -5744 -23964 -2016 -4930 -19682 -5049 END
START -6532 -22784 -3428 -1005 -18968 -6778 END
START -6772 -19660 -5720 -3218 -18119 -8189 END
START -6056 -18020 -7848 -7086 -13393 -8391 END
START -5288 -17016 -6800 -7123 -7643 -9059 END