START 2692 -4700 808 1203 1828 1851 END
START 3232 -4392 1784 314 3471 4424 END
START 2324 -5144 3172 587 3065 6959 END
START 1736 -5200 2960 3870 2075 8968 END
START 2572 -4888 1488 8400 3827 9801 END
START 36 -3312 3488 6131 4046 11962 END
START -1748 -7296 2428 2272 2989 17428 END
START -4832 -12348 3200 2556 1329 20179 END
START -3816 -16988 1424 2736 722 19585 END
START -4624 -19236 2156 1298 1123 16587 END
START -4420 -20580 3896 116 392 14642 END
START -4808 -21696 3912 -1170 -666 13916 END
START -4396 -24196 3256 -5931 -1163 12485 END
START -4220 -28144 2996 -7645 -1138 12065 END
START -3964 -30720 4216 -1166 -341 12219 END
START -3224 -30892 5976 2729 -849 10133 END
START -1748 -30800 7120 -2654 -3959 5938 END
START -1136 -28992 5808 -5619 -7158 1850 END
START -780 -27000 3700 -1223 -7233 -1626 END
START -1376 -24604 3652 -601 -7849 -3547 END
START -520 -24028 4116 -570 -9703 -4997 END
START -1524 -22352 4576 2237 -11242 -7171 END
START -2052 -18180 3604 -308 -13579 -8065 END
START -2020 -16956 2072 -4895 -13339 -8367 END
START -2076 -16624 1988 -2044 -10759 -7730 END
START -2264 -15608 2904 1533 -11549 -8057 END
START -2404 -14076 1996 -192 -13781 -7316 END
START -2748 -15160 -336 -2231 -13170 -6496 END
START -2268 -15336 -2356 -2199 -10351 -6287 END
START -1832 -15640 -1896 1137 -8189 -6534 END
START -1204 -14688 -1840 265 -8360 -5417 END
START -1412 -15232 -3208 -582 -7050 -5517 END
START -1328 -17020 -4228 215 -3205 -5925 END
START -1280 -16992 -4632 1320 272 -6511 END
START -164 -16864 -4944 -790 1082 -5974 END
START 600 -18576 -6416 -525 3664 -5133 END
START 960 -18536 -5424 -15 7556 -6798 END
START 1200 -17120 -3472 -2222 7054 -8730 END
START 1116 -15216 -5080 -3831 8225 -7764 END
START 1712 -15160 -4256 -3181 11595 -6721 END
START 1484 -13748 -2728 -3868 12013 -5827 END
START 1156 -11688 -1300 -4546 12032 -4025 END
START 796 -11420 -152 -4559 13148 -1750 END
START 872 -10808 976 -5246 13536 185 END
START 980 -11460 2276 -5859 12785 1677 END
START 916 -12448 2072 -5944 12363 2993 END
START 960 -12376 3044 -5111 11994 4254 END
START 716 -13108 4036 -4596 10947 5640 END
START 1360 -12792 3664 -3955 10555 6293 END
START 808 -13752 4528 -3813 10110 7547 END
START 704 -15756 4640 -2627 10108 7112 END
START 1132 -17852 5752 -2852 8461 6268 END
START 2660 -19516 6984 -2289 6283 5954 END