START -3648 -21944 7060 5797 773 -391 END
START -2708 -24068 3120 8673 -784 4569 END
START -3204 -23348 2588 10860 -330 2085 END
START -920 -22456 3204 6229 -977 422 END
START -1152 -24440 2072 808 -2809 -2186 END
START -1940 -25336 1976 -1943 -4073 -5016 END
START -2376 -24892 2028 -2593 -4317 -8208 END
START -1444 -23612 916 -3551 -3725 -10582 END
START -2024 -21344 1260 -7224 -3932 -12573 END
START -2316 -21308 3308 -7632 -4972 -12998 END
START -1824 -21252 3368 -6457 -6204 -13607 END
START -1356 -18152 1720 -10172 -6566 -13791 END
START -336 -17828 988 -15670 -5372 -13529 END
START -592 -17424 432 -14853 -4470 -12870 END
START -1128 -16072 944 -12244 -5617 -11630 END
START 360 -14976 -480 -11099 -7902 -10015 END
START 2012 -15292 -3832 -11119 -3486 -9764 END
START 1132 -13088 -2140 -13549 1091 -10056 END
START 564 -13928 -1448 -15343 -852 -7974 END
START 1004 -13540 -2364 -12757 -3253 -6013 END
START 2356 -13684 -5816 -10829 -1762 -5198 END
START 1880 -11692 -5828 -10324 3646 -5678 END
START 1144 -13052 -5280 -10006 3778 -5132 END
START 1240 -12000 -5956 -8288 3485 -3630 END
START 2500 -10380 -6884 -7665 4671 -2429 END
START 2092 -9596 -6300 -8080 6462 -1472 END
START 1084 -11072 -4692 -5154 6729 -904 END
START 1264 -10152 -3976 -2008 5484 117 END
START 824 -8128 -2688 -1777 2627 2254 END
START 1312 -9280 -3672 -1250 772 4479 END
START 2024 -8296 -6252 -3180 6540 2921 END
START 820 -8848 -5244 -6460 7809 3531 END
START 1252 -9308 -4576 -2969 7471 3714 END
START 1668 -7572 -5000 2511 7888 4393 END
START 2064 -6748 -4740 2251 9671 5212 END
START 1452 -7052 -2764 1517 9992 6230 END
START 1908 -9404 -1520 6309 8033 7491 END
START 2476 -9780 -1312 11144 6823 8584 END
START 2692 -9264 -892 8080 8617 9967 END
START 2268 -12192 1016 4376 8616 10573 END
START 1992 -13896 3200 7208 5276 10781 END
START 2020 -13272 3188 10616 2829 11336 END
START 2260 -13372 1876 8006 4059 12738 END
START 1576 -17700 2684 4290 2760 12561 END
START 1540 -19924 3508 8336 871 11452 END
START 2120 -18732 4700 10762 -109 9233 END
START 68 -15464 6340 8192 -1103 9282 END
START 624 -18420 5844 2152 -4464 13682 END
START 1200 -22788 3224 2015 -6753 12188 END
START 1100 -22936 1524 1710 -8044 10542 END
START 716 -22364 1732 1213 -7497 7138 END
START -480 -21296 2392 -882 -8427 5656 END
START -892 -22572 2428 1804 -9830 5894 END
START -832 -24324 3216 7112 -10761 4943 END
START -464 -23840 4344 6172 -12398 2482 END
START -1028 -25264 2536 -2351 -15966 -254 END
START -1848 -29024 -64 -9383 -18494 -5248 END
START -1960 -30360 -2208 -505 -17382 -10434 END
START -2440 -24832 -3024 9876 -15549 -13724 END
START -3712 -18436 -3920 7237 -14657 -12532 END
START -3728 -14520 -5424 -2772 -14126 -8091 END
START -3468 -15472 -5596 -4518 -12106 -6793 END