START -5464 -23260 3672 10309 -3552 -3205 END
START -3860 -21240 2176 1787 -6003 1716 END
START -3676 -24048 1564 -1001 -6325 -163 END
START -4552 -24980 1772 -1242 -5005 -2659 END
START -5020 -26104 2480 -670 -5584 -5615 END
START -6172 -25052 1720 -3064 -6960 -8622 END
START -5072 -25500 -56 -5890 -5739 -13369 END
START -4852 -23016 -36 -6180 -3561 -15617 END
START -4440 -22324 1188 -6428 -3785 -17347 END
START -4648 -19840 784 -5172 -4432 -17401 END
START -3516 -19568 1116 -7474 -3772 -18774 END
START -2200 -16612 460 -10089 -2182 -20444 END
START -1256 -16836 840 -12118 -2402 -19583 END
START -888 -15480 872 -7709 -2897 -17608 END
START 196 -15392 1624 -6843 -4128 -16436 END
START 1436 -13976 -56 -7461 -3450 -16124 END
START 2348 -13024 -212 -11727 -2498 -15206 END
START 2744 -12272 -1268 -13029 -2062 -14460 END
START 3144 -11292 -2808 -11358 -1049 -13566 END
START 2532 -9456 -3524 -10403 382 -11957 END
START 2700 -9104 -4188 -10365 1540 -10083 END
START 3016 -8772 -5768 -11659 3104 -8782 END
START 3140 -7684 -6124 -10136 3979 -6515 END
START 3796 -5964 -6924 -8622 6324 -4538 END
START 3244 -5856 -7560 -8957 7799 -2242 END
START 2776 -5416 -6536 -5979 7452 387 END
START 3276 -5460 -7352 -2357 9825 2667 END
START 2184 -5304 -5200 -3368 10797 4268 END
START 2676 -6432 -4432 -3182 10466 6859 END
START 2504 -6248 -4284 -2591 11330 8575 END
START 2208 -6356 -2072 -2106 11711 10720 END
START 1212 -6892 1252 394 9002 13562 END
START 1752 -8080 436 3100 7737 16118 END
START 1260 -8640 1340 -357 8047 16695 END
START 1064 -10340 720 -3353 7099 17488 END
START 160 -14492 3412 5283 4932 18795 END
START 600 -13832 4160 9203 3445 19412 END
START 8 -15212 5252 5634 2161 18984 END
START 336 -17860 4536 287 466 18531 END
START -592 -23104 5528 2474 -1856 16595 END
START -1312 -24904 8324 11739 -4882 15666 END
START 216 -25068 9880 13601 -8345 12832 END
START 1668 -28076 9608 9768 -12553 9133 END
START 1740 -30084 6796 8623 -15095 4056 END
START 1364 -29160 2460 5618 -15842 3690 END
START -32 -28440 -580 2784 -15158 23 END
START 108 -25428 -3776 765 -15996 -2674 END
START -676 -22244 -6432 1762 -15092 -4498 END
START -1808 -18980 -7176 1287 -12874 -3919 END
START -2024 -17568 -6736 1905 -10331 -3458 END
START -2156 -17288 -5332 1196 -8564 -2961 END
START -2720 -16540 -4436 2970 -7669 -2914 END
START -3104 -15104 -5280 329 -6802 -794 END
START -1504 -17716 -3660 2349 -3688 -106 END
START -1012 -16684 -904 2265 -1447 -406 END
START -416 -16888 848 -1269 -3399 -1194 END
START -176 -16452 -524 -967 -3153 -706 END
START 652 -17348 -176 327 -1201 -54 END
START 36 -15856 644 -1544 -940 -1233 END
START 352 -15604 204 -2354 -1278 -1209 END
START -100 -15132 -60 -248 -1438 -46 END
START 808 -16156 -1360 858 -253 -585 END
START 48 -15720 -1012 -1944 1927 -2481 END
START 996 -17164 -948 -4777 2272 -3786 END