START -3284 -20868 5896 2963 1426 -2362 END
START -2052 -23948 6432 4057 -509 2177 END
START -888 -26168 3876 8944 -4748 2777 END
START -840 -26944 2324 6479 -5364 -2306 END
START -592 -27232 3020 304 -4458 -8951 END
START -1576 -25492 4096 -4567 -4208 -13272 END
START -1504 -24996 3484 -8019 -5840 -15289 END
START -1472 -23480 3788 -5811 -7897 -15939 END
START -1036 -20304 2600 -5356 -7381 -16196 END
START -772 -17224 3468 -10278 -6249 -16786 END
START -884 -17148 3496 -12544 -7257 -15842 END
START -188 -17152 2232 -10917 -8018 -14608 END
START 676 -16468 596 -10084 -6265 -14043 END
START 1108 -14644 508 -10789 -4581 -14209 END
START 1816 -12528 -240 -12725 -4352 -12689 END
START 1604 -12324 -1328 -13240 -4464 -11381 END
START 2112 -11596 -3168 -12518 -3130 -9686 END
START 1084 -12520 -4572 -11945 -316 -9405 END
START 924 -11728 -5576 -13881 2115 -9442 END
START 632 -11496 -6336 -13054 3242 -8394 END
START 788 -9720 -8584 -13797 5340 -6645 END
START 1244 -9540 -8772 -14963 8839 -6130 END
START 1464 -8452 -7552 -9987 11142 -4897 END
START 2172 -6772 -6644 -7386 11478 -2560 END
START 2172 -5736 -5448 -7589 10908 1448 END
START 3440 -8024 -5392 -6587 11081 3938 END
START 3844 -8048 -5200 -5195 15239 4445 END
START 3612 -8152 -3692 -7456 14342 7067 END
START 3588 -9560 -2992 -5039 12227 9409 END
START 3700 -9096 -2008 -2158 10522 11077 END
START 3760 -8800 -1736 -479 10697 12312 END
START 3132 -7628 -116 -2464 12161 12994 END
START 2464 -9272 2448 -1499 10587 14697 END
START 1588 -11592 3052 3079 7283 15792 END
START 1156 -11464 2540 5872 5138 16441 END
START 684 -13392 3076 5274 4207 16567 END
START 980 -13792 3352 3055 3954 16943 END
START 396 -13668 5308 2358 3505 16547 END
START -200 -15088 7500 3480 500 16009 END
START -1120 -17932 7128 7170 -4655 16019 END
START -356 -19232 3488 9058 -5398 16613 END
START -160 -19964 3240 5157 -3973 15110 END
START -16 -20640 5104 2552 -5215 13548 END
START -284 -21244 6420 3824 -9188 11440 END
START -2496 -21116 5900 6390 -12055 10383 END
START -1684 -22544 4328 4335 -12018 12439 END
START -2068 -23756 4024 2000 -13100 9372 END
START -2420 -24068 3252 -321 -15251 6666 END
START -2932 -21224 3612 1806 -16386 4431 END
START -3264 -20312 2320 -499 -18178 6504 END
START -4224 -23912 536 -1550 -18590 4357 END
START -4152 -27412 -2012 -1291 -18120 -498 END
START -3736 -28836 -1556 2009 -16915 -7709 END
START -5728 -24520 76 3128 -16417 -11210 END
START -4092 -22920 -924 -1224 -15588 -10556 END
START -4724 -20288 164 -4938 -16883 -10768 END
START -5092 -19140 -2592 -6703 -18138 -11601 END
START -5308 -16384 -5012 -2837 -15486 -12690 END
START -6788 -12908 -8148 -1699 -12257 -7579 END
START -5328 -14924 -7840 452 -7500 -6592 END