START -3412 -19560 5568 6235 -784 1186 END
START -2800 -23076 4272 2387 -750 3924 END
START -2916 -26520 4660 2662 -2407 1009 END
START -1544 -27300 2924 4129 -4793 -2267 END
START -1196 -27740 2560 1075 -6492 -5327 END
START -1648 -29432 1868 -2600 -6715 -9915 END
START -1996 -28168 2560 -2167 -6108 -14637 END
START -960 -24480 1392 -5022 -6611 -15758 END
START -896 -22660 1328 -9473 -5705 -16652 END
START -920 -20428 1680 -10638 -4817 -17642 END
START -284 -18744 2840 -11624 -5265 -17642 END
START -396 -17368 1700 -10232 -5589 -16268 END
START -56 -14704 784 -10316 -4543 -15782 END
START 164 -12400 -144 -12004 -2349 -15649 END
START 208 -11148 -812 -15191 -2502 -13281 END
START 120 -11320 -1996 -14092 -2442 -11081 END
START 864 -10800 -3428 -11876 -981 -9034 END
START 292 -9940 -2924 -10960 815 -8013 END
START 596 -9984 -2452 -10820 1139 -6253 END
START 1060 -9836 -2844 -9939 615 -4465 END
START 1816 -10008 -4476 -8835 1053 -2567 END
START 2608 -9740 -5744 -8360 3876 -2162 END
START 2332 -9448 -6192 -8218 5353 -519 END
START 2900 -9056 -6116 -7720 5969 1164 END
START 2712 -9756 -5012 -5720 6035 2803 END
START 2472 -10888 -4996 -1503 7240 3729 END
START 2768 -10576 -4872 194 8393 4310 END
START 2924 -10004 -3720 -818 8505 5457 END
START 3072 -10296 -2880 -1836 8402 6672 END
START 3356 -10224 -2736 -495 9931 7574 END
START 3044 -9908 -2204 -1016 9469 8378 END
START 3468 -9548 -1628 -794 8294 9725 END
START 3444 -10548 -1576 -468 7328 11407 END
START 2940 -12660 -968 4900 7749 12194 END
START 2280 -12948 328 7771 7710 12378 END
START 2524 -14184 1072 5610 6097 12711 END
START 2372 -15440 668 3882 4910 12278 END
START 1904 -15316 572 2832 5080 12245 END
START 556 -16276 3868 5276 5019 11102 END
START 264 -16960 5424 8303 1976 11390 END
START 952 -17316 3836 7637 -284 11329 END
START 704 -17780 2600 4280 -15 11213 END
START -180 -18788 4160 4216 149 9871 END
START -1020 -18716 5756 6153 -2676 8669 END
START -844 -17576 4388 6606 -5688 9564 END
START -612 -17928 2844 4716 -5974 11153 END
START -1456 -19320 4024 3692 -5874 10639 END
START -2492 -20188 5744 3963 -8162 9555 END
START -2868 -21228 6320 5139 -10419 8239 END
START -3740 -19384 5284 3101 -11979 8041 END
START -3208 -20900 3076 -843 -13616 8024 END
START -3548 -22148 1200 -387 -13509 5673 END
START -3800 -22116 812 1375 -12584 3590 END
START -3308 -20892 1528 1124 -11797 1895 END
START -4604 -20904 3008 523 -12459 1169 END
START -4752 -21904 3748 2424 -14045 -42 END
START -4476 -21612 2332 1725 -14577 -1944 END
START -4788 -20872 1304 -2215 -14312 -4449 END
START -5136 -21112 648 -3280 -15078 -5581 END
START -4828 -20076 -860 1119 -14497 -6525 END
START -4492 -16492 -2840 2340 -13163 -6262 END
START -4576 -14572 -2668 -345 -11796 -6049 END
START -4592 -14496 -2880 -3126 -11537 -6041 END
START -4812 -15460 -4476 -2182 -10334 -4893 END