START 4304 -3424 -76 -1187 717 -913 END
START 4832 -2616 -92 994 267 1989 END
START 4852 -2532 -288 3505 -556 5294 END
START 4368 -2948 -1196 5731 -1313 8386 END
START 3684 -4968 -2848 8171 -562 11277 END
START 3184 -6572 -3168 8519 1673 13404 END
START 2688 -9040 -1600 7867 3178 14045 END
START 2052 -12016 20 9593 2807 13059 END
START 988 -11932 -764 10109 1990 15064 END
START 928 -14592 -1884 6291 3817 18673 END
START 0 -16400 -372 4197 6487 16444 END
START -316 -16312 1784 1835 6927 14146 END
START -756 -14864 3964 3782 5974 13233 END
START -1992 -13908 3016 -781 3468 19973 END
START -2968 -21772 3276 44 2393 21449 END
START -4120 -24120 4480 4735 1430 17909 END
START -4412 -23668 6164 4244 -1105 14551 END
START -4992 -21224 4612 -3848 -2964 16356 END
START -4568 -25844 5792 -5044 -4333 15522 END
START -5196 -26912 5244 -1348 -7657 12908 END
START -5016 -26040 4492 2486 -9732 9947 END
START -4780 -24744 3948 -583 -11675 8218 END
START -4332 -25788 1688 -3798 -13619 6308 END
START -3548 -26120 -1712 -3557 -13288 3138 END
START -3248 -24852 -2652 -2397 -11524 -650 END
START -3240 -23836 -2112 -1470 -10455 -3180 END
START -3692 -23408 -2148 -1399 -9171 -5281 END
START -3956 -22672 -1904 -2962 -9174 -7914 END
START -4664 -22036 -2208 -2459 -8788 -9509 END
START -4312 -20560 -2908 -2318 -7827 -10507 END
START -4224 -18912 -3860 -2557 -6456 -11416 END
START -4376 -18440 -3608 -2121 -4910 -12102 END
START -4748 -16036 -4672 -1420 -3053 -11817 END
START -4448 -16824 -3812 -2291 -914 -10948 END
START -4384 -15996 -2912 -1582 -353 -10599 END
START -4000 -14896 -3456 -2491 446 -9771 END
START -3492 -13512 -3676 -2733 2829 -9401 END
START -2868 -12208 -3212 -4732 3991 -7794 END
START -2544 -11908 -3032 -4371 4997 -5851 END
START -2392 -12760 -1968 -1388 5990 -4661 END
START -2084 -11424 -1692 -795 6267 -3700 END
START -1632 -9968 -2564 -5013 6982 -1575 END
START -1060 -10948 -3324 -7249 8388 933 END
START -1480 -12448 -4084 -2820 10267 2225 END
START -2212 -12844 -4064 2322 11935 2621 END
START -1560 -13276 -3604 882 14058 4515 END
START -1640 -14572 -956 -1953 15687 3506 END
START -1416 -14524 1452 -4403 15370 3154 END
START -1268 -16240 4724 -1282 13098 4169 END
START -508 -17968 6924 1184 8488 5607 END