START 3800 -3024 -1756 -1890 399 -2917 END
START 4716 -1464 -492 1009 603 1997 END
START 4228 -2232 -620 1910 759 6053 END
START 4404 -3460 -840 2758 943 9141 END
START 4168 -6144 -872 3261 452 10861 END
START 4044 -7500 -1380 4968 1416 12763 END
START 3648 -9152 492 5219 2392 13960 END
START 3040 -12100 488 4730 2089 15179 END
START 2832 -14716 64 4619 2251 15319 END
START 2592 -14888 88 4180 3404 14760 END
START 1844 -14576 1564 3559 3954 15353 END
START 1516 -16160 2156 5941 2989 15634 END
START 1360 -16612 1344 4283 2961 15487 END
START 1064 -17520 1420 3617 4149 14625 END
START 376 -17932 2224 3933 3525 13125 END
START -172 -17516 3040 5198 2596 11743 END
START 168 -15728 2420 175 2348 14305 END
START -1356 -18452 3148 -2219 2825 14031 END
START -1956 -20124 3060 -152 1877 12541 END
START -3096 -18792 2920 1255 1203 10745 END
START -3240 -20812 1456 -4766 595 13590 END
START -3684 -23712 1680 -1606 1006 11865 END
START -4608 -24840 2696 -965 556 9209 END
START -5768 -25084 4944 -1089 -1518 7680 END
START -4988 -24240 5996 -3356 -4466 6991 END
START -5004 -23692 4784 -4043 -6503 4618 END
START -4380 -22896 3780 -1396 -7164 2506 END
START -3972 -21120 3484 -2643 -8663 1682 END
START -4288 -23156 5272 -2621 -10145 1192 END
START -3804 -23984 6104 -526 -12388 -1413 END
START -3988 -24308 3100 -254 -12423 -4417 END
START -2916 -24556 1304 -1224 -12808 -7838 END
START -2040 -22952 -1032 3 -13161 -9674 END
START -1724 -21404 -3560 1870 -10756 -11541 END
START -1660 -19516 -4056 -2038 -9660 -13105 END
START -1884 -18172 -5076 -2353 -7995 -13959 END
START -2688 -18940 -4404 1180 -5985 -13453 END
START -2660 -17880 -2620 3160 -5798 -13299 END
START -2244 -16012 -2988 1161 -4994 -12591 END
START -1456 -15520 -3780 -2697 -3060 -12660 END
START -748 -14144 -3728 -4050 -1264 -11380 END
START -108 -13236 -4580 -2305 1458 -10163 END
START 648 -11924 -3668 -4387 3637 -8592 END
START 516 -11652 -2552 -5305 5849 -7569 END
START 264 -11148 -1040 -5356 6669 -5661 END
START 128 -10860 -420 -2913 7647 -3730 END
START 312 -9560 572 -4339 8160 -1916 END
START 680 -10028 616 -7889 7788 494 END
START 496 -10676 -432 -5269 8146 3386 END
START 204 -11628 -488 -1685 9771 4692 END
START -28 -11684 188 -1496 11306 5805 END
START 484 -12272 520 -2121 10285 7225 END
START 652 -14072 -992 -3053 10284 7932 END
START 604 -17060 -1188 -2229 12517 7511 END
START 724 -19876 2452 -791 13700 5938 END
START 784 -21764 6732 -2382 12335 3130 END
START 488 -23524 9924 -1702 9941 826 END