START 3548 -3596 -1116 -512 681 -1496 END
START 4172 -2248 -456 2404 683 1293 END
START 3540 -772 -352 2811 -283 5776 END
START 3584 -2276 -1168 2740 -1073 9562 END
START 2680 -4088 -2068 3937 4 12295 END
START 1336 -6264 -2156 5931 406 13734 END
START 1476 -7988 -1228 10693 487 13300 END
START 1012 -7660 -988 14238 3021 12871 END
START 444 -8464 620 11471 5552 19303 END
START 240 -12548 1840 7997 5135 20685 END
START -1324 -15700 3200 4124 5573 19236 END
START -1364 -17292 3160 5043 4983 17661 END
START -2416 -17364 352 2042 4486 21505 END
START -3396 -23984 1244 2316 4968 20279 END
START -4020 -24592 3100 7407 5965 16468 END
START -3816 -23748 5636 7419 3386 12722 END
START -4964 -21580 6084 4053 2086 11122 END
START -4804 -21684 6392 -275 1091 14067 END
START -5792 -25220 9596 3897 -2086 14971 END
START -4840 -26544 7332 3222 -7652 13555 END
START -4484 -27000 4948 -1525 -9967 10316 END
START -4008 -26132 4024 -3167 -11046 7361 END
START -4404 -25352 4136 -568 -12603 5300 END
START -4316 -26836 2424 -629 -14158 3152 END
START -4188 -27196 904 -1769 -14158 -1026 END
START -3964 -25796 -160 -2343 -14244 -3999 END
START -3400 -25032 -1476 -1264 -13776 -6168 END
START -3656 -23516 -1820 -921 -12052 -9347 END
START -4684 -21776 -1240 -2467 -10882 -10711 END
START -4780 -20800 -1840 -3955 -10258 -11203 END
START -4944 -19652 -2568 -4199 -8729 -12269 END
START -4504 -18384 -2836 -4791 -7008 -12612 END
START -4388 -17536 -3160 -6634 -5253 -12820 END
START -4008 -17332 -3188 -6579 -3930 -12478 END
START -3780 -16348 -2472 -4871 -1494 -12190 END
START -2924 -15472 -1760 -5204 -107 -12590 END
START -2364 -14660 -1892 -7403 502 -11265 END
START -1908 -13820 -1972 -7278 1143 -10154 END
START -1256 -13964 -1764 -5456 3809 -9443 END
START -1264 -12572 -712 -5080 4957 -8579 END
START -1244 -11772 252 -4822 4871 -7943 END
START -652 -9384 -584 -5637 4691 -5451 END
START -24 -8404 -1944 -6370 7111 -3724 END
START 192 -7752 -1980 -5371 8696 -1008 END
START 216 -8252 -2340 -2883 8850 1906 END
START 144 -7964 -3144 -481 9692 4647 END
START -172 -9900 -3488 830 11858 6800 END
START -480 -11720 -2304 -2 13760 7620 END
START -148 -12168 -1956 -3220 14598 9041 END
START -356 -14648 -656 -1906 14478 10447 END
START -724 -17240 1320 3855 14325 10834 END
START -592 -19060 5592 5805 15022 9588 END
START -100 -21140 8352 358 12753 8461 END
START 12 -24644 10716 82 10228 5975 END
START 248 -23860 11832 1893 5853 2648 END