START 3888 -4020 1636 -3469 -584 -4628 END
START 2728 -752 492 -5338 275 563 END
START 2076 -840 -472 -2914 687 3711 END
START 1484 -1308 88 -361 1538 5504 END
START 1296 -984 872 1006 1275 8351 END
START 256 -2460 528 2032 136 12554 END
START 116 -5956 -32 4756 20 15249 END
START 172 -8248 -312 6855 1694 16949 END
START -16 -11548 -160 7128 2266 17425 END
START 0 -12748 188 7361 3185 17446 END
START 112 -13988 964 5290 4012 19728 END
START -384 -16228 3084 5310 3992 19628 END
START -764 -17948 3256 3459 2672 19203 END
START -928 -21616 3064 4542 877 17124 END
START -2140 -22184 1688 6258 1019 18460 END
START -2376 -24760 3988 5829 1369 17193 END
START -2816 -24184 5420 1840 144 14627 END
START -2956 -23860 6992 593 -1356 13364 END
START -3084 -23460 7272 1531 -4619 12816 END
START -3416 -23656 6636 1544 -8572 12223 END
START -3084 -24764 4216 -24 -11640 10473 END
START -2748 -25144 1532 -1467 -12206 7667 END
START -2440 -24352 864 -1425 -11946 4459 END
START -2440 -23572 1276 -108 -12165 1813 END
START -2912 -23060 1288 480 -12514 308 END
START -3416 -23608 1012 -120 -12921 -1788 END
START -3436 -23700 -292 -1442 -13152 -4386 END
START -3268 -23232 -2716 -2220 -11558 -7235 END
START -3864 -22976 -3456 -2057 -9527 -9093 END
START -4104 -21640 -3556 -169 -7473 -10377 END
START -4228 -19588 -3724 -1557 -5623 -11652 END
START -4452 -17452 -3288 -3399 -3377 -12387 END
START -4292 -16104 -3060 -3141 -1207 -11839 END
START -3816 -14484 -2940 -3650 350 -10608 END
START -3416 -13620 -2220 -3298 1459 -9272 END
START -3048 -12568 -1228 -2498 2075 -8072 END
START -2276 -12152 -1592 -2203 3715 -6699 END
START -1844 -11588 -1320 -3286 5632 -5315 END
START -1292 -11468 -1208 -4269 6430 -2809 END
START -1324 -12132 -652 -2431 7456 -388 END
START -1388 -12800 -1080 -1816 8858 872 END
START -1680 -14480 -832 -2933 10255 731 END
START -1532 -15204 -692 -2880 10852 412 END
START -1340 -13884 -896 -1703 11287 1388 END
START -808 -13252 -804 -1812 11911 2345 END
START -832 -13972 -564 -2079 12743 3222 END
START -916 -14848 96 -1203 13070 3562 END
START -972 -15068 420 -808 13239 3477 END
START -312 -15324 1456 -3217 13319 3132 END
START -812 -16548 3836 -3379 12478 2967 END
START -1112 -19004 6244 144 10641 2762 END