START -3364 -21000 3636 4593 2320 6819 END
START -2124 -22576 2804 1732 1640 4670 END
START -2032 -25064 1728 4122 2381 206 END
START -452 -25292 80 5900 1660 -1202 END
START 580 -27088 972 6120 86 -3618 END
START 1016 -27308 808 1092 -2454 -6535 END
START 344 -26632 -260 -2132 -1016 -11779 END
START -128 -24736 676 -4348 -1383 -14151 END
START -760 -22652 468 -3116 -1642 -14024 END
START -380 -21572 444 -3206 -861 -14835 END
START -268 -19952 1372 -4956 -501 -15821 END
START -728 -19244 1876 -6003 -2290 -16263 END
START 156 -17404 1708 -5126 -3373 -13162 END
START 932 -16980 1608 -3265 206 -13332 END
START -640 -15888 3832 -4418 435 -14590 END
START -904 -14932 4184 -7296 -2060 -12993 END
START 756 -12624 2336 -7510 -2728 -10335 END
START 1920 -12428 -828 -7245 -1042 -9997 END
START 1736 -12104 -1756 -5644 389 -9383 END
START 1104 -11396 -2624 -4809 1033 -8457 END
START 1008 -11576 -3260 -4677 1751 -8112 END
START 1008 -11780 -3940 -4483 2304 -7434 END
START 284 -11552 -4204 -4333 3234 -7692 END
START 1452 -9996 -4092 -5909 2911 -6807 END
START 1508 -9128 -5232 -5916 3638 -4609 END
START 2240 -8504 -5568 -2992 6242 -3662 END
START 1772 -7724 -5412 -3356 7588 -3367 END
START 2068 -6672 -3736 -4750 7248 -1408 END
START 3104 -5980 -3520 -7885 6945 1070 END
START 3256 -6220 -3896 -13228 9002 2524 END
START 3336 -7116 -2916 -13870 11263 3895 END
START 2904 -6688 -812 -6562 10360 7407 END
START 3396 -7752 808 466 7223 11742 END
START 3752 -7976 776 1201 5048 14176 END
START 3224 -9700 332 -1858 5741 14927 END
START 2104 -12272 1404 -3838 6759 15019 END
START 496 -15852 3556 -1377 5212 15993 END
START 244 -16788 4520 4611 3490 15429 END
START 1028 -16240 4708 6003 3078 14274 END
START -12 -15856 6436 3489 1268 14279 END
START -184 -17996 7716 2016 -2735 14616 END
START -32 -20524 7040 6064 -5732 12862 END
START -608 -17652 5504 9989 -6785 11659 END
START 752 -17304 4172 3634 -7177 14434 END
START 416 -20064 4308 743 -7103 12968 END
START -948 -21772 5720 501 -7881 10719 END
START -1760 -22656 7400 2384 -11192 8159 END
START -2640 -22172 5336 1660 -13792 9683 END
START -2332 -24264 3976 400 -14012 8485 END
START -3320 -24504 4300 -739 -14976 5958 END
START -4400 -23308 5108 -663 -16257 2765 END
START -5720 -22324 4348 195 -18775 1781 END
START -5900 -21956 1812 220 -20308 2809 END
START -6264 -23076 -344 1920 -19212 1129 END
START -5752 -22452 -3496 1601 -18495 -2302 END
START -4332 -21300 -5600 -881 -16832 -5254 END
START -4340 -20052 -6084 -2337 -14498 -5309 END
START -4176 -19448 -5456 2582 -12159 -6272 END
START -3796 -17112 -5860 3805 -10755 -6667 END
START -3596 -16168 -5384 4239 -8423 -7627 END
START -4344 -14228 -5688 1405 -7765 -6592 END