START -3300 -21048 4612 2562 4892 3259 END
START -3636 -23040 3896 2850 5074 1977 END
START -3212 -24188 3080 2855 5130 -1718 END
START -3396 -23944 2876 857 2796 -4906 END
START -2788 -23744 2620 -1453 -381 -6724 END
START -3140 -25092 2384 -1369 -2226 -7925 END
START -3728 -25616 3356 1318 -2119 -10277 END
START -3112 -25508 3756 -257 -3916 -12451 END
START -2764 -24672 2300 -4668 -5102 -14390 END
START -2844 -24740 3136 -7808 -4951 -16105 END
START -3408 -23944 2512 -6572 -2636 -18363 END
START -2912 -21608 4136 -8175 -2814 -20215 END
START -2552 -19380 4348 -8894 -4066 -19826 END
START -1812 -16584 4536 -8058 -5020 -18525 END
START -704 -14476 3100 -9841 -5190 -17623 END
START -8 -13336 2472 -10808 -4425 -16810 END
START 8 -12168 1308 -9843 -4331 -14535 END
START 472 -11248 -1092 -9524 -4253 -12196 END
START 1568 -10624 -2284 -10499 -1422 -11454 END
START 1644 -10132 -2492 -11830 760 -11241 END
START 1224 -9632 -2880 -10595 -69 -8480 END
START 1556 -8708 -4640 -9405 -170 -5275 END
START 2568 -9952 -6308 -11084 2356 -3892 END
START 1904 -10892 -6280 -9857 5572 -4249 END
START 1672 -10896 -5252 -7656 5685 -3566 END
START 1988 -9092 -4920 -7311 5181 -1257 END
START 2720 -9296 -5780 -7786 4255 1574 END
START 2748 -9464 -6312 -4967 8482 1254 END
START 2136 -8688 -4428 -6363 9587 2010 END
START 2396 -8032 -2904 -4858 9137 3650 END
START 2384 -7364 -1624 -1754 7235 6190 END
START 2748 -7616 -1124 288 5687 8339 END
START 3284 -8360 -1308 565 6661 8894 END
START 2876 -9032 -1132 -971 6216 10117 END
START 2708 -10200 -120 2273 6132 10553 END
START 3356 -10956 1136 5412 5669 10897 END
START 3288 -11260 2292 6926 5262 10568 END
START 3380 -10728 1708 5969 5170 12512 END
START 3520 -11896 660 4167 5876 13420 END
START 2816 -14020 1100 4235 7616 13345 END
START 1376 -14196 3664 7051 7869 12577 END
START 1336 -12780 7620 10675 5452 13694 END
START 1392 -13420 8580 8798 2473 16915 END
START 704 -15512 7280 3742 238 17397 END
START -404 -18556 7656 2678 -486 15425 END
START -2124 -18640 10376 6213 -2684 15249 END
START -2180 -17692 10308 4999 -8009 18880 END
START -2636 -21500 8656 2686 -12265 18560 END
START -3772 -23972 7736 4157 -12445 16242 END
START -5772 -24124 7808 3085 -14592 14230 END
START -5756 -24496 6068 -1231 -18026 14571 END
START -6232 -28728 4224 -2332 -18694 10048 END
START -7200 -28916 5816 1429 -18571 5104 END
START -8712 -28512 6000 3006 -23185 2425 END
START -9412 -25244 2028 1576 -25448 491 END
START -7932 -23212 -1480 -5640 -25310 -983 END
START -6652 -20584 -3752 -8770 -23547 -5632 END
START -7728 -17292 -5320 -6499 -21655 -7114 END