START -3356 -20548 -1608 8228 -3843 -3591 END
START -1624 -21544 -3264 2401 -3358 858 END
START -1432 -23728 -3564 -1915 -2864 -1373 END
START -1588 -24588 -4404 -275 -3931 -1989 END
START -1172 -25380 -4544 2996 -2899 -4206 END
START -1868 -25700 -3344 1408 -1747 -7930 END
START -2836 -24352 -1628 -4733 -1444 -11043 END
START -3304 -25040 44 -7238 -1106 -12999 END
START -3212 -21904 556 -5620 -2463 -13429 END
START -3112 -21328 -376 -6284 -4659 -14024 END
START -1320 -20296 -2292 -6701 -1604 -15438 END
START -2256 -18612 28 -8608 -390 -16579 END
START -2436 -16736 896 -6210 -3012 -15393 END
START -900 -14988 -240 -3800 -5557 -12154 END
START -400 -12908 -1884 -5699 -1780 -11864 END
START -1156 -12864 -492 -11446 -75 -12812 END
START -564 -12684 -652 -9692 -1458 -11722 END
START 292 -10732 -1864 -7023 -4359 -8434 END
START 1820 -12372 -6180 -5507 -1566 -7200 END
START 1628 -10708 -5080 -6761 2411 -7964 END
START 520 -12252 -3476 -5575 785 -7242 END
START 248 -12416 -4864 -2513 -1930 -4779 END
START 768 -12948 -8364 -2701 2656 -5956 END
START -524 -10572 -6520 -6318 5624 -6608 END
START 56 -9368 -5820 -8423 4259 -5469 END
START 1632 -6900 -6616 -7575 2672 -2501 END
START 3148 -6908 -10816 -4730 5336 -123 END
START 1500 -5640 -9364 -3424 9351 440 END
START 1084 -6460 -6876 -1087 8527 2220 END
START 1076 -6612 -5588 1013 7897 4718 END
START 1768 -7416 -5552 -406 9588 5954 END
START 1140 -8972 -3636 -457 10714 6770 END
START 1460 -8576 -2084 2738 9570 8266 END
START 1712 -8204 -2004 2826 9134 9204 END
START 1632 -8532 -1280 995 9724 10559 END
START 744 -10796 832 2476 9119 11508 END
START 848 -11636 2988 9020 7171 12123 END
START 1040 -11420 4168 8543 5252 13213 END
START 1300 -11888 4936 5208 4032 14396 END
START 1932 -14444 3596 1420 2676 15010 END
START 1216 -17368 3128 5271 963 14965 END
START 652 -19728 4824 10720 -928 13257 END
START -592 -16816 6492 12744 -1741 13649 END
START -408 -15796 8856 6205 -3765 14585 END
START 4 -20088 5912 -486 -8144 14734 END
START -704 -24576 3680 3074 -8542 12053 END
START -1440 -24692 6268 9834 -9776 6651 END
START -3188 -21224 6256 13158 -12835 7469 END
START -1676 -21632 4252 4091 -14141 11684 END
START -2080 -24108 2040 -4668 -14009 7986 END
START -3536 -25188 2440 -6213 -15172 4277 END
START -3796 -24456 2668 658 -17525 1927 END
START -4012 -20376 180 2175 -17005 2858 END
START -4248 -21880 -1792 -2041 -15794 2239 END
START -4872 -24044 -3700 -5423 -14928 -1378 END
START -4192 -25240 -3672 952 -13509 -5290 END
START -4448 -20112 -4212 6818 -12161 -6046 END