START -2828 -20040 2244 2984 1301 -3433 END
START -1872 -20872 400 4067 -1395 2823 END
START -1360 -22744 972 3589 -1352 10 END
START -672 -22052 1644 -2655 -2941 -3267 END
START -272 -23852 2088 -8293 -3941 -8337 END
START 760 -23616 60 -8103 -4767 -9259 END
START 556 -23148 -1788 -4193 -2522 -11611 END
START 380 -20916 -512 -5682 -2632 -12448 END
START -372 -19556 -380 -6614 -4089 -12987 END
START 4 -19920 -1960 -7851 -3221 -13820 END
START -68 -18464 -1380 -6585 -1659 -13874 END
START -304 -17600 -1080 -6261 -1608 -14269 END
START 772 -16436 -1524 -8938 -2463 -13370 END
START 352 -15668 -1116 -10634 -2585 -12115 END
START 100 -16352 -972 -8465 488 -13006 END
START -1080 -13836 1488 -7662 -785 -11309 END
START 736 -15004 -148 -5981 -3322 -9690 END
START 1828 -13756 -2404 -4045 -4589 -7190 END
START 2896 -12856 -3440 -4344 -1138 -7498 END
START 2720 -11412 -3220 -9375 -764 -6592 END
START 2924 -12640 -4104 -9316 -1659 -5766 END
START 2652 -12184 -5708 -6200 -2626 -4193 END
START 3468 -11228 -7908 -4665 3298 -5140 END
START 1712 -9748 -4120 -7793 4929 -4980 END
START 2312 -9716 -3784 -7424 3124 -2831 END
START 2880 -10032 -6036 -5255 1434 -868 END
START 3280 -10868 -9332 -3582 4851 -1590 END
START 2856 -8508 -9168 -6344 7487 -444 END
START 2204 -8588 -7464 -6444 8637 574 END
START 2512 -8088 -6892 -57 9799 2662 END
START 2564 -7044 -6220 -717 11694 3250 END
START 2196 -7188 -4900 -1661 12080 4540 END
START 2908 -8436 -3604 -37 11882 6513 END
START 3128 -7712 -2620 3829 12935 8008 END
START 3128 -8260 -1556 1737 12689 9737 END
START 3808 -10244 -2660 -3687 12192 10560 END
START 2684 -13220 -2360 -712 12454 11151 END
START 1552 -12756 -512 4023 12545 11869 END
START 2508 -13752 488 1814 11634 12388 END
START 2140 -14700 148 -5948 12517 12182 END
START 1448 -18072 2452 -7399 10692 12502 END
START 2588 -18020 3580 5043 7007 13768 END
START 3760 -17008 2688 9283 3908 13857 END
START 3312 -16224 3104 6262 3445 13697 END
START 1988 -15444 3696 -234 2488 14463 END
START 980 -18084 5200 -392 -211 14724 END
START 1004 -19320 5600 6274 -4543 15526 END
START 1064 -20620 3444 7205 -7780 14242 END
START 608 -19916 1364 2808 -8900 14431 END
START 120 -21244 1112 -2153 -8519 12243 END
START -1312 -21932 2816 -5858 -10531 9864 END
START -2384 -21788 3420 -3406 -14015 10489 END
START -3220 -20516 1980 -2498 -17075 10367 END
START -3492 -22088 -804 -4931 -17348 8406 END
START -4292 -22844 -516 -6320 -17423 4645 END
START -5132 -23320 -1136 -1993 -19363 2257 END
START -5168 -23616 -1868 3632 -19515 498 END
START -5284 -23520 -3636 2886 -18203 -662 END
START -6144 -23416 -2980 624 -17459 -5274 END
START -5732 -24600 -1240 3231 -18712 -9439 END
START -6820 -18100 -3032 5318 -19695 -10505 END
START -4488 -15680 -4832 -1817 -19011 -9027 END
START -5484 -14172 -6816 -5427 -16881 -10466 END
START -5220 -15264 -7584 -1147 -14257 -10089 END