START -520 -18224 2016 -731 3410 1545 END
START -2240 -18504 2244 -2815 3701 813 END
START -1256 -20716 3872 1813 1413 621 END
START -1068 -21912 3700 4743 1042 -830 END
START -808 -22788 4260 3318 804 -3083 END
START 288 -23264 5428 1626 175 -4398 END
START 732 -23908 6172 1551 -2036 -7219 END
START 744 -21512 6000 1594 -4447 -8709 END
START 924 -21040 6104 -1315 -7458 -9031 END
START 1104 -20568 4712 -3238 -9723 -10101 END
START 1472 -19492 2864 -5336 -9152 -11533 END
START 1600 -19584 2836 -5896 -8642 -11445 END
START 1760 -19536 2792 -4704 -8930 -11277 END
START 2368 -18220 1388 -5683 -10171 -11160 END
START 2444 -18744 796 -8340 -9526 -12207 END
START 2404 -18052 -884 -9676 -8257 -12953 END
START 2344 -18028 -3300 -11707 -7560 -12049 END
START 2532 -18792 -5104 -12074 -4810 -11498 END
START 3424 -18376 -3424 -9251 -177 -12717 END
START 3352 -15704 -2308 -9545 400 -12774 END
START 2624 -14076 -2952 -12768 368 -11395 END
START 2780 -14848 -4700 -15473 1704 -10181 END
START 2400 -12576 -4152 -15867 4293 -9808 END
START 2796 -11088 -3984 -15529 4177 -7859 END
START 3800 -10872 -5688 -12161 4802 -5449 END
START 3492 -9896 -6280 -9651 7366 -5185 END
START 3452 -7148 -5620 -10106 9913 -3488 END
START 2712 -8080 -3220 -8409 10166 -1517 END
START 3168 -6236 -2488 -8355 8788 1593 END
START 2848 -6860 -2040 -7336 6818 4794 END
START 3040 -5620 -2996 -5056 9255 6027 END
START 3060 -4944 -1228 -6524 10035 7867 END
START 2720 -5288 -624 -6672 8421 10980 END
START 2868 -7444 -588 -3546 5762 13610 END
START 3840 -8924 -2164 1840 6024 15758 END
START 2940 -8880 -2188 2006 7486 15929 END
START 2800 -9652 -812 330 7723 16378 END
START 2680 -10264 48 82 7350 16904 END
START 1588 -12336 2228 4241 6426 17270 END
START 728 -12060 3916 9377 6011 17146 END
START 448 -13068 4780 8482 5418 17893 END
START 416 -14940 5132 5241 4577 17341 END
START -904 -16184 6904 3030 2778 16555 END
START -1588 -16908 8120 7913 1055 15927 END
START -2024 -16384 8900 10687 -1000 17158 END
START -1524 -18372 7744 7383 -4515 17530 END
START -2108 -22712 6824 8598 -6439 16725 END
START -3140 -24656 7380 10649 -6851 14506 END
START -4088 -25572 10244 10969 -8163 11819 END
START -4844 -25132 11388 7048 -12172 11203 END
START -5288 -27564 9788 1260 -18062 9486 END
START -5468 -27820 7852 2831 -20426 6739 END
START -7116 -25832 5032 1354 -23072 4579 END
START -7816 -26700 1500 -1719 -25981 2685 END
START -7776 -27080 -2012 -987 -25740 140 END
START -6368 -24476 -5404 1218 -21705 -2742 END
START -6484 -21136 -6912 -1212 -19596 -5575 END
START -5392 -19296 -8308 -2830 -16921 -6919 END
START -4708 -18272 -8520 -1566 -13914 -7154 END
START -4172 -15248 -8164 425 -11031 -6844 END
START -3640 -13932 -8120 -2424 -7933 -5791 END
START -3404 -14076 -5312 -3384 -5079 -6606 END