START 3520 -2360 -4172 255 -960 -2039 END
START 2404 -1744 -4036 1184 721 -375 END
START 2308 -224 -3372 1368 491 1325 END
START 2088 80 -3740 694 658 3910 END
START 1736 -912 -4084 2092 1897 6999 END
START 1144 -1920 -4344 4236 2478 9695 END
START 1416 -3380 -4272 4245 2805 11819 END
START 1776 -5436 -3296 5977 4016 12827 END
START 1476 -8756 -1532 6586 3896 13386 END
START 436 -10496 -1128 10848 1884 14975 END
START 620 -12760 -1980 12785 1396 18095 END
START 372 -15808 -1016 13140 4759 16188 END
START 200 -15804 2596 12690 6177 14057 END
START 792 -15328 5092 13860 4013 14140 END
START 296 -14892 4788 13487 2192 15732 END
START -688 -12792 4096 9966 4280 17866 END
START -2072 -16260 7220 7543 4197 19625 END
START -2848 -24252 6944 11900 -2869 21170 END
START -2220 -26240 2768 14501 -2816 17997 END
START -2368 -22800 2804 5428 2193 15393 END
START -2796 -25352 8088 -1638 926 14684 END
START -3128 -28540 8660 4706 -3906 13988 END
START -3040 -29536 7084 7962 -6585 11759 END
START -3588 -28896 3948 1921 -7680 8535 END
START -3096 -29624 2712 -1027 -7398 4370 END
START -3136 -27132 1776 -41 -7857 1607 END
START -2684 -25256 1052 -1014 -8934 -769 END
START -2964 -24860 592 -4074 -9295 -2748 END
START -4500 -26000 136 -2426 -10414 -4548 END
START -5420 -25836 -1904 -333 -9575 -6264 END
START -5540 -25080 -2096 -1462 -8364 -8479 END
START -5264 -23904 -1648 -1992 -8483 -9335 END
START -5140 -22696 -948 -1127 -8048 -11493 END
START -4020 -20608 -1284 -3316 -7749 -11389 END
START -4028 -18416 -1524 -4746 -6376 -12383 END
START -3592 -16536 -2240 -6451 -5446 -11437 END
START -3884 -16148 -2064 -3971 -4791 -10910 END
START -3352 -14932 -3328 -5005 -3483 -10193 END
START -2652 -14144 -3216 -7231 -281 -11064 END
START -2488 -13664 -2400 -6912 1886 -9847 END
START -2016 -11692 -2452 -6132 3250 -8673 END
START -1080 -10676 -2396 -7045 4426 -7487 END
START -680 -9804 -2024 -7242 5849 -5948 END
START -852 -9904 -2568 -5745 7570 -4149 END
START -572 -9496 -2096 -4188 8823 -2124 END
START -284 -8960 -1272 -5413 9702 127 END
START -172 -9244 24 -5311 10372 1714 END
START -252 -9332 888 -2004 10853 3301 END
START 108 -9684 2264 172 9771 4964 END
START 308 -9608 2232 -973 8997 7940 END
START 540 -10332 808 -1693 9606 8931 END
START -160 -11672 764 -1031 10209 9443 END
START -856 -13132 1148 1844 9605 10730 END
START -944 -14520 1992 3306 9038 11381 END
START -896 -14316 3240 4868 7440 12204 END
START -1432 -16048 4628 4003 5293 14158 END
START -1784 -19756 4400 6021 3892 14131 END
START -1756 -24796 3876 7678 5546 9862 END
START -2000 -27800 4612 5248 6276 5419 END