START 4024 -2848 -272 2421 1902 2155 END
START 2884 -996 64 4008 567 7042 END
START 2416 -2352 -1196 6387 -714 10777 END
START 2108 -4116 -2204 7680 -144 13620 END
START 1632 -6596 -2780 8100 570 15288 END
START 1484 -8888 -2292 9161 1608 15364 END
START 716 -9760 -1480 10783 1291 16638 END
START 668 -13076 -1524 11436 227 18748 END
START 508 -16752 -2916 11178 1332 18397 END
START 400 -18224 -2120 11965 4666 16473 END
START 128 -16588 1440 12812 5913 14533 END
START 192 -15388 3136 10204 6031 18272 END
START -820 -19208 4464 6734 5212 20648 END
START -1508 -23688 5312 10439 3410 19620 END
START -1796 -22576 6044 12186 3412 16098 END
START -2528 -19752 7800 7452 2360 15798 END
START -3148 -21040 7200 379 -604 18809 END
START -4216 -24848 6072 784 -3031 16860 END
START -4600 -26528 6560 6824 -5773 13653 END
START -3820 -25360 6024 5605 -7956 11172 END
START -3928 -25724 5272 125 -9071 9027 END
START -3396 -26752 2404 -5903 -10956 7092 END
START -3164 -28064 -720 -5313 -10740 3065 END
START -3604 -26376 -1304 -428 -10133 -1083 END
START -3296 -24660 -208 344 -9090 -4420 END
START -4232 -23656 856 -3239 -8845 -5805 END
START -4552 -22564 540 -4965 -9157 -7873 END
START -4656 -20900 -1032 -2618 -9001 -9608 END
START -4460 -19580 -2012 -1739 -7815 -10635 END
START -4972 -17692 -2536 -2931 -5948 -10577 END
START -4964 -17476 -2080 -3933 -4890 -10247 END
START -4952 -16140 -1812 -2018 -3962 -10639 END
START -4844 -14524 -2648 -2546 -2553 -9314 END
START -4248 -14108 -3204 -4624 -1223 -8002 END
START -4184 -14428 -2792 -3833 685 -7001 END
START -3752 -14584 -2084 -2157 2796 -6824 END
START -3092 -13384 -1436 -3045 3464 -6303 END
START -2396 -12536 -1188 -3933 3483 -5021 END
START -1924 -14264 -1668 -1660 5678 -3449 END
START -1436 -13156 -1076 -1877 7069 -2861 END
START -940 -13080 -704 -3121 7403 -1958 END
START -676 -12132 -1268 -2899 7978 -254 END
START -232 -12100 -1708 -2640 9154 1093 END
START -536 -12744 -1848 -1459 10090 1656 END
START -1108 -13376 -2088 -938 11023 2728 END
START -1056 -13776 -1468 -2342 12097 3954 END
START -1000 -14600 -964 -4559 12197 4783 END
START -932 -15624 952 -4193 12010 5000 END
START -816 -16932 2908 -4341 11572 5313 END
START -612 -19352 5548 -4188 10838 4926 END
START -328 -20952 7376 -3774 8596 3894 END
START 296 -21444 7444 -2449 4415 2799 END