START 1852 3424 -2268 -2880 2352 2369 END
START 936 3740 -1208 713 1119 5058 END
START 1244 3852 -992 5671 564 8734 END
START 1368 1908 -540 5230 1242 12388 END
START -52 -440 900 3787 2530 14424 END
START -1400 -6084 1192 3488 -581 17413 END
START 220 -10476 -1164 8568 -2968 20364 END
START 1776 -12336 -1956 8052 -1352 20701 END
START 1660 -15760 128 7186 274 20092 END
START 832 -19308 252 10090 -1454 20954 END
START 2164 -21836 -1956 12037 -1618 20472 END
START 2068 -21912 -1168 10810 2538 18036 END
START 680 -19544 3072 10158 4532 16929 END
START 1284 -20044 4668 10039 -11 19116 END
START 860 -23736 2620 11199 -1486 19990 END
START 640 -24088 1884 10912 1409 17828 END
START -228 -21096 6192 7968 2662 16936 END
START 496 -24600 8912 5556 -3524 18565 END
START 36 -28376 5284 5384 -9829 18839 END
START -532 -29780 1612 3650 -8785 14994 END
START -936 -30796 3164 1448 -7672 10409 END
START -840 -32768 3800 421 -10661 6668 END
START -336 -32344 2288 -1981 -12260 2483 END
START -260 -30964 808 -4272 -11679 -2323 END
START -1000 -28964 788 -3904 -11682 -6362 END
START -1472 -26332 1256 -4157 -11772 -9660 END
START -1612 -23528 1320 -4404 -11494 -11617 END
START -2340 -20576 228 -5336 -11663 -13043 END
START -2676 -19012 -520 -6540 -10898 -14257 END
START -2784 -15792 -656 -5652 -9618 -14573 END
START -2772 -12876 -1348 -6086 -8872 -13497 END
START -3124 -9996 -2116 -5433 -6869 -12172 END
START -3168 -8160 -4036 -5406 -6423 -8863 END
START -3280 -8196 -6436 -2217 -3972 -5812 END
START -3844 -9000 -8528 -1136 -1719 -3115 END
START -3648 -11448 -10304 -1368 2332 -2006 END
START -3840 -14096 -11136 -2118 5354 -819 END
START -3508 -15996 -10940 -1505 9156 -500 END
START -3136 -16224 -8404 -642 13121 -585 END
START -3044 -16544 -4696 -799 15573 -541 END
START -2528 -16524 -1204 -1142 16413 -71 END
START -1880 -16036 772 -2439 15572 1157 END
START -744 -16116 -124 -3518 15013 2252 END
START -40 -15668 -1388 -5040 15572 3080 END
START 256 -15396 -2292 -5247 17178 3406 END
START -280 -15692 -1928 -4887 18759 3559 END
START -552 -17552 304 -4125 19023 3584 END
START -696 -18524 4992 -1641 17971 2664 END
START 348 -18888 8608 -1562 14999 2015 END
START 1400 -19784 11216 -2343 11195 834 END
START 3456 -20052 12244 -1655 7331 -891 END
START 4884 -19632 12232 1117 4158 -3198 END