START 3988 -5044 -440 759 -455 1997 END
START 3136 -3316 -1428 3122 826 5867 END
START 2712 -4932 -1464 5225 501 8144 END
START 3020 -6356 -1960 7216 743 9947 END
START 3184 -8060 -2352 8591 1687 10723 END
START 3056 -9004 -2328 9077 3476 10805 END
START 2524 -8800 -1236 7397 4981 12186 END
START 2356 -10820 56 7001 4226 14132 END
START 1904 -13592 652 9830 2535 15624 END
START 1540 -16076 208 13344 1670 15226 END
START 824 -17012 800 13607 2653 13230 END
START 592 -15168 1400 8828 3731 14211 END
START -244 -15868 1064 1579 3090 19085 END
START -1264 -20232 808 1777 1875 20066 END
START -1960 -21676 1684 8097 2975 16219 END
START -3092 -22140 3912 10451 3558 14441 END
START -3216 -22208 5036 6735 1714 16603 END
START -2756 -23708 5300 2809 828 15783 END
START -2964 -24760 6092 827 -1298 13738 END
START -3236 -25896 4888 2855 -5123 12088 END
START -2948 -27464 3020 4208 -6730 10508 END
START -2160 -26196 1748 2404 -6061 7190 END
START -2436 -24852 2452 -1178 -5713 4119 END
START -2380 -24168 3064 -2746 -6678 2004 END
START -2628 -22656 3472 -1037 -7836 138 END
START -2488 -20632 2592 -2885 -8835 -841 END
START -2768 -22160 -16 -6629 -10193 -2278 END
START -3048 -23708 -1868 -4990 -8808 -5114 END
START -2588 -22040 -2532 -1935 -7115 -7480 END
START -2776 -20676 -2076 -1510 -5464 -8748 END
START -3664 -19608 -528 -1932 -4625 -9515 END
START -3844 -18752 -216 -3217 -4878 -9565 END
START -3964 -17372 -328 -2222 -4541 -10032 END
START -3820 -16200 -1132 -1838 -4093 -9842 END
START -3516 -15688 -1580 -3105 -2769 -8854 END
START -3816 -15516 -1528 -4111 -2462 -8317 END
START -3624 -15200 -2852 -3092 -1333 -8541 END
START -3120 -14188 -3712 -3538 577 -8094 END
START -2936 -12708 -4052 -3218 2789 -7151 END
START -2404 -12920 -4304 -3142 3571 -5248 END
START -2180 -12980 -4928 -1416 6033 -4206 END
START -1812 -13304 -4512 -2031 9056 -3767 END
START -1648 -13192 -2436 -3691 10820 -3470 END
START -1428 -13468 -524 -2784 10769 -2246 END
START -1040 -12568 640 -1338 11321 -694 END
START -512 -12092 2024 -2501 10753 1200 END
START -384 -12056 1912 -2888 9809 2996 END
START -188 -11376 1756 -2039 8801 4160 END
START -76 -10044 568 -2436 7766 6702 END
START 44 -9240 -1316 -3722 8379 9424 END
START -516 -10140 -2968 -3880 10119 11234 END
START -2108 -15272 516 1568 11136 11806 END
START -2304 -18632 4556 5343 9212 11896 END
START -1672 -20988 6264 695 5729 11160 END
START -1148 -25416 7056 -1891 3073 9000 END
START -920 -27636 6120 1000 1905 4543 END