START 2548 -724 -228 -1111 2989 -6362 END
START 2444 940 -824 -284 4857 -3195 END
START 2076 1296 -388 765 5697 -1460 END
START 1444 2840 -204 2984 3751 1165 END
START 1720 3172 -812 4167 2004 4322 END
START 1732 2164 -792 4984 1252 7248 END
START 1292 580 -820 4166 149 10810 END
START 752 -2408 -748 5242 127 13734 END
START 564 -6588 -424 8459 -1453 16579 END
START 1096 -10400 -2492 10984 -1394 18388 END
START 1284 -12880 -2900 12381 612 18222 END
START 692 -13760 -1428 11525 2759 18318 END
START 304 -15144 932 11247 3227 18701 END
START 752 -18420 1476 10510 2497 19568 END
START 540 -21700 36 10551 3806 18574 END
START -576 -20784 1012 13619 6145 17164 END
START -1016 -18464 3864 11537 6271 16961 END
START -1016 -20116 5872 7939 4373 18713 END
START -1752 -21492 5212 8967 2567 19123 END
START -2156 -23060 3900 10138 2162 19181 END
START -3216 -23400 5832 7352 2958 18008 END
START -3108 -25412 8612 4332 1265 16679 END
START -3160 -28408 8088 2869 -4078 16333 END
START -3280 -31672 4136 1724 -6431 13713 END
START -3396 -32712 3688 -403 -4863 8021 END
START -3112 -32768 5104 -949 -5951 3282 END
START -2808 -32768 3940 -2379 -7291 -1634 END
START -2180 -30944 4260 -3752 -7309 -6975 END
START -2948 -27804 6204 -1123 -6954 -11234 END
START -2292 -23044 7764 -1328 -8627 -13913 END
START -2640 -18420 7804 -3529 -10902 -14801 END
START -3036 -14408 5688 -5307 -12257 -14626 END
START -2780 -11612 3532 -5237 -12742 -13737 END
START -2616 -8728 1768 -4634 -13143 -11060 END
START -3008 -9380 -228 -3316 -12689 -7943 END
START -2984 -9892 -1212 -1903 -11617 -5929 END
START -2744 -10756 -2060 -30 -9316 -4607 END
START -2996 -11956 -2400 -995 -7565 -3327 END
START -3120 -12984 -3600 -2457 -6031 -2000 END
START -2992 -13888 -5384 -1415 -3999 -1109 END
START -2856 -15724 -6976 160 -825 -1097 END
START -2668 -17328 -8300 -619 2558 -1462 END
START -2992 -17656 -8820 -976 6006 -1942 END
START -2516 -17220 -8536 -1591 9793 -2044 END
START -2912 -16772 -6728 -780 13050 -1750 END
START -2908 -16972 -5592 -1072 14802 -790 END
START -3040 -17736 -5324 -2166 17175 -477 END
START -3348 -18360 -4776 -3487 19248 -557 END
START -2960 -18384 -3840 -4088 22057 -1435 END
START -2252 -16688 -388 -6043 23303 -1616 END
START -2304 -17076 3236 -6173 22969 -1081 END
START -1460 -17296 7828 -4949 20715 -628 END
START -296 -16620 11412 -3688 18058 -1256 END
START 784 -16328 14332 -3926 14969 -2088 END