START 4984 4 -2192 -1755 2092 5362 END
START 4776 -280 -1780 -75 3685 9413 END
START 3492 -1716 -1060 2269 2012 11171 END
START 3576 -3564 -2256 2943 206 12008 END
START 2756 -5708 -4216 4650 1632 14409 END
START 2832 -8052 -3932 4691 4651 14960 END
START 1432 -9420 -2076 5238 6983 16464 END
START 1232 -10940 -580 4855 6362 18184 END
START 556 -12400 404 5240 6072 19739 END
START -488 -13788 3188 7185 5655 21139 END
START -340 -16236 3752 4581 3060 22057 END
START -344 -18860 2696 2685 2195 22177 END
START -1024 -21156 3304 3309 2534 22188 END
START -1824 -21652 5492 3323 1871 20946 END
START -1744 -22700 7208 1722 -567 19781 END
START -1496 -22936 7208 -1322 -3387 19602 END
START -2816 -23832 6848 -978 -5133 17908 END
START -4028 -23280 8112 -1053 -7613 17064 END
START -4264 -25156 7728 -1382 -11168 15925 END
START -2604 -26676 3596 -2263 -14418 14101 END
START -1888 -27400 -196 -3512 -13608 10046 END
START -2020 -27104 488 -2495 -12455 5663 END
START -1892 -26780 356 -1985 -13045 3480 END
START -2536 -27188 -772 -947 -12321 -75 END
START -3072 -26820 -1420 -1461 -11424 -3475 END
START -4188 -25648 -2212 -1516 -10116 -6662 END
START -4608 -23484 -1712 -1125 -9357 -8972 END
START -4376 -21672 -2476 -1562 -8441 -10430 END
START -4592 -19760 -1892 -1860 -7487 -11862 END
START -4564 -18252 -2400 -3027 -7174 -11596 END
START -4396 -17196 -3312 -4469 -5681 -11955 END
START -4568 -16988 -3156 -3889 -4519 -12156 END
START -4236 -15564 -2932 -2837 -3059 -12062 END
START -3300 -14784 -2748 -3759 -2145 -11413 END
START -2700 -13364 -3424 -4233 -534 -10665 END
START -2220 -13048 -3552 -2454 1487 -9576 END
START -2208 -11684 -3700 -2303 2198 -7590 END
START -2188 -11380 -4928 -2542 2909 -5514 END
START -1492 -12112 -6404 -2653 4564 -3854 END
START -1476 -13092 -7580 -3186 6638 -2847 END
START -1996 -14224 -9636 -2938 9773 -1744 END
START -2504 -14968 -11096 -2799 12774 -428 END
START -1680 -15032 -10796 -1258 17105 -57 END
START -816 -12988 -9040 -260 21211 -10 END
START 1200 -9968 -4616 -2213 25339 1474 END
START -64 -13096 1876 -5049 27202 3268 END
START -1076 -16164 9340 -3632 25766 3505 END
START -976 -19128 14004 -2203 21936 2517 END
START -748 -19928 16404 -2937 16297 866 END
START 484 -20372 15672 -2664 10666 -105 END
START 2360 -18996 14536 518 5563 -281 END
START 3764 -16672 12300 204 1880 -348 END