START -3328 -23672 1276 1392 -1474 -3968 END
START -3108 -24952 1172 -852 -2053 -4380 END
START -2668 -26872 2020 3088 -2479 -5738 END
START -4156 -26020 2972 5326 -3172 -7166 END
START -3116 -25476 2456 -293 -4258 -10628 END
START -3448 -25132 2124 -6989 -5417 -12890 END
START -3940 -25304 1792 -7839 -4391 -16099 END
START -3800 -23168 2724 -6817 -4035 -16804 END
START -3084 -21616 3516 -4662 -3502 -17379 END
START -2380 -19472 3308 -6370 -3756 -17658 END
START -1956 -18940 3112 -10320 -5324 -17579 END
START -636 -18100 2144 -8535 -4393 -18591 END
START 236 -15004 2772 -9003 -3744 -18313 END
START -36 -13800 1608 -10312 -5146 -16399 END
START 884 -13016 -192 -10754 -6484 -14253 END
START 2216 -11480 -2144 -12989 -4133 -12581 END
START 1884 -11820 -2696 -15554 -412 -13398 END
START 1988 -11452 -3076 -17465 -413 -12272 END
START 1820 -10860 -3456 -15152 186 -9808 END
START 2280 -10780 -4240 -10522 2828 -7168 END
START 2360 -10364 -3728 -8214 6745 -7522 END
START 1804 -10312 -3332 -7655 7636 -7387 END
START 2580 -8424 -4276 -8774 7857 -5679 END
START 2896 -7136 -4532 -9888 8214 -3858 END
START 2724 -6856 -4404 -8268 8645 -1727 END
START 3140 -6656 -4012 -4736 9666 -642 END
START 3912 -6224 -3360 -2451 10235 1021 END
START 4120 -6360 -3264 -1129 9975 2909 END
START 4360 -6604 -3340 -2060 9916 4775 END
START 4692 -7248 -3484 -3534 11217 6086 END
START 4696 -8372 -2088 -2445 10930 6543 END
START 4284 -8320 -852 2903 10040 8164 END
START 4108 -6684 -464 4880 9863 10328 END
START 3340 -7868 316 3740 9451 12299 END
START 3032 -9144 2000 3650 9157 13615 END
START 2212 -10240 3328 3991 7631 14758 END
START 1972 -9932 3848 3701 6086 16799 END
START 2348 -11084 4204 1808 5349 18337 END
START 1824 -14552 4400 -1561 3122 19483 END
START 304 -19780 5568 2644 1345 18095 END
START -456 -20280 7180 7647 -432 16804 END
START 468 -19200 7776 6699 -1529 16700 END
START 656 -20824 9056 769 -4416 16854 END
START -568 -22268 9480 -1997 -7866 15295 END
START -1480 -21000 9192 128 -11354 13035 END
START -2124 -19808 7092 1323 -14774 13411 END
START -1948 -21428 5072 1066 -16214 13441 END
START -2416 -23156 3612 237 -15461 10216 END
START -3280 -22168 3820 -664 -16354 7546 END
START -3284 -22232 2732 -852 -19758 7449 END
START -2740 -24648 -68 -507 -20669 6933 END
START -3096 -25680 -1400 1252 -18203 3391 END
START -4768 -25956 16 2851 -16413 -72 END
START -5992 -23144 720 2315 -17969 -1306 END
START -5592 -22928 -1396 671 -18645 -2549 END
START -4996 -21120 -2260 209 -16996 -4702 END
START -5788 -19940 -3168 -1002 -16319 -5510 END
START -6032 -18736 -5980 -2213 -15416 -5355 END
START -6100 -18664 -7668 -3062 -12582 -6199 END
START -5828 -19056 -6348 -452 -8652 -7892 END