START 6940 -1576 -3700 -1147 -1460 609 END
START 6460 -1516 -4460 2704 1121 3506 END
START 5708 -312 -4252 3872 1874 5482 END
START 5560 -352 -3784 3033 1230 8189 END
START 4700 -2660 -4064 3927 860 11341 END
START 3232 -4688 -4132 7844 2689 13137 END
START 2448 -5468 -2508 8603 3848 15002 END
START 2156 -7508 60 8356 3884 16778 END
START 1144 -11012 104 8636 2271 19293 END
START 624 -14652 -1148 9065 2497 20440 END
START 372 -15700 -1516 9530 4286 18349 END
START 1376 -15752 1096 8095 4088 16354 END
START 980 -15972 2268 5300 2150 16081 END
START -884 -17460 368 2752 1411 17351 END
START -1164 -19348 1128 5063 4559 17399 END
START -680 -18236 3060 5860 4389 16315 END
START -864 -18880 3924 3315 3417 15671 END
START -2396 -18344 3324 1462 2020 15554 END
START -2032 -21268 2180 551 -265 17005 END
START -2284 -22588 1236 561 -1357 16527 END
START -3560 -25308 2512 172 -707 13630 END
START -4024 -26204 5144 4106 -2126 11338 END
START -4100 -26176 6600 4915 -5027 11761 END
START -3968 -26528 6928 654 -7922 9085 END
START -3716 -25280 4208 -3650 -11039 5734 END
START -3420 -23856 2164 -3294 -12387 4088 END
START -3300 -22676 972 -1883 -13066 3362 END
START -3948 -22668 392 -2003 -13075 1265 END
START -4840 -23688 388 -402 -13343 -1416 END
START -4524 -22812 -728 957 -13842 -3782 END
START -3752 -21468 -2388 -1258 -12802 -5356 END
START -3812 -22044 -3628 -947 -10355 -7933 END
START -4180 -20360 -3616 295 -8456 -9624 END
START -3692 -19320 -3780 1484 -7216 -10504 END
START -3312 -18128 -2984 2157 -5394 -11454 END
START -3788 -16820 -2712 391 -4219 -11844 END
START -3524 -16156 -2888 -1650 -2340 -11807 END
START -3220 -14700 -2272 -959 -1248 -10441 END
START -2880 -13380 -2800 107 -732 -9500 END
START -2692 -12540 -4032 -1621 345 -8434 END
START -2328 -12228 -4648 -2412 2643 -7062 END
START -2156 -12220 -4344 -1458 4178 -4725 END
START -2072 -12188 -5136 -1357 5518 -2792 END
START -2112 -13412 -4916 -1783 8568 -2238 END
START -1864 -14468 -4212 -3805 10284 -1243 END
START -1836 -15252 -3984 -4492 11659 -427 END
START -1980 -16640 -3000 -3737 13139 561 END
START -1920 -17748 -2020 -2763 15130 621 END
START -1960 -18104 -1340 -4544 15366 340 END
START -1572 -17672 -1128 -6687 16229 -173 END
START -1348 -16212 -608 -7511 16935 -98 END
START -1124 -14648 -224 -6953 16968 1080 END
START -1408 -15572 2772 -5046 16947 1854 END
START -1376 -17772 7292 -2148 14033 1368 END
START -900 -17840 10100 -3852 8628 -79 END
START -96 -19640 11404 -6991 3335 -1590 END