START 1604 -1640 -784 1984 3214 3761 END
START 824 -1740 -232 4343 3021 7822 END
START 788 -2216 -372 4517 2296 10311 END
START 1088 -4164 -412 4608 2049 12937 END
START 1300 -5412 228 5967 2141 15222 END
START 1616 -7400 64 6400 1900 17473 END
START 2076 -11688 -1332 6231 1452 19432 END
START 1796 -14296 -1964 8538 2835 19560 END
START 1844 -14684 -12 8979 4523 19607 END
START 2288 -16632 2128 6183 3705 20451 END
START 1072 -19512 2428 5714 1705 21491 END
START 148 -21084 1328 6669 1881 21085 END
START -60 -20628 2848 4516 3512 19757 END
START -428 -21424 4272 1793 1484 18928 END
START -1632 -21156 4268 2092 -51 18953 END
START -2980 -20708 5248 2094 -1123 18605 END
START -3084 -22028 5204 2333 -3855 18639 END
START -2556 -24372 2892 2495 -5915 17880 END
START -1828 -27176 1028 1456 -6410 14580 END
START -2508 -27840 2444 446 -5315 10633 END
START -2236 -29028 4424 -450 -6462 6936 END
START -2456 -29112 3760 -1916 -8924 3768 END
START -1768 -29180 2148 -3317 -9981 155 END
START -1804 -26928 892 -2960 -9833 -3463 END
START -2164 -24248 1236 -2708 -9795 -5667 END
START -2508 -22452 1452 -2751 -11141 -7195 END
START -2912 -21808 -304 -3465 -12011 -8467 END
START -2776 -20676 -1628 -3569 -11098 -10233 END
START -2908 -19452 -3392 -4224 -9057 -11410 END
START -3228 -19144 -3116 -3740 -7331 -12094 END
START -3208 -17624 -3036 -2388 -6270 -12516 END
START -2600 -15744 -3180 -3327 -5187 -12313 END
START -2652 -14356 -3400 -4729 -3518 -11888 END
START -2608 -13604 -3376 -3698 -1811 -10847 END
START -2100 -12688 -4456 -4327 -600 -8969 END
START -1680 -12288 -4660 -3568 1301 -7661 END
START -1460 -11408 -4996 -3785 3182 -6498 END
START -1188 -10788 -5488 -3970 5350 -4858 END
START -1112 -10292 -6096 -3489 7267 -2938 END
START -1184 -11268 -7264 -3685 8890 -987 END
START -1412 -13272 -9020 -3666 11706 543 END
START -1684 -15832 -10012 -2753 14815 1095 END
START -1628 -17256 -10496 -2933 18298 1097 END
START -2600 -17484 -6916 -3068 21757 640 END
START -2512 -16928 -1768 -2696 23574 626 END
START -1508 -16060 5696 -1715 21988 1116 END
START -1236 -17036 13096 -3907 16478 2197 END
START -464 -20608 14180 -1485 12167 2190 END