START 3744 -1884 -820 -1460 1865 -4927 END
START 3444 -1908 -1176 466 1135 -1821 END
START 3132 -1228 -2052 2135 1406 291 END
START 3356 -944 -2268 2079 2475 3762 END
START 2808 -2048 -1524 1376 2363 6190 END
START 3332 -3408 -1400 2704 1913 8967 END
START 3900 -5256 -2272 2699 1460 11704 END
START 4312 -7536 -3236 2212 1810 13093 END
START 5240 -10044 -3340 4217 2608 13136 END
START 4536 -9596 -1916 9886 3698 14532 END
START 4048 -10448 -272 8750 2858 15293 END
START 3384 -11800 264 6282 2957 16852 END
START 2208 -11300 1024 7123 4044 17256 END
START 2236 -12240 2036 6369 3458 20929 END
START 1700 -16396 2448 6467 1212 21680 END
START 464 -17856 704 6364 1788 21344 END
START -740 -17860 1888 5154 4754 21035 END
START -1672 -19968 3832 518 3064 21956 END
START -1344 -23588 3604 1682 1210 19862 END
START -1756 -22452 2592 2267 918 18716 END
START -2536 -22400 2720 -1849 1467 19100 END
START -3952 -25072 4828 -1869 -524 16943 END
START -4388 -28520 4260 1200 -4925 15445 END
START -3460 -27424 2732 2099 -6518 13143 END
START -3576 -27356 3728 447 -7231 10102 END
START -3664 -26480 4828 710 -10049 7578 END
START -3492 -24392 4360 1421 -12492 5479 END
START -3164 -22688 3604 -1488 -13500 3313 END
START -3568 -22712 3068 -3546 -14832 1665 END
START -3448 -23688 1936 -2379 -15347 -485 END
START -3344 -24292 48 -764 -15953 -2958 END
START -3732 -23992 -1908 -1784 -15724 -5801 END
START -4300 -24112 -3388 -2774 -13495 -8892 END
START -4148 -21564 -3328 -3917 -11502 -11495 END
START -4612 -20084 -2772 -2901 -10275 -12474 END
START -4608 -18844 -3692 -2207 -9011 -12219 END
START -4436 -16652 -4268 -3355 -6789 -12280 END
START -4436 -16000 -4072 -3819 -4484 -11778 END
START -4792 -14300 -4076 -2429 -2130 -11257 END
START -4108 -13348 -4460 -3251 -1022 -9611 END
START -4316 -13664 -4748 -3246 1429 -8217 END
START -3940 -12996 -4072 -2853 3571 -6902 END
START -3204 -11516 -3000 -1767 4813 -5753 END
START -2776 -11436 -3348 -2085 5918 -4044 END
START -2004 -12740 -4232 -2759 8440 -2941 END
START -1628 -13208 -3828 -1941 11333 -2393 END
START -1232 -12348 -3276 -1945 12433 -1580 END
START -1008 -12912 -3056 -2772 13738 -197 END
START -996 -13836 -2884 -2727 15798 341 END
START -1032 -14172 -2036 -2023 17421 771 END
START -1116 -14392 -284 -885 18148 1900 END
START -908 -15772 2092 -75 17991 2370 END
START -912 -15600 3844 -2246 16657 2058 END
START -164 -15288 4996 -4361 15012 2351 END
START 196 -15864 6152 -2112 12465 3219 END
START 432 -18248 6864 794 9143 3385 END