START -1748 -23228 3268 7899 -1420 -4375 END
START -384 -22932 3488 7742 -2836 -6495 END
START -1948 -22376 3212 5643 -2103 -6887 END
START -840 -23300 3420 208 -3134 -9539 END
START -592 -24800 1688 -3379 -5615 -10926 END
START 80 -23156 20 -3622 -4924 -12746 END
START -556 -21488 1032 -6174 -4131 -13324 END
START -552 -20104 2132 -5880 -5080 -13344 END
START -108 -19500 1668 -7164 -5805 -13058 END
START 428 -18920 792 -7415 -4037 -14133 END
START -88 -17680 1220 -9429 -3376 -15016 END
START 44 -18020 792 -9914 -5116 -14414 END
START 480 -16148 -112 -9299 -5400 -12820 END
START 264 -14492 -1400 -10967 -4003 -10974 END
START 492 -14156 -1936 -13065 -1268 -11392 END
START 404 -13240 -820 -13117 -76 -10966 END
START 344 -11260 -1348 -12050 -1189 -8847 END
START 592 -10500 -3008 -11721 -1811 -6088 END
START 1584 -9832 -4960 -11142 63 -4240 END
START 1392 -10656 -5668 -11216 3624 -4847 END
START 1292 -9716 -5160 -10784 4902 -4039 END
START 1320 -8632 -5364 -8207 5256 -2284 END
START 1884 -7152 -5656 -7944 6445 -163 END
START 2664 -6668 -6272 -9269 8706 1365 END
START 2224 -7972 -5528 -7141 10106 2460 END
START 2260 -7556 -4372 -2212 10063 4107 END
START 2384 -6724 -2936 541 8564 6206 END
START 2440 -6344 -2332 2233 7467 9642 END
START 3120 -7560 -2296 1315 8105 10654 END
START 2440 -8956 -1872 -1022 9411 11168 END
START 2044 -10072 -156 497 8826 11184 END
START 1412 -10004 468 2288 6659 13365 END
START 1532 -11152 1748 5657 5247 15835 END
START 1344 -11852 2368 6069 5052 16232 END
START 564 -12744 3932 2539 4790 15161 END
START 56 -16112 5304 762 2503 13489 END
START -948 -16588 4432 6008 -502 14753 END
START 624 -17780 2760 8509 -1251 16052 END
START -124 -17764 3432 8494 126 14077 END
START -984 -17748 6516 7117 -1007 13011 END
START -956 -17404 5952 4067 -5080 14152 END
START -1124 -20068 4348 1657 -7314 15018 END
START -2552 -20592 5104 3794 -6706 13552 END
START -3900 -21160 7140 5012 -9189 12470 END
START -3988 -22588 5720 5577 -13982 12190 END
START -3836 -23444 1312 2590 -15485 10535 END
START -3740 -23196 -304 -1542 -13538 8288 END
START -4176 -23540 992 -2554 -12121 5936 END
START -5532 -24480 1644 -790 -14506 4176 END
START -5840 -24132 -916 -912 -14941 3634 END
START -5900 -25028 -1300 -2602 -12437 51 END
START -6988 -24092 836 -3300 -11807 -3965 END
START -7672 -23248 1700 -1838 -14084 -6302 END
START -8328 -21628 1312 -182 -15055 -7081 END
START -8288 -19240 304 -718 -14327 -7582 END
START -6704 -17056 -880 -5590 -14081 -7936 END
START -6864 -15772 -2768 -7898 -13682 -8230 END
START -6024 -15376 -5224 -6687 -12781 -8426 END
START -4784 -14348 -5820 -2650 -10633 -8919 END