START -4240 -19308 7496 7566 1070 -4653 END
START -1536 -23192 5636 2286 -2252 -1347 END
START -1180 -25036 4496 -173 -2076 -5484 END
START -2112 -24016 4624 -720 -2631 -8830 END
START -3000 -23928 4460 -6 -4881 -8633 END
START -1660 -24488 4136 -2935 -7182 -10266 END
START -1876 -24188 4268 -6028 -7212 -13359 END
START -1792 -20392 3324 -9417 -6556 -14848 END
START -1284 -18856 3028 -13051 -6614 -16237 END
START -584 -18104 2248 -10900 -6284 -15596 END
START -440 -16392 1536 -10762 -5270 -15599 END
START -500 -16268 1648 -10734 -4545 -16101 END
START -140 -14732 1332 -11129 -4875 -15511 END
START 1156 -14900 624 -11840 -5011 -14193 END
START 1464 -13956 -1112 -12303 -3800 -13671 END
START 2040 -13148 -2136 -13732 -1565 -13494 END
START 1880 -12784 -2200 -12177 -563 -12937 END
START 2536 -11692 -3288 -11229 27 -11472 END
START 3560 -10744 -4028 -12398 1238 -9789 END
START 3648 -10860 -5256 -12919 2724 -8677 END
START 3620 -10352 -5928 -12214 4350 -7886 END
START 4268 -8568 -5948 -10213 5714 -6005 END
START 4044 -7920 -4700 -8217 5731 -3287 END
START 4060 -8168 -4396 -7169 4821 -1327 END
START 4556 -9152 -5960 -7079 7936 -1066 END
START 3916 -7752 -5532 -7486 9591 1639 END
START 3784 -7784 -4476 -6739 8956 3558 END
START 4104 -9176 -4168 -3112 8577 5812 END
START 4956 -7888 -4140 -1179 10206 6726 END
START 4672 -6700 -3332 -2489 11423 8053 END
START 4496 -8384 -2812 -3461 11052 10158 END
START 4540 -9616 -2600 -890 10822 11440 END
START 4832 -9564 -1884 2859 10410 12376 END
START 4764 -9384 -1044 6494 10533 13414 END
START 3988 -8544 -308 5169 11132 15075 END
START 3508 -10240 720 842 11032 16165 END
START 2900 -13496 1488 1360 9034 16936 END
START 3000 -12792 1752 8459 8345 17469 END
START 2632 -10812 1516 6273 8638 18519 END
START 1220 -13312 3308 3383 8275 18559 END
START -4 -16580 6484 8027 5242 18645 END
START -1600 -19400 7964 13789 2138 18059 END
START -3092 -20396 10384 13810 -47 18903 END
START -3284 -20528 12356 6403 -3393 18970 END
START -3528 -21368 11300 -82 -7335 17070 END
START -3944 -22112 10280 969 -11270 16053 END
START -4492 -21672 8000 2430 -13903 15045 END
START -5324 -21060 7000 1160 -15119 14584 END
START -6300 -23064 6660 -597 -17284 12638 END
START -6952 -24740 6100 792 -20037 10519 END
START -6532 -26260 2884 2078 -21553 7316 END
START -6128 -24160 852 -651 -21854 4428 END
START -5804 -24072 1364 -774 -20225 1845 END
START -7008 -21548 2268 407 -20089 -909 END
START -7828 -20836 1368 -1752 -21518 -2128 END
START -7872 -21040 472 -1748 -20148 -3512 END
START -7124 -20180 560 -1634 -18850 -5491 END
START -6200 -19068 -1148 -837 -17635 -6992 END
START -6564 -17288 -3456 -1337 -15641 -7126 END
START -4864 -16996 -4376 -2480 -12759 -7297 END
START -4680 -14924 -4504 -3204 -9699 -8445 END
START -4516 -13748 -5892 -4613 -7420 -8476 END