START 2768 -2904 -944 -957 1164 -3761 END
START 1772 -2136 -464 -1180 1005 -908 END
START 1440 -2056 -60 -2201 965 1495 END
START 1540 -1436 -444 -1833 1284 3334 END
START 1940 -2800 -948 -458 968 5022 END
START 2916 -3240 -1192 1633 273 8046 END
START 3616 -4556 -2076 2767 -589 10840 END
START 4008 -7268 -3096 3400 -1042 13553 END
START 3820 -9500 -4208 4178 87 14622 END
START 3112 -10736 -3508 6351 1594 14948 END
START 2788 -10812 -1904 7102 2621 16360 END
START 3172 -11896 -804 7474 2752 17576 END
START 2292 -13504 944 8005 2055 18252 END
START 1452 -14932 -588 10051 1224 20142 END
START 1092 -17540 -2004 8836 2278 20759 END
START 300 -18336 -1404 7894 4882 18803 END
START 240 -18084 1340 8474 6458 16438 END
START 356 -16824 4848 10794 5700 16479 END
START -536 -18628 5904 7643 2133 18062 END
START -2096 -20392 4520 3327 1935 20410 END
START -3632 -21760 6756 3763 1675 18097 END
START -4096 -23284 8976 2466 -2083 17115 END
START -3396 -23912 7244 57 -6636 16428 END
START -3716 -26416 4740 -2282 -9013 16030 END
START -4060 -28636 4144 521 -9537 12174 END
START -3976 -27664 5100 15 -10559 8598 END
START -5016 -27872 5900 -1939 -12655 5533 END
START -4584 -27192 3396 -3426 -15204 2511 END
START -3880 -27044 -1756 -2872 -15510 -1050 END
START -4328 -26456 -4264 -1461 -13104 -4802 END
START -4144 -25116 -3712 -1086 -11243 -8136 END
START -4596 -23680 -3516 -1303 -9843 -10801 END
START -4928 -21444 -3272 -3166 -8645 -12508 END
START -4744 -18896 -3236 -3567 -6894 -13272 END
START -4772 -16636 -2188 -2480 -5804 -12963 END
START -4196 -15208 -2928 -3469 -4536 -11960 END
START -3784 -13828 -2968 -4477 -2813 -10916 END
START -3772 -13592 -2480 -4589 -1277 -9665 END
START -3468 -13380 -2604 -3809 -249 -8854 END
START -2764 -12756 -3500 -3764 1324 -7749 END
START -2144 -11832 -3536 -3689 3661 -6083 END
START -1784 -11840 -4176 -2928 5459 -4572 END
START -1616 -11072 -4940 -2262 8163 -3172 END
START -1140 -10660 -4856 -3423 10241 -1324 END
START -1176 -12548 -5596 -3505 12770 -237 END
START -1684 -13424 -4976 -3434 16203 574 END
START -2280 -15748 -2308 -2557 18069 728 END
START -2184 -17832 444 -232 18708 -96 END
START -1692 -17472 2476 273 17815 -945 END