START -4100 -22324 2596 8880 1363 -2349 END
START -308 -24892 1048 9476 1880 1871 END
START -96 -25852 2056 4905 1421 -3961 END
START -1396 -24512 2596 -1544 -977 -8123 END
START -1936 -24892 4180 -1796 -3671 -9932 END
START -1716 -23360 3264 -570 -5272 -11110 END
START -1020 -20856 2244 -1499 -3957 -13839 END
START -1264 -19880 2224 -4376 -3514 -15210 END
START -1408 -19716 2872 -7103 -4239 -14956 END
START -788 -19788 3652 -5392 -5086 -15238 END
START -584 -16440 3000 -6521 -5673 -14801 END
START 1060 -15628 1324 -11386 -5939 -14242 END
START 1684 -15844 -500 -12968 -4391 -14292 END
START 1404 -14128 -1032 -11682 -3251 -13446 END
START 2488 -12912 -2128 -12061 -2509 -12333 END
START 1960 -11680 -2092 -11625 -1662 -11176 END
START 2832 -11892 -3388 -11602 -2291 -8849 END
START 3248 -12152 -6092 -11359 1087 -8696 END
START 2868 -10856 -5248 -13644 5242 -8713 END
START 2552 -10480 -4060 -11976 6913 -7395 END
START 3060 -9780 -4008 -8713 7021 -5429 END
START 3864 -8624 -4804 -7828 8425 -3704 END
START 3496 -7576 -5000 -9235 10222 -2388 END
START 3760 -8244 -4028 -9157 9906 -493 END
START 3988 -8256 -3796 -5833 9517 1824 END
START 4088 -7912 -4324 -3356 9954 3545 END
START 3952 -8568 -3964 -3659 9874 4894 END
START 3896 -9220 -3720 -2598 10189 6815 END
START 4216 -9688 -2576 -1467 10458 8091 END
START 3604 -9528 -1488 -1403 10431 9615 END
START 3592 -9308 -580 -2257 10001 10636 END
START 3380 -10704 -540 -3610 8369 12256 END
START 2796 -12212 388 2325 8041 13121 END
START 2216 -11984 1204 6096 7004 13383 END
START 2444 -12136 772 5504 6842 13797 END
START 2596 -12788 192 1009 6249 14027 END
START 2420 -14500 592 1523 5961 14769 END
START 2080 -15428 464 1720 5660 14592 END
START 1692 -16340 1840 5349 5248 15295 END
START 1308 -16880 2284 5677 4323 15173 END
START 508 -16768 3212 2435 3457 14901 END
START -792 -18116 4876 628 2136 14607 END
START -2152 -18528 7604 4874 -899 14272 END
START -1936 -19228 6868 6557 -4591 14662 END
START -1988 -19708 5012 4484 -5752 13953 END
START -2288 -20560 3960 743 -7445 12500 END
START -2720 -22368 3700 697 -9641 10721 END
START -3400 -22868 2800 3959 -11011 9171 END
START -2620 -22620 2684 3948 -10990 8340 END
START -3980 -22264 3940 2136 -12225 6541 END
START -4180 -22432 4840 259 -14825 4687 END
START -4996 -22884 3456 -261 -16312 3347 END
START -3916 -23232 1352 -1267 -17141 2140 END
START -4260 -23144 192 -1366 -16763 -126 END
START -4272 -23044 160 -1528 -17019 -2492 END
START -4396 -21240 308 -2835 -17123 -4357 END
START -4856 -21108 1692 -999 -17072 -5198 END
START -4140 -18636 1684 1203 -16165 -6254 END
START -4960 -17384 1072 -2085 -17105 -6287 END
START -5192 -17204 -2364 -6964 -17232 -6684 END
START -5552 -19784 -3372 -2405 -14255 -7096 END
START -4788 -17228 -3916 5546 -11485 -7472 END
START -4164 -13568 -5008 3950 -10621 -7745 END
START -4136 -11804 -5464 -1326 -9192 -6680 END
START -3552 -11636 -4924 -3559 -6579 -5033 END
START -3852 -13320 -3456 122 -2868 -5261 END