START -5980 -12268 3948 7184 -645 -6600 END
START -1324 -24880 5396 2691 -4030 -1443 END
START -1796 -26480 2908 426 -5667 -4308 END
START -1672 -26936 2064 -1311 -3882 -5811 END
START -2260 -26316 2620 -4883 -4370 -9528 END
START -2596 -24252 2040 -4191 -6256 -12425 END
START -1704 -21308 532 -4351 -7671 -13706 END
START -1876 -19612 -192 -5965 -6764 -13910 END
START -1988 -19120 896 -7885 -5598 -14723 END
START -1860 -17524 760 -11095 -6019 -14172 END
START -1360 -17008 1184 -11744 -6998 -13827 END
START -600 -16208 276 -11134 -6905 -12402 END
START -832 -16616 240 -8917 -4394 -12879 END
START 240 -15528 -432 -10783 -4413 -12994 END
START -16 -13820 -108 -12990 -3755 -11832 END
START 568 -14328 -924 -11988 -3069 -11353 END
START 344 -14068 -2064 -10330 -2326 -10185 END
START 584 -13084 -3008 -9367 -576 -9939 END
START 764 -12560 -4196 -12499 1470 -9688 END
START 628 -12348 -5016 -13830 2625 -8761 END
START 1100 -12112 -5716 -10628 3765 -7450 END
START 1440 -9980 -6248 -8292 5325 -5997 END
START 2028 -9424 -6124 -8320 7630 -5472 END
START 1916 -8384 -5548 -8047 9381 -3556 END
START 2160 -8212 -5488 -7905 10161 -1733 END
START 2532 -8252 -5668 -6532 11055 -150 END
START 1976 -7812 -5700 -3258 11434 1509 END
START 3012 -8116 -5568 -985 13140 2993 END
START 2776 -6928 -3584 -1700 14889 4100 END
START 3060 -6860 -1744 -2796 14270 6322 END
START 3344 -7148 -608 -311 12772 8903 END
START 3584 -8444 -856 3028 11406 10980 END
START 3352 -8896 -412 6166 10939 12304 END
START 3308 -9660 236 6681 11121 13383 END
START 3160 -10244 1744 8120 11091 13998 END
START 3648 -13192 4148 12603 8278 13651 END
START 3416 -14768 5980 18847 4042 10196 END
START 1916 -11276 4624 17650 1212 13175 END
START 3172 -14060 2336 6399 1867 20169 END
START 2252 -17096 3024 -529 9489 16176 END
START -1828 -20092 11144 18 7433 15929 END
START -708 -21252 14568 9693 -341 15213 END
START 384 -19144 10596 9829 -4917 15583 END
START 1024 -19856 7588 2152 -4932 14868 END
START -92 -21396 7004 -2467 -6399 13106 END
START -164 -21852 7328 1715 -9455 10378 END
START -536 -19508 7436 7757 -10864 9319 END
START -1380 -17632 7108 4554 -12277 12304 END
START -1820 -21060 6896 -885 -13801 11583 END
START -3748 -24136 5880 -3171 -14800 8852 END
START -3720 -24032 5496 -1318 -16722 6283 END
START -4208 -23412 5404 20 -18252 4383 END
START -4748 -21792 4656 -2172 -19417 2930 END
START -5652 -21296 4252 -2789 -19872 1924 END
START -6092 -19996 2832 -960 -19385 564 END
START -6744 -19904 1664 -2870 -19478 -786 END
START -6324 -18660 -852 -7717 -20137 -3656 END
START -6284 -18516 -4444 -11127 -18938 -5036 END
START -5024 -19516 -6996 -5195 -13192 -5418 END
START -4520 -16704 -7988 408 -6913 -7158 END