START 4172 180 -1084 1236 1292 2822 END
START 3400 1812 -964 3075 2408 7280 END
START 3316 -168 -32 3560 3055 12063 END
START 2152 -3104 -76 5851 2552 15514 END
START 1164 -5836 324 8732 3854 16854 END
START 256 -7800 1676 8690 4039 18460 END
START 248 -11396 1184 5611 3728 20998 END
START -300 -14512 716 5410 4416 22069 END
START -908 -17252 1116 5861 5430 21057 END
START -2004 -17784 2428 5581 5042 19545 END
START -1600 -18456 3220 2050 4906 20322 END
START -2444 -19572 3616 584 4839 19848 END
START -2900 -20744 3320 -2343 4389 19236 END
START -4212 -22444 4704 -1794 4752 16684 END
START -5092 -21724 6348 -1781 2136 16203 END
START -4680 -23800 5780 -1513 -1699 17356 END
START -4224 -26192 4092 -1848 -4205 15717 END
START -4204 -27460 3964 -3166 -4921 12564 END
START -4120 -26708 4992 -4061 -6678 9000 END
START -4140 -25504 4992 -5832 -10133 7470 END
START -3984 -25080 4736 -3435 -12447 5585 END
START -4228 -23616 3612 -1438 -13377 3730 END
START -4308 -21996 3056 -940 -13924 1549 END
START -3972 -22700 2320 -2444 -14993 -119 END
START -3684 -23540 -292 -2018 -14985 -2596 END
START -3604 -23048 -2108 -2015 -14958 -5378 END
START -3320 -22232 -3016 -1355 -13508 -7318 END
START -3284 -20660 -3260 -30 -11277 -8814 END
START -3620 -19732 -2476 -1630 -9726 -10284 END
START -4204 -18564 -2412 -3189 -8575 -11346 END
START -4444 -17404 -2228 -2290 -7094 -11383 END
START -4048 -17108 -1724 -868 -5403 -11457 END
START -3360 -15660 -1660 -2978 -5202 -10287 END
START -3280 -14992 -2128 -3932 -4160 -10153 END
START -3332 -14544 -2164 -3099 -2203 -9860 END
START -3036 -13140 -720 -1726 -1650 -9240 END
START -2652 -11808 -1736 -2398 -707 -7224 END
START -2456 -11488 -1600 -2792 96 -4915 END
START -2336 -11968 -2772 -2505 841 -3080 END
START -2220 -11860 -3784 -1724 3226 -2635 END
START -2124 -12040 -4264 -2874 4429 -932 END
START -2108 -13592 -3872 -2071 6696 680 END
START -1820 -14732 -3688 -1605 8363 1658 END
START -1612 -15044 -3424 -2584 10055 1831 END
START -1224 -16324 -2512 -3315 11900 2167 END
START -1300 -16640 -1616 -2830 12647 2529 END
START -1236 -17184 -1088 -2379 12585 2801 END
START -1076 -17396 -1240 -2076 12638 2931 END
START -748 -16772 -1112 -3437 14251 2540 END
START -472 -17384 52 -4446 14317 2297 END
START -500 -17704 560 -3931 14007 2331 END
START 44 -16660 1880 -2750 13473 1782 END
START 64 -17468 4620 -3601 12041 1884 END
START 164 -19512 7148 -2018 9713 905 END