START 524 -3448 2036 -4668 -306 -1543 END
START 2472 -4384 708 -5110 -1772 3289 END
START 2932 -3704 -1320 -2126 -1977 5480 END
START 3528 -2972 -2316 389 -462 7138 END
START 3580 -2960 -1816 2328 1133 9290 END
START 3328 -3988 -424 3262 1779 12009 END
START 2928 -5648 712 5404 1836 14408 END
START 1976 -8072 784 6706 2280 17116 END
START 1076 -11384 1528 7503 2979 18327 END
START 344 -12664 2980 7612 3233 17988 END
START -984 -13812 4348 8175 2821 17657 END
START -2304 -14692 3764 8485 1325 19626 END
START -1988 -19412 1244 4371 558 21731 END
START -2576 -22440 -40 3363 2722 18171 END
START -3108 -21592 2684 5675 4712 16468 END
START -2316 -21352 4136 6139 3420 16828 END
START -2064 -21168 5012 2977 2601 16982 END
START -3344 -23572 5388 988 637 15660 END
START -3764 -23972 4896 256 -2177 13941 END
START -3944 -26584 3664 -531 -5101 13680 END
START -3904 -28844 2872 153 -6558 11998 END
START -3484 -29396 2684 1146 -7245 7978 END
START -2888 -28228 3000 1402 -8247 3709 END
START -2252 -25368 3232 -389 -10360 743 END
START -1620 -25324 2060 -1635 -11479 -1506 END
START -1712 -25092 1028 173 -10998 -4071 END
START -2352 -24024 668 1041 -10372 -6676 END
START -2632 -22564 528 -276 -9657 -9490 END
START -3024 -19988 580 -1956 -9758 -11414 END
START -2884 -18040 188 -2622 -9751 -11210 END
START -2624 -16860 -348 -1932 -8176 -10716 END
START -3608 -15196 -240 -1400 -7254 -10160 END
START -3676 -14844 -608 -2585 -6955 -9226 END
START -3708 -14660 -1268 -1653 -5032 -8510 END
START -3432 -14388 -2160 -1716 -4075 -7205 END
START -2928 -13844 -3484 -2667 -2221 -5805 END
START -2732 -13216 -4720 -1714 173 -4973 END
START -2640 -12952 -5396 -1515 3648 -4209 END
START -2772 -13868 -4932 -1729 6728 -3750 END
START -2704 -14624 -3872 -3052 9060 -3802 END
START -2936 -14888 -2756 -4215 11176 -3809 END
START -2852 -15024 -984 -2837 12740 -3264 END
START -2176 -14344 -936 -2645 13723 -2491 END
START -2136 -14276 -800 -3655 15338 -2127 END
START -2188 -14116 744 -3859 16113 -1366 END
START -1808 -13132 1452 -2789 15978 -25 END
START -1268 -12808 2640 -1950 15567 1351 END
START -764 -12220 2420 -3422 15108 2452 END
START 428 -12368 1172 -7277 14665 3459 END
START -628 -15720 3020 -5454 15716 3352 END
START -1512 -18436 7196 -463 13740 3970 END