START 3344 -3128 -1156 -196 2246 2253 END
START 4520 -4040 -624 3414 51 5721 END
START 4364 -4764 -1584 4052 -200 9674 END
START 4900 -6372 -3264 5119 445 12224 END
START 3452 -7220 -1376 5613 2643 12256 END
START 2712 -9060 -608 5200 2320 12570 END
START 2652 -10540 -772 7299 790 12350 END
START 1712 -10200 -3000 7867 1640 16106 END
START 1556 -14356 -2268 6367 4945 16355 END
START 1380 -16592 -496 6011 7422 13873 END
START 520 -18280 4356 5842 7427 11424 END
START 316 -19648 5268 6795 4558 11950 END
START -8 -19564 5824 7278 2740 13790 END
START 604 -20848 3044 4002 1312 14649 END
START 772 -19392 1600 935 1816 13390 END
START 864 -18088 2136 -1645 975 14174 END
START -212 -18668 3048 -1190 -739 15112 END
START -444 -20952 2384 -598 -3314 15141 END
START -892 -23904 124 -1068 -3664 13048 END
START -864 -23960 -536 62 -3278 10632 END
START -1904 -24692 1076 -1157 -3753 11509 END
START -1856 -27020 3780 444 -4771 10034 END
START -2140 -25392 4232 1185 -6227 6381 END
START -2900 -24480 4864 1034 -7952 3559 END
START -2900 -22812 3784 -274 -10923 2336 END
START -2604 -22752 1976 -1816 -11528 566 END
START -3376 -21440 1228 -2071 -11674 -1584 END
START -3440 -20764 540 -1556 -12479 -3177 END
START -3688 -21156 -1252 -1557 -12648 -4287 END
START -3604 -21540 -2420 -1772 -11584 -5680 END
START -4396 -21464 -3084 -774 -10058 -7568 END
START -3820 -19956 -3248 -934 -8601 -9309 END
START -3540 -18208 -3152 -2509 -7581 -9311 END
START -3940 -17796 -3476 -3083 -5826 -9371 END
START -3988 -17896 -3736 -1980 -4174 -10014 END
START -3852 -17808 -4556 -1009 -1795 -10308 END
START -2768 -16096 -4032 -2433 -913 -9894 END
START -2540 -15484 -3752 -2922 -114 -9231 END
START -1804 -15212 -4904 -1588 2055 -8839 END
START -1768 -14108 -5008 -3013 4810 -8814 END
START -1368 -13036 -4272 -4022 6494 -7340 END
START -1100 -12864 -3048 -1986 6964 -4766 END
START -428 -12848 -3248 -1111 6732 -2701 END
START -1004 -12928 -3604 -2528 9421 -2544 END
START -892 -12004 -2968 -5039 11019 -1951 END
START -788 -11244 -4020 -6252 11213 99 END
START -572 -11180 -4140 -4959 12219 2914 END
START -120 -11736 -3536 -2679 13775 4908 END
START -400 -14464 -1624 -2329 14884 5483 END
START -348 -16280 596 -2728 14525 5221 END
START 284 -15432 2084 -5641 13508 5441 END
START 1804 -14608 2304 -10311 11177 7548 END
START 2256 -13088 872 -9779 8993 10359 END