START -2704 -24600 6216 6837 1669 325 END
START -2892 -24172 4664 4507 636 -2145 END
START -1960 -25512 4476 1500 -494 -3582 END
START -2512 -27264 4136 231 -1714 -6621 END
START -2776 -28096 4700 552 -3882 -10038 END
START -2832 -27192 4572 -1186 -7059 -12301 END
START -1984 -25036 3200 -5587 -8981 -14623 END
START -1720 -24024 812 -11231 -8108 -16914 END
START -2828 -23456 1704 -8269 -4351 -19431 END
START -2484 -19944 3220 -5430 -4293 -19812 END
START -2104 -17176 3796 -4112 -5447 -19675 END
START -880 -13784 3072 -7856 -6759 -18245 END
START -344 -13308 704 -11866 -6917 -17080 END
START -44 -12552 -396 -9887 -5984 -15625 END
START 676 -11092 -932 -8106 -6351 -14015 END
START 1624 -10036 -2644 -9482 -5518 -11593 END
START 1900 -10824 -3244 -10850 -2405 -11289 END
START 1400 -10448 -3320 -11481 478 -10549 END
START 1396 -9280 -3100 -12023 2246 -8986 END
START 1728 -9308 -3104 -13689 2533 -6664 END
START 2252 -9360 -3924 -11502 3517 -5091 END
START 2860 -9188 -5112 -9409 5077 -3561 END
START 2648 -8008 -5748 -9067 7116 -2817 END
START 3080 -8188 -6136 -10439 8462 -1129 END
START 3148 -7652 -4896 -8932 9259 961 END
START 2956 -7856 -4244 -5244 8895 3443 END
START 3648 -8040 -5040 -3194 10153 5411 END
START 3380 -7676 -4296 -4153 11979 6645 END
START 4184 -7740 -3632 -6672 12568 8413 END
START 3624 -8272 -1600 -3703 12497 8846 END
START 3560 -7820 -1284 2160 10051 12369 END
START 3296 -8452 -1248 4563 9183 13964 END
START 2856 -9580 -1528 4424 9718 15033 END
START 2172 -10972 -52 4337 10680 15155 END
START 516 -13632 3244 5752 9640 14945 END
START 216 -14540 5580 8578 7446 15233 END
START 1008 -13788 5216 5674 5403 16128 END
START 1160 -13860 4056 738 5066 16623 END
START 492 -15992 3740 -2753 4959 16155 END
START -1456 -20300 6232 3186 2746 14879 END
START -1672 -18692 7712 12883 -1401 14585 END
START -628 -16332 7664 13923 -3043 15650 END
START -1088 -16236 7784 7411 -4121 16053 END
START -2096 -19168 7284 127 -6237 15949 END
START -2644 -22664 6640 -492 -9464 14232 END
START -3536 -23220 7284 4658 -11168 12739 END
START -3892 -21080 7604 5037 -12473 12403 END
START -4168 -22328 5908 -256 -15698 13120 END
START -5200 -25152 3924 -3440 -17445 11002 END
START -6040 -25452 3864 -3055 -16929 6759 END
START -6776 -22444 4376 -5805 -18774 3959 END
START -7628 -24760 2980 -7151 -21701 3037 END
START -8152 -26212 1608 -3619 -21851 -917 END
START -8604 -22720 -276 -2065 -21744 -3318 END
START -8436 -20776 -296 -4143 -21508 -4489 END
START -8276 -18252 -628 -4969 -21986 -5831 END
START -8328 -16056 -4164 -5154 -21247 -5412 END
START -8120 -14832 -6512 -4617 -16549 -6249 END
START -7508 -13560 -7356 -5885 -11832 -5777 END