START 3972 -2432 -2780 -2126 586 904 END
START 3892 -756 -2292 -562 112 2827 END
START 4308 -392 -2836 -77 160 6178 END
START 3980 -1868 -3612 1682 1199 9341 END
START 3192 -2956 -4144 3942 3609 11475 END
START 2804 -5264 -2768 6291 3613 12681 END
START 2004 -6796 -1712 8920 2907 12638 END
START 992 -6860 -1848 9591 3956 15876 END
START 920 -10752 -952 7437 5632 19147 END
START -296 -14320 256 5772 6322 18615 END
START -1620 -18368 2936 8948 6890 16397 END
START -1580 -19296 5556 12861 6631 16032 END
START -176 -19420 5360 7544 3623 16868 END
START 80 -19164 2868 -132 2901 17234 END
START -388 -19796 1636 -3501 4200 16936 END
START -1404 -19268 2876 708 4945 15264 END
START -2652 -20512 4404 2235 3425 15622 END
START -2628 -23076 4912 950 806 16103 END
START -2328 -25940 3464 -271 -1682 16307 END
START -2184 -27292 3756 -462 -4129 13378 END
START -2664 -27732 4188 -1269 -7271 10364 END
START -2668 -28452 3956 582 -9534 8634 END
START -2408 -26740 2536 3134 -11823 6360 END
START -1156 -26420 -1924 -500 -14429 4076 END
START -1076 -26644 -5824 -5015 -12124 266 END
START -732 -25692 -5796 -6962 -8803 -3722 END
START -440 -24732 -4112 -3922 -7572 -6573 END
START -1340 -22936 -2368 -423 -7295 -7895 END
START -2820 -21948 -1660 55 -7098 -7635 END
START -3576 -20536 -1260 -1513 -7136 -8239 END
START -3732 -20276 -1768 -2310 -8677 -9674 END
START -4184 -18480 -3024 -993 -7875 -10671 END
START -3416 -17120 -4012 -2570 -6509 -9839 END
START -3568 -18120 -3996 -1664 -4574 -9919 END
START -3340 -17372 -3204 -720 -2746 -10799 END
START -3020 -15548 -2628 -740 -2052 -10138 END
START -2440 -14668 -2712 -2257 -2049 -8966 END
START -1932 -12944 -3472 -3418 -923 -7674 END
START -1588 -12584 -4124 -4774 742 -6243 END
START -1260 -12424 -4704 -3961 2489 -5775 END
START -1304 -12888 -4636 -2851 4608 -4640 END
START -1172 -11904 -3532 -727 6401 -4080 END
START -344 -10780 -2456 -2500 7078 -2429 END
START -580 -10368 -2144 -4370 7526 -347 END
START -348 -11084 -1668 -3090 9608 200 END
START -332 -10452 -1116 -1898 9662 2508 END
START -276 -10220 -972 -2064 9445 4965 END
START -572 -11012 -772 -2657 9443 6994 END
START -60 -11360 -1588 -2196 9960 8276 END
START -92 -10748 -2312 -1911 11248 8903 END
START -680 -12868 -948 -2221 11954 10190 END
START -1568 -17152 2168 612 11758 11148 END
START -1184 -18788 3872 1268 8748 11511 END
START -128 -20276 4560 542 5119 11701 END