START -6236 -15796 4676 19777 6919 4450 END
START -3748 -24144 5936 9890 7227 5427 END
START -3388 -27052 6336 4587 4466 -1514 END
START -2788 -26600 4932 4427 437 -4670 END
START -2668 -26308 3876 4335 -2624 -6238 END
START -3068 -24588 3808 1825 -6133 -8323 END
START -2916 -24220 2016 -3553 -5901 -11968 END
START -3936 -22928 2212 -6237 -5547 -13860 END
START -3468 -21004 2412 -7721 -7272 -13827 END
START -3268 -19512 1640 -6590 -8637 -12950 END
START -2624 -17780 568 -8111 -7802 -12851 END
START -2516 -16648 -112 -11365 -6372 -13274 END
START -2432 -16380 -668 -12556 -4818 -13138 END
START -2292 -16384 -76 -10990 -4177 -12306 END
START -1664 -15696 408 -9602 -4467 -11377 END
START -1128 -14780 -1948 -10506 -2470 -11249 END
START -124 -14916 -2268 -13918 897 -10988 END
START -532 -14448 -1204 -11853 1540 -10719 END
START -236 -13040 -1528 -9049 882 -9097 END
START 804 -11880 -2468 -9575 483 -6756 END
START 1324 -12376 -3444 -11355 3451 -6544 END
START 876 -12512 -3408 -11262 5158 -6309 END
START 904 -11300 -4676 -9570 5610 -4512 END
START 1432 -10572 -5948 -10354 6330 -3027 END
START 1076 -10296 -6392 -7216 9724 -2177 END
START 1116 -8264 -5164 -5766 10905 -992 END
START 1924 -7200 -5604 -3558 10993 1182 END
START 1032 -6948 -4420 -566 10989 3648 END
START 696 -8012 -3128 3437 10505 5827 END
START 640 -8412 -2060 4254 12006 6489 END
START 76 -8332 -124 2460 11912 7628 END
START 448 -9852 588 143 11266 8672 END
START 380 -10084 2656 2149 9257 9888 END
START 552 -10872 3836 4908 6137 10635 END
START 380 -8788 2956 5013 3695 13213 END
START 800 -11576 3272 3317 5074 14150 END
START -416 -14872 5308 3323 4835 13634 END
START 0 -18172 7016 5569 968 11864 END
START -108 -16792 5728 7854 -2278 9794 END
START 456 -15436 2976 3955 -1964 13830 END
START 308 -18772 2700 -1238 -1010 13198 END
START -604 -21324 4052 65 -2565 11160 END
START -944 -21752 6644 9772 -5081 8159 END
START -1396 -18640 7716 14291 -6797 7712 END
START -1388 -18564 6572 8541 -8205 11163 END
START -1372 -22480 5684 2661 -10189 10249 END
START -1068 -23940 5192 2812 -11363 7783 END
START -1080 -22124 5164 5476 -11718 5534 END
START -1480 -19560 4616 4307 -13038 5744 END
START -2360 -21196 5212 1637 -15256 5607 END
START -3312 -22132 4324 -1195 -16162 4343 END
START -4016 -21784 5368 -2186 -17269 2193 END
START -4716 -21108 5132 1710 -19554 1782 END
START -5508 -20896 3140 4276 -20070 895 END
START -6704 -19860 576 3219 -17827 6 END
START -6708 -20896 1000 449 -17283 -3892 END
START -6860 -19164 -820 1475 -16087 -7328 END