START 5152 -2448 -2744 -1585 675 -3287 END
START 4632 -804 -1828 -1272 947 134 END
START 4752 -1228 -1520 -1377 -531 3464 END
START 4420 -3072 -1844 2780 -244 5215 END
START 5072 -2716 -2024 4216 565 7389 END
START 4724 -3592 -1896 3129 461 9981 END
START 4572 -5084 -1352 3276 -162 12768 END
START 4416 -7648 -2060 5869 456 15283 END
START 3744 -8148 -924 7484 1604 16405 END
START 3348 -9524 196 7697 348 17552 END
START 2972 -11616 -124 8787 -1160 18687 END
START 1688 -12724 -1220 9798 273 19758 END
START 920 -13616 1064 9469 2171 20503 END
START 108 -15484 2768 7734 1367 22170 END
START -288 -17944 2980 7503 251 21979 END
START -788 -19148 2172 6722 192 21349 END
START -1452 -20720 1684 5535 -396 20694 END
START -2764 -21752 1552 4138 620 20471 END
START -3036 -23948 4400 6091 493 19461 END
START -3504 -24192 6876 8895 -2150 18127 END
START -3780 -25128 8356 6180 -4878 16464 END
START -3940 -26992 8196 1287 -8818 14848 END
START -3240 -27856 5624 143 -12318 11953 END
START -2352 -27076 2804 1270 -13608 9651 END
START -1780 -26216 1808 1871 -13018 6259 END
START -1716 -25544 1684 -33 -13059 2989 END
START -2444 -25200 772 -2859 -14079 -51 END
START -2292 -25160 -1968 -3937 -13582 -2397 END
START -2692 -24412 -3760 -2358 -12265 -5329 END
START -2920 -23488 -4236 -866 -9939 -7893 END
START -3404 -22264 -3424 -952 -7463 -9288 END
START -3836 -20508 -1780 -2016 -5553 -10823 END
START -4640 -18904 -480 -3345 -4372 -11408 END
START -5192 -17404 -760 -3249 -4047 -10661 END
START -5440 -16796 -928 -2969 -3426 -10140 END
START -5068 -16460 -1012 -3660 -2254 -9852 END
START -4520 -15160 -1844 -5138 -1433 -9206 END
START -4088 -14736 -2748 -5969 412 -8080 END
START -3780 -14504 -1848 -4188 2122 -6994 END
START -3212 -13860 -1344 -2625 2686 -5796 END
START -2452 -12352 -2080 -4157 3678 -3832 END
START -1948 -11756 -2896 -5267 5415 -3001 END
START -1652 -12148 -3404 -5363 6892 -1482 END
START -1880 -12688 -3424 -2346 8408 -686 END
START -1932 -12592 -4456 -1967 10189 681 END
START -1816 -13180 -4772 -3098 13363 1002 END
START -2012 -13352 -3496 -4545 15856 2091 END
START -2032 -14964 -2372 -3379 16853 3193 END
START -2084 -17112 -16 -951 17955 3173 END
START -1720 -18908 3348 -1115 18064 2817 END
START -824 -20244 7040 -2401 16913 1409 END
START 556 -21060 9016 -2842 14382 -585 END