START 4100 -3260 1148 -3313 4148 -1428 END
START 2608 -684 572 -4225 4420 3320 END
START 3408 -816 -360 -5032 7071 5694 END
START 3148 328 128 -4513 8490 7416 END
START 2908 516 1212 -1471 6044 10125 END
START 1636 -1944 2500 2846 4032 16001 END
START 568 -7256 2852 8573 2973 19813 END
START 1032 -10912 1500 8888 2131 20630 END
START 448 -13248 940 5573 3101 18849 END
START -2836 -14832 2000 2216 3036 20386 END
START -2064 -19352 4536 3120 1139 21420 END
START -2128 -18692 4360 3006 -500 19253 END
START -2520 -19612 4904 -412 -2652 16136 END
START -4912 -19912 1312 -3056 -5344 16751 END
START -3428 -26916 -1360 -217 -6083 18769 END
START -2324 -27104 -1576 5958 -4681 14886 END
START -1280 -26548 -248 3881 -4404 11214 END
START -3056 -26544 2216 2559 -5745 9565 END
START -3564 -26840 3200 4296 -8432 8531 END
START -3332 -25424 2128 2844 -9587 5631 END
START -1980 -25288 480 1714 -11212 3279 END
START -1132 -25312 -3500 2060 -12474 2138 END
START -540 -24432 -5628 2521 -10494 422 END
START -1020 -25108 -4512 3889 -8738 -1722 END
START -1660 -24684 -2660 4640 -7987 -4179 END
START -2020 -24284 -2056 2714 -8104 -6602 END
START -2116 -22800 -2536 457 -7979 -9268 END
START -2460 -21992 -3388 -596 -7006 -9994 END
START -2588 -20880 -2808 1340 -5495 -11117 END
START -2552 -18928 -1944 1424 -4566 -12052 END
START -2332 -17604 -1636 -393 -4106 -12135 END
START -2032 -17136 -2192 -2077 -3011 -12265 END
START -1880 -15208 -1548 -1071 -1143 -12237 END
START -1936 -13044 -1272 -2326 -904 -10669 END
START -1564 -12776 -2264 -3378 -107 -8965 END
START -1348 -12132 -1784 -3377 804 -8336 END
START -1408 -10676 -1144 -2488 1819 -6846 END
START -880 -9860 -1448 -3808 1266 -3386 END
START -764 -10240 -3340 -2838 3117 -950 END
START -92 -10180 -4216 -2385 6736 -91 END
START 16 -9360 -4044 -3289 7559 1373 END
START 240 -10368 -6412 -3654 8186 4085 END
START -80 -13112 -7940 -1260 12653 6122 END
START -916 -14812 -5988 -9 16486 5802 END
START -828 -15524 -3416 -2536 17935 4929 END
START -532 -15792 -1044 -6881 18758 4802 END
START -408 -17676 4700 -4329 17845 4543 END
START -400 -20204 9952 3287 14080 4820 END