START 1308 -18248 -8756 2325 16113 7952 END
START 1148 -20740 -7544 410 18669 6533 END
START 1104 -22800 -5832 -825 19533 4481 END
START 1504 -25716 -2640 1197 21373 2279 END
START 1072 -27364 828 10 20878 -1036 END
START 956 -29292 4848 -1542 18821 -4227 END
START 1948 -29060 7520 -2795 15816 -7256 END
START 2500 -27252 8596 -3972 13253 -11025 END
START 3376 -23560 9048 -5602 11150 -13649 END
START 3996 -20604 9388 -7169 8246 -14181 END
START 4548 -18716 9244 -6305 5755 -15058 END
START 5048 -16260 8772 -5904 3354 -15595 END
START 5160 -14208 8480 -5258 1550 -15619 END
START 5340 -12656 8912 -3536 -504 -15005 END
START 5088 -12064 9124 -1416 -3385 -13991 END
START 5008 -11520 8644 356 -6039 -12645 END
START 5256 -11380 8144 1612 -8217 -12101 END
START 4940 -10688 7484 2115 -10015 -11465 END
START 4460 -10092 6748 2065 -11987 -10631 END
START 4296 -9096 5792 1903 -13939 -9295 END
START 4348 -8228 4540 2203 -15557 -7749 END
START 3928 -7828 2756 2979 -16822 -6067 END
START 3912 -7420 1112 3995 -17130 -4663 END
START 4148 -5776 -468 4922 -17063 -2754 END
START 4336 -4392 -1904 5245 -16862 -299 END
START 3788 -2856 -3076 6659 -15937 2942 END
START 3572 -2360 -3364 8226 -14337 7011 END
START 2896 -2640 -4524 9041 -12835 11472 END
START 2620 -4164 -6588 9366 -11322 15313 END
START 2028 -6692 -9228 10492 -8138 18451 END
START 724 -10204 -9252 13790 -2730 20341 END
START -1228 -14592 -7816 14340 492 22239 END
START -1648 -17776 -8536 12091 2413 22641 END
START -2048 -21440 -9620 10806 6610 21654 END
START -2836 -23160 -8676 10209 10823 19612 END
START -3160 -24092 -7652 8199 13207 18012 END
START -3032 -24428 -6832 4370 14607 16726 END
START -3492 -25520 -7324 934 16914 14806 END
START -3880 -27196 -7456 1025 20624 11914 END
START -3880 -27896 -6888 669 22668 8741 END
START -4236 -29244 -5740 1341 25666 5082 END
START -4912 -30684 -2468 5379 31455 -1686 END
START -3816 -27768 1392 6039 32767 -6512 END
START -3528 -26584 4672 5537 32767 -10503 END
START -4612 -22964 8172 7637 32767 -13422 END