START -7072 -17120 -11432 4845 26476 11039 END
START -9056 -22288 -6004 13557 27641 10014 END
START -9704 -26000 -228 14963 27814 7285 END
START -9104 -28216 4428 6837 27726 3262 END
START -8764 -32648 7172 1465 24391 -939 END
START -6372 -30644 6716 2925 19741 -5369 END
START -3524 -27444 6412 3425 17780 -8089 END
START -2276 -25600 7108 2720 16156 -10555 END
START -1144 -24212 8180 2049 13688 -12532 END
START -876 -22708 9336 1766 12042 -15079 END
START -668 -20512 11868 95 10344 -17090 END
START 96 -19192 13656 -1820 6506 -17677 END
START 1048 -17848 14168 -1003 1687 -17839 END
START 1316 -15808 13188 -238 -2641 -17773 END
START 2284 -13984 11276 -1764 -5673 -17131 END
START 2572 -13112 9904 -3069 -7268 -16660 END
START 2688 -11320 9256 -2891 -9477 -16171 END
START 2872 -10116 8628 -1627 -12147 -14862 END
START 2620 -9472 8228 324 -14667 -13538 END
START 2580 -7944 6800 404 -17094 -11222 END
START 2728 -8268 5056 -832 -18463 -9374 END
START 2476 -7672 3872 -216 -18898 -8608 END
START 2996 -6460 2688 591 -19513 -6827 END
START 3776 -4760 812 705 -19981 -4040 END
START 3668 -4392 -744 801 -19930 -1163 END
START 3016 -5492 -1752 2282 -19515 1228 END
START 2944 -5788 -3064 4569 -18914 3457 END
START 3052 -5848 -4368 4910 -18562 6608 END
START 2588 -6692 -6204 4676 -16275 9194 END
START 1616 -7788 -7056 5512 -13036 11132 END
START 780 -9024 -8736 7222 -10513 13161 END
START 528 -9576 -8724 9930 -7292 14917 END
START -1160 -10472 -7320 12075 -4111 16852 END
START -2964 -12992 -7600 12880 -2093 18826 END
START -3532 -15264 -9264 13328 1462 19441 END
START -3844 -15800 -9240 13128 6252 19377 END
START -4796 -17032 -9836 12017 9609 20078 END
START -5628 -18556 -11232 10048 14076 20473 END
START -8052 -23052 -10428 8698 19881 19035 END
START -8624 -26272 -9104 9699 22787 16305 END
START -8936 -28860 -7816 10593 25715 12818 END
START -9520 -29920 -5056 10573 29869 8655 END
START -9328 -29948 -488 6875 32767 4697 END
START -11216 -30400 4448 2312 32767 -333 END