START 832 -18448 -9624 552 17653 8530 END
START -576 -22832 -6056 6432 22173 7238 END
START -1432 -25148 -296 8068 25111 4415 END
START -2088 -29044 5820 1911 23961 1127 END
START -2040 -32768 10744 -679 20510 -3183 END
START -748 -32636 12644 631 15310 -8154 END
START 1384 -28804 11300 -915 10970 -12182 END
START 3232 -25292 9972 -2709 9095 -15402 END
START 3756 -21684 9688 -3490 8177 -17346 END
START 3836 -19248 10532 -4404 5855 -18482 END
START 3412 -18296 11404 -3759 2858 -19147 END
START 3768 -16104 11516 -2316 -297 -19716 END
START 4356 -13712 11088 -1763 -3332 -19279 END
START 5052 -10860 9984 -2501 -5709 -18148 END
START 4916 -9600 9328 -3373 -7670 -16821 END
START 5160 -9340 9144 -2234 -9776 -15302 END
START 5172 -8152 8068 172 -12193 -14132 END
START 5380 -7252 6912 829 -13849 -12519 END
START 5464 -6640 5984 -20 -15174 -10644 END
START 5460 -6180 5200 -580 -15963 -8685 END
START 5140 -6032 3872 1022 -17399 -6854 END
START 5596 -5892 1744 2733 -18707 -4650 END
START 5476 -6136 32 2552 -18867 -2896 END
START 5720 -5944 -1272 3209 -17371 -2093 END
START 5920 -5068 -1668 4952 -15383 -474 END
START 5704 -4912 -1292 5832 -15047 2158 END
START 5264 -5352 -2432 6631 -16134 5012 END
START 4724 -5984 -3420 9902 -15327 7695 END
START 4320 -6224 -4768 11993 -13671 10520 END
START 4072 -7276 -6984 10742 -12381 13098 END
START 3740 -8616 -9836 9556 -9659 15208 END
START 2620 -11164 -11340 11778 -4467 16600 END
START 1076 -14276 -10896 14522 613 18044 END
START 876 -16376 -9992 14851 4450 18539 END
START -172 -18080 -9812 12629 8359 18503 END
START -984 -20376 -7352 10188 11890 17603 END
START -1824 -20420 -4936 7335 13407 16863 END
START -1852 -21728 -3276 5727 12789 17177 END
START -2444 -23280 -4520 6258 12669 17047 END
START -2240 -23816 -4836 5061 15478 15357 END
START -1716 -23284 -4448 -1299 16591 13367 END
START -2028 -23688 -4880 -5654 17731 12165 END
START -2532 -26176 -5084 -1905 19818 10661 END
START -2424 -27728 -4244 1123 21376 7607 END
START -2564 -28756 -3756 1326 23679 3504 END
START -2896 -27700 -1360 -223 26678 -1345 END
START -3416 -26640 2196 -2787 27576 -5683 END
START -3640 -25720 6860 -2882 27532 -9147 END
START -3112 -24032 10752 -1519 25649 -11571 END
START -1812 -21684 11616 823 25131 -14721 END
START -956 -16356 12600 -1090 23163 -16164 END