START -544 -28052 -4796 -270 12241 9016 END
START -3708 -30076 -2432 -587 13338 8776 END
START -5560 -32768 132 -1755 14851 4489 END
START -6580 -32768 3364 -1756 15006 -1069 END
START -6560 -32768 6168 -2042 12697 -6000 END
START -6372 -32768 8532 -1860 11331 -12138 END
START -4756 -29136 9060 -3953 9356 -16994 END
START -2256 -24740 9416 -5345 8580 -19749 END
START -1484 -20740 10568 -4463 7180 -21278 END
START -320 -17800 12068 -3495 4396 -21589 END
START -68 -15536 12852 -1378 1157 -21465 END
START 464 -12692 12580 -1661 -3154 -20686 END
START 1872 -11264 10900 -2081 -5978 -20026 END
START 3072 -9516 8732 -2807 -7531 -18887 END
START 3204 -8420 7620 -1935 -8811 -18456 END
START 2784 -6208 7428 1479 -10862 -17779 END
START 3732 -5216 6372 2584 -13026 -15297 END
START 4028 -4412 5344 4175 -13460 -13368 END
START 3720 -4164 4992 4814 -13871 -10915 END
START 3816 -3372 4180 4257 -15887 -9000 END
START 4124 -3084 2828 4036 -16843 -6480 END
START 4408 -3548 1476 3445 -17802 -3896 END
START 4592 -4196 -40 4200 -18753 -1560 END
START 4684 -4856 -2104 5679 -19036 1216 END
START 4600 -4988 -4108 7164 -18408 3747 END
START 4648 -6776 -5584 8472 -17310 5904 END
START 3988 -7384 -6352 10014 -15545 7611 END
START 3988 -7372 -6356 10985 -13528 10175 END
START 2992 -7972 -7028 11575 -11506 12769 END
START 2244 -9936 -8576 11872 -9437 15162 END
START 1440 -11072 -9024 14620 -4811 16282 END
START -72 -10344 -6244 17790 -676 17429 END
START -1544 -12272 -4076 16642 297 20471 END
START -2700 -15524 -5440 15285 2343 21797 END
START -3280 -18644 -5816 14570 6683 21495 END
START -3512 -20196 -5024 11024 8853 21305 END
START -4068 -21548 -7132 6648 10439 20887 END
START -3640 -22244 -10272 3153 14253 19866 END
START -4852 -23448 -10216 1982 19745 18217 END
START -5992 -23272 -9764 1329 23538 17112 END
START -7264 -24360 -7692 -158 26289 16022 END
START -9436 -27136 -4724 -2431 28471 13984 END
START -10656 -27876 -1556 -1571 30696 10355 END