START -424 -12460 -6232 -330 11864 7383 END
START 4 -14804 -6440 -275 14439 9273 END
START -1696 -19644 -6336 2402 18041 9303 END
START -3020 -23140 -3700 6947 23504 6459 END
START -3364 -24832 1404 6281 24175 3103 END
START -2792 -27232 4796 2279 22402 -189 END
START -1808 -27976 7084 -2051 20137 -3635 END
START -892 -27844 7956 -3995 18265 -7004 END
START 476 -25816 8688 -3067 15237 -9486 END
START 1600 -24204 8868 -841 13006 -11002 END
START 2256 -22740 8844 -60 10864 -12636 END
START 2584 -21544 9596 -1307 8609 -14259 END
START 2420 -20496 11004 -1501 5936 -16092 END
START 2584 -18220 11640 -1409 3130 -16864 END
START 2972 -16520 11976 -1888 123 -17403 END
START 3384 -14992 12232 -1944 -2234 -17396 END
START 3276 -13056 12136 -2474 -5153 -16932 END
START 3328 -12156 11888 -1395 -8029 -16015 END
START 3624 -10488 10620 -698 -10997 -15212 END
START 3652 -9064 9516 269 -12569 -14188 END
START 3780 -7860 8504 1059 -14409 -12391 END
START 3916 -6832 7496 1844 -16362 -10466 END
START 4104 -5860 6556 2794 -17980 -7817 END
START 3940 -5596 5096 2375 -19665 -4968 END
START 3968 -6464 2964 4267 -20666 -3416 END
START 4656 -5516 1100 7335 -20302 -1089 END
START 4728 -5224 -580 7306 -19974 1721 END
START 4528 -5168 -2500 5768 -19490 4513 END
START 4512 -6232 -4568 6829 -17361 7273 END
START 4788 -6716 -6088 10163 -14684 9934 END
START 4900 -7232 -8368 10301 -12223 12819 END
START 4448 -8256 -9828 9653 -6918 15050 END
START 2600 -11076 -8572 9959 -1942 16727 END
START 1364 -12788 -6204 13029 1263 18045 END
START 128 -12884 -5792 12775 4018 19907 END
START -912 -13508 -5452 9104 7002 20534 END
START -2436 -16632 -5816 4389 8939 21292 END
START -3320 -18592 -6076 4741 10093 21686 END
START -3448 -20292 -6180 6236 10962 22113 END
START -4600 -23284 -7372 6997 12110 21896 END
START -4748 -27072 -8160 6871 17281 17821 END
START -5824 -31380 -5012 7388 22961 12326 END
START -6100 -30900 -1356 2822 24232 6300 END
START -5656 -30092 1692 -2727 24994 2736 END
START -5472 -29616 4748 -6102 25230 -902 END
START -5788 -29276 7800 -4335 24287 -4039 END