START -1436 -15936 -5060 6291 8026 9928 END
START -2084 -18872 -4808 7120 10022 10026 END
START -2332 -20648 -4388 6249 13301 8501 END
START -2604 -24588 -3992 232 17567 6479 END
START -2732 -27912 -2808 -3808 20917 2659 END
START -2480 -29500 -868 -4940 21567 -536 END
START -1812 -29572 2256 -2731 20575 -3535 END
START -2272 -29792 6852 43 17586 -6138 END
START -2292 -29928 11268 2689 13522 -9063 END
START -1360 -27260 12988 -744 10299 -11958 END
START 220 -24960 14152 -6453 7573 -14675 END
START 1500 -21520 13944 -8369 4406 -16086 END
START 2164 -18584 13396 -7170 893 -16631 END
START 2772 -15860 12356 -5259 -2079 -16388 END
START 3172 -13464 11420 -5067 -4130 -16107 END
START 3220 -12336 10876 -5126 -5986 -15436 END
START 3872 -10564 9884 -4617 -8366 -14602 END
START 4064 -9084 8164 -3750 -10169 -13656 END
START 4328 -7860 6780 -3714 -10644 -12673 END
START 3864 -7328 6336 -3094 -11548 -11637 END
START 3360 -7148 6068 -1836 -13238 -10194 END
START 3028 -6364 4404 -659 -14481 -8495 END
START 3148 -5724 3036 -1117 -14724 -7036 END
START 2780 -5156 1892 -1246 -15011 -5104 END
START 2960 -4936 1476 428 -15582 -2939 END
START 2180 -4756 220 3944 -17338 -30 END
START 2424 -5540 -2828 6820 -18263 3195 END
START 2644 -6648 -5744 8504 -16614 5541 END
START 2544 -6840 -6260 9631 -13430 7394 END
START 2340 -6712 -6160 10193 -11173 10059 END
START 1796 -7460 -5964 11304 -8828 13109 END
START 624 -9536 -6972 12351 -7424 16314 END
START -248 -11656 -7624 15066 -4591 18210 END
START -2172 -13488 -6308 17436 -646 19514 END
START -3288 -13960 -6364 14461 2008 20725 END
START -3644 -17600 -8884 9387 4954 21519 END
START -5160 -20656 -9772 7814 9612 20459 END
START -6264 -23368 -8504 10266 11611 19168 END
START -6184 -23392 -8292 10197 13295 19426 END
START -5888 -23008 -8520 5042 16024 18046 END
START -7704 -24964 -8664 -1171 21199 16423 END
START -9212 -27368 -5880 -1142 24797 13608 END
START -9536 -28728 -4384 4692 24939 11199 END
START -10536 -30852 -2848 10344 26853 6744 END
START -11220 -31488 940 7307 28886 505 END
START -10824 -30892 4632 2122 29416 -5587 END
START -10320 -28828 8164 2202 28401 -10282 END
START -7988 -25280 10168 3740 26221 -13059 END
START -6256 -21232 11740 4308 23841 -14486 END
START -6352 -17744 12672 3425 18540 -15069 END