START 1588 -20936 -7520 2322 17272 9672 END
START 2148 -24056 -6136 4873 20310 8216 END
START 1648 -25784 -4244 3538 23963 5533 END
START 1012 -27912 200 -671 25061 1717 END
START -120 -30596 5212 -461 25576 -2696 END
START -688 -32292 9112 -1441 22664 -7168 END
START -1360 -32128 11748 -1416 19436 -11808 END
START -556 -29120 13836 -1268 15222 -16105 END
START 808 -24828 13788 -1960 11137 -19157 END
START 2208 -20372 12920 -3260 8226 -21001 END
START 2768 -16976 13384 -3666 5758 -21480 END
START 2884 -14920 14012 -2075 2189 -20889 END
START 3480 -12984 13644 313 -1796 -19899 END
START 3696 -11496 13008 1793 -5152 -18776 END
START 4192 -10060 11908 660 -7532 -17712 END
START 4404 -8576 11004 107 -9554 -16565 END
START 4552 -7520 10124 -735 -11859 -14986 END
START 4596 -7028 9412 1592 -13408 -13510 END
START 4996 -5664 8268 2924 -15219 -11998 END
START 5248 -4516 6648 2850 -16636 -9690 END
START 5100 -4400 5300 2843 -17542 -7553 END
START 4720 -4292 4172 4408 -18873 -4837 END
START 5196 -3992 2564 6584 -20124 -1534 END
START 5336 -4376 268 7020 -20242 1337 END
START 5444 -5028 -1592 6140 -19473 3379 END
START 5552 -5328 -2544 6705 -18448 5146 END
START 5192 -5840 -3828 7903 -17172 7582 END
START 5356 -6568 -5076 9420 -15987 10328 END
START 5328 -7592 -6496 9949 -13497 12831 END
START 5228 -8032 -6484 11471 -8991 14088 END
START 4320 -7864 -5160 11400 -5526 16322 END
START 2824 -10180 -4616 10466 -4701 19290 END
START 1508 -13764 -4816 13182 -2767 21542 END
START 1112 -16308 -6556 15022 -862 21953 END
START 584 -16672 -7620 14838 3927 21673 END
START -400 -17832 -9268 8703 8165 21399 END
START -1996 -21104 -8484 4877 12997 20414 END
START -3200 -25036 -6788 6844 16074 19091 END
START -2880 -26308 -5216 8974 16406 16910 END
START -3256 -27760 -5360 7028 18549 14662 END
START -2896 -27584 -6580 -1270 20911 10971 END
START -2808 -27468 -6368 -7267 23342 7897 END
START -3664 -28160 -6308 -4202 26365 5498 END
START -4604 -28580 -5892 -344 28994 2188 END
START -6496 -30964 -1836 2991 32018 -2231 END
START -7652 -32044 2712 6225 32207 -7655 END
START -7896 -30636 9028 1624 30946 -14960 END
START -8300 -27940 12808 -5970 27471 -20398 END
START -6052 -22440 15436 -7393 23173 -22017 END