START -1088 -17796 -13900 -2004 18158 7714 END
START -3180 -21572 -13540 -1929 23771 6725 END
START -5220 -23920 -10704 3738 27370 5690 END
START -7628 -26504 -4540 8546 28247 3915 END
START -9000 -28972 24 7128 28805 587 END
START -11732 -32768 8700 3349 28076 -3173 END
START -12088 -32768 15048 1028 22813 -8697 END
START -9780 -32768 17740 -3015 17615 -13664 END
START -6064 -28648 18168 -4501 13552 -17879 END
START -3596 -22632 18532 -4057 9169 -20232 END
START -1836 -17636 17980 -2873 4274 -21149 END
START -392 -15192 17096 -2019 -5 -20889 END
START 452 -13568 15352 -1168 -3430 -20423 END
START 1040 -11364 13280 -1169 -5887 -19651 END
START 1460 -10076 12780 -699 -7283 -18906 END
START 2404 -8072 11924 -1440 -9829 -17192 END
START 2924 -7512 10368 -1096 -12125 -15863 END
START 3184 -7136 9544 1839 -13882 -14279 END
START 3800 -6228 7952 2855 -15060 -12717 END
START 3984 -5504 6912 665 -16845 -10843 END
START 3820 -5972 5704 1641 -17750 -8279 END
START 3668 -6292 4236 3689 -18339 -6427 END
START 3488 -6404 3092 4718 -18325 -4460 END
START 2960 -7000 2556 4729 -18845 -3294 END
START 2432 -6556 1392 4707 -18780 -1664 END
START 2720 -6772 100 4640 -19256 813 END
START 2708 -7092 -2024 5798 -19598 3514 END
START 2740 -8184 -3484 8487 -17776 4911 END
START 2320 -8336 -3996 9281 -16325 6604 END
START 1712 -8500 -4696 10302 -14844 8558 END
START 1020 -8864 -5804 10171 -12701 11561 END
START -16 -11260 -6420 12791 -9611 12952 END
START -700 -10892 -5788 15897 -6067 14213 END
START -896 -12004 -7000 15058 -4236 16179 END
START -1068 -14580 -8756 14635 -1518 17061 END
START -1544 -15604 -11960 13367 3664 17038 END
START -2348 -18064 -14064 11913 9325 17551 END
START -3048 -20540 -13836 14358 15652 17084 END
START -4016 -22064 -9572 16190 20368 16525 END
START -4740 -24076 -4412 12474 22653 16150 END
START -6096 -26088 52 5651 24121 15203 END
START -8248 -30556 4792 1352 24832 13086 END
START -9704 -32664 9048 1216 24927 7587 END