START 3284 -10648 -16436 4869 3867 13186 END
START 2160 -14020 -17440 3592 12376 14273 END
START -1016 -18060 -13552 8095 18465 13649 END
START -2964 -22432 -8292 9224 20148 12992 END
START -5452 -29216 -3140 1566 22396 10026 END
START -6984 -32768 2392 -11658 23157 4300 END
START -7756 -32768 8260 -7724 21283 -1567 END
START -5584 -32768 10304 -91 14964 -6666 END
START -1452 -32768 9728 927 11557 -12413 END
START 508 -27472 8712 -2457 9755 -15924 END
START 1104 -23192 8868 -4390 8905 -18379 END
START 1504 -19840 9752 -4970 6892 -19281 END
START 1916 -16820 10356 -3503 4242 -19438 END
START 2356 -15004 10540 -2190 486 -18548 END
START 2808 -13532 10024 -699 -3106 -17351 END
START 3108 -12448 9084 1126 -5092 -16555 END
START 3168 -11052 8212 258 -7151 -15474 END
START 3516 -10632 8012 185 -9103 -14272 END
START 3772 -10184 7552 1906 -10854 -12800 END
START 3436 -9380 6884 3647 -12548 -11928 END
START 3524 -8336 5784 1657 -14092 -10176 END
START 3092 -8072 4700 439 -14423 -8939 END
START 2708 -7100 3900 259 -15227 -7494 END
START 2864 -6152 2764 1194 -16615 -5535 END
START 3180 -5296 676 1751 -17460 -3312 END
START 3188 -5356 -1056 2144 -16829 -853 END
START 2896 -5972 -2200 3858 -16095 752 END
START 3400 -5864 -3060 5239 -14945 3007 END
START 3408 -5416 -3776 5336 -13419 5070 END
START 3356 -6104 -4748 4089 -12276 8224 END
START 3020 -7584 -7004 4679 -11145 10897 END
START 2960 -8988 -9080 7327 -8983 13134 END
START 2752 -9468 -9052 10770 -5178 15060 END
START 1988 -10444 -7392 11768 -2019 17050 END
START 464 -13644 -7900 11692 -556 19361 END
START -852 -17636 -8460 13090 2730 19591 END
START -1716 -18800 -7192 11429 6680 18845 END
START -1972 -18400 -6764 5282 9691 17857 END
START -2412 -19420 -8644 122 12662 17738 END
START -2736 -21732 -7752 3143 15445 17938 END
START -3184 -23160 -7168 7229 15493 17309 END
START -2872 -23940 -7440 7884 16852 15629 END
START -2912 -24804 -8044 2634 20030 13375 END
START -3468 -26604 -8304 -3946 25455 9777 END
START -3876 -26624 -6392 -6268 29633 6088 END
START -5736 -30092 -1992 1905 32767 3121 END
START -7300 -29308 3372 9878 32767 -1506 END