START -3944 -16372 -6048 7944 15033 11784 END
START -5132 -20464 -5304 10429 16965 11479 END
START -5624 -23492 -2768 10815 20391 8811 END
START -6040 -26096 1848 7928 21251 5547 END
START -5984 -30084 5644 5396 19600 2149 END
START -5124 -31536 7672 2757 16931 -1528 END
START -3612 -31972 8332 1081 14054 -5733 END
START -1940 -29440 7468 -367 12477 -10328 END
START -324 -26136 7320 -2496 11452 -13272 END
START 316 -23032 8032 -3256 9991 -15742 END
START 1168 -20480 8608 -3334 7907 -17033 END
START 1556 -18236 9604 -3143 5615 -17346 END
START 2008 -16768 10236 -2855 2273 -17033 END
START 2828 -15528 9964 -2667 -726 -16264 END
START 3588 -14992 9396 -3119 -3694 -15771 END
START 3016 -14460 9452 -2153 -5859 -15445 END
START 2116 -13540 9352 -2174 -7872 -14960 END
START 2212 -12240 8924 -3587 -10121 -14469 END
START 2528 -11028 7668 -4103 -12238 -13409 END
START 2660 -9516 6532 -2544 -14255 -12114 END
START 2888 -8004 5352 -2690 -15541 -10687 END
START 3052 -6820 4012 -2229 -16458 -8885 END
START 2932 -5956 2756 -2480 -17939 -6741 END
START 2564 -5668 1076 -1949 -18727 -4216 END
START 2352 -5272 -40 435 -18982 -2152 END
START 2464 -4892 -1276 1555 -18771 198 END
START 2420 -4828 -2040 1639 -18297 2931 END
START 2272 -5280 -2516 2792 -18069 5633 END
START 1416 -5508 -3564 4947 -17974 8555 END
START 776 -6640 -5584 5331 -17656 11563 END
START 72 -8012 -9460 4007 -15983 14160 END
START -856 -10852 -14012 4075 -11044 15184 END
START -1516 -11792 -14164 9789 -4284 14822 END
START -3260 -12960 -11632 14966 -847 15989 END
START -3896 -15024 -10396 16125 2618 16942 END
START -4776 -16472 -9568 14837 7389 17301 END
START -5664 -17696 -9836 13474 11218 17112 END
START -6200 -19304 -9712 14439 14741 16626 END
START -6972 -20512 -10424 13661 17113 16642 END
START -7428 -23812 -12328 10744 21752 15609 END
START -7988 -27740 -11628 5744 28316 12713 END
START -9016 -31352 -10228 1479 32767 8732 END
START -9956 -32768 -6608 2735 32767 3649 END
START -11168 -32768 -972 10924 32767 -2750 END