START -1524 -16872 -13068 -1014 13511 14049 END
START -3668 -23712 -12724 5540 18474 13226 END
START -4904 -27968 -9572 12531 22121 9604 END
START -5616 -31216 -3796 9297 25577 4744 END
START -8052 -32768 3368 -1149 27126 -962 END
START -9452 -32768 11584 -4265 23362 -6205 END
START -7984 -32768 16220 -313 15975 -10333 END
START -4248 -29296 16580 1311 10174 -14118 END
START -1260 -23468 15724 -1827 5559 -16009 END
START 176 -20008 14340 -3896 2406 -16763 END
START 932 -17636 13184 -3813 -507 -16919 END
START 1244 -15596 11716 -2648 -3177 -17083 END
START 2076 -13744 10052 -3652 -5313 -16769 END
START 2568 -11996 8108 -5441 -6552 -16238 END
START 3040 -11920 7028 -4888 -7229 -15639 END
START 3492 -10552 6244 -1800 -7683 -14745 END
START 3808 -9960 6208 -485 -8138 -13910 END
START 3524 -9144 6532 818 -9264 -13046 END
START 3528 -8188 6900 1758 -11271 -11634 END
START 3236 -7344 6700 3333 -13384 -9481 END
START 3128 -6648 5228 2475 -15181 -7117 END
START 2876 -7080 3760 1875 -15669 -5237 END
START 3180 -7120 2168 2418 -16598 -3603 END
START 3588 -6636 348 3580 -16425 -1362 END
START 3508 -7624 -756 3441 -16335 544 END
START 3584 -7832 -2404 4707 -14903 2148 END
START 3992 -7960 -3804 4263 -13849 3895 END
START 3900 -7788 -3780 5408 -12144 6092 END
START 3300 -7912 -3772 6364 -11017 8395 END
START 2688 -8064 -3700 6587 -9607 10998 END
START 1572 -9120 -5624 6073 -8744 13885 END
START 1128 -10300 -7228 9459 -5544 15505 END
START -204 -10060 -6564 11887 -1871 16920 END
START -1740 -11992 -4752 13002 220 18936 END
START -2984 -14944 -3280 14974 1634 20743 END
START -3256 -16264 -2372 12673 3856 21138 END
START -3756 -16820 -1920 6173 5793 21098 END
START -4668 -17928 -3616 2388 7024 21674 END
START -5972 -22340 -5780 3826 8775 22120 END
START -6936 -24776 -7100 6598 10963 20058 END
START -6256 -25428 -8144 4310 14353 17466 END
START -6600 -25692 -7976 287 19518 14518 END
START -8304 -26192 -4004 -1568 23177 11398 END
START -8396 -24984 -444 871 22228 9688 END
START -10188 -26304 2528 2016 20353 8233 END
START -10440 -27236 4248 4527 18116 4420 END
START -9960 -27900 4756 4064 16732 787 END
START -9428 -27180 6424 3730 16533 -4110 END
START -7664 -23796 7568 247 14768 -7222 END
START -6220 -22100 9212 -102 13157 -9685 END
START -4916 -19564 10168 -1020 10262 -10954 END
START -4256 -19356 10116 -1630 6877 -12383 END
START -3748 -18456 10012 -1096 4342 -14286 END