START 692 -12960 -5576 1986 7820 8482 END
START 728 -14968 -6872 2194 10617 10328 END
START 176 -18980 -7204 4191 15822 10653 END
START -168 -22228 -5056 5459 19914 7713 END
START 104 -25640 -1928 3752 21080 4449 END
START 436 -28364 412 -2316 22354 -9 END
START 344 -30640 4060 -9374 22056 -4285 END
START 824 -31744 7540 -7162 18629 -7573 END
START 1588 -29576 9032 -1127 14779 -9646 END
START 2428 -27092 10516 987 12158 -12316 END
START 2884 -23804 11892 -1178 8719 -15741 END
START 3048 -20560 11896 -4647 5267 -17916 END
START 3308 -18032 11984 -5166 2701 -18909 END
START 3364 -15320 11840 -3382 -168 -18575 END
START 3644 -13632 10928 -2715 -2730 -17475 END
START 3392 -12668 11072 -316 -5010 -16743 END
START 3616 -10772 9964 526 -7217 -15691 END
START 3460 -9700 9428 879 -9405 -14692 END
START 3756 -8764 8212 373 -11694 -13236 END
START 3988 -8040 7148 1008 -12963 -11969 END
START 3332 -6844 6216 2396 -14331 -10157 END
START 3408 -6284 5444 3958 -16011 -7977 END
START 3688 -5812 3680 4437 -17348 -5346 END
START 3672 -5816 2228 4890 -18032 -3275 END
START 3820 -5388 620 5751 -18317 -756 END
START 4012 -5448 -76 7220 -17903 1788 END
START 4004 -4424 -988 7313 -17474 5041 END
START 3852 -4952 -2972 7049 -17137 8702 END
START 3900 -6228 -5980 7044 -16235 12119 END
START 3648 -7280 -9112 9077 -12528 14541 END
START 3252 -7572 -9932 9246 -7633 16554 END
START 1188 -8892 -8716 10322 -3256 19373 END
START 228 -12504 -9660 12196 -590 22201 END
START -844 -14816 -9616 12697 3218 23199 END
START -2412 -17296 -8960 11725 6817 23554 END
START -3800 -19388 -9524 8181 10043 23504 END
START -4960 -24192 -9608 7727 13877 22533 END
START -5536 -28752 -10264 10348 17567 19653 END
START -4648 -29332 -11456 8552 23062 14504 END
START -4460 -28788 -10468 -824 30792 8566 END
START -5624 -28976 -5604 -10605 32767 3272 END
START -6964 -31540 832 -10213 32767 282 END
START -6036 -29892 5204 -2106 32767 -2179 END
START -5224 -28652 8568 1658 32767 -4651 END
START -4328 -26476 11496 -149 32767 -7605 END