START 1408 -8872 -14680 -3241 3733 14128 END
START 780 -8768 -17148 -4014 12264 16886 END
START -1340 -11496 -17232 -898 19867 19071 END
START -6372 -19048 -12772 11498 22815 21137 END
START -10900 -32768 -4660 19995 24577 19880 END
START -12552 -32768 3752 -3164 24989 8868 END
START -12844 -32768 9772 -18454 23018 -5351 END
START -6932 -32768 9732 -5218 16794 -12526 END
START -1192 -31048 5620 1064 12539 -15708 END
START 712 -25768 5456 -2149 12383 -18660 END
START -112 -23456 6768 -6133 11521 -21157 END
START -216 -21032 8236 -8486 9160 -22036 END
START 32 -18212 8896 -5942 5971 -21846 END
START 536 -15236 9204 -1274 2551 -21226 END
START 1248 -14072 9352 3729 -1093 -19500 END
START 1620 -11848 8424 6182 -4720 -17956 END
START 2340 -11328 7956 6362 -7112 -17026 END
START 2400 -10184 7400 8030 -9218 -16264 END
START 3148 -8296 6164 5827 -11138 -15004 END
START 3436 -8520 5956 2586 -12258 -13229 END
START 3264 -8584 5468 1857 -13578 -12215 END
START 3220 -7140 4132 2253 -14522 -10895 END
START 3656 -5892 2248 3030 -15894 -8779 END
START 4256 -5388 620 3289 -16349 -5989 END
START 4468 -5800 -516 4520 -15686 -4036 END
START 4568 -5684 -1140 6588 -15432 -1912 END
START 4740 -4860 -928 7336 -15542 317 END
START 4380 -4612 -2684 5564 -15717 3335 END
START 3664 -5708 -3668 6025 -15175 6207 END
START 3708 -6576 -4128 8589 -13581 8913 END
START 3776 -7272 -5436 8128 -12888 11480 END
START 3136 -7544 -7012 7391 -10438 13900 END
START 1988 -9148 -6384 8438 -7619 15866 END
START 348 -10572 -5616 10015 -5844 18040 END
START -596 -14064 -6472 10853 -5471 20254 END
START -948 -16328 -9104 11152 -2839 20739 END
START -844 -16472 -9592 8900 2361 20310 END
START -1864 -15876 -8660 4772 6251 19950 END
START -2472 -16408 -10020 923 7895 21070 END
START -3888 -20116 -10660 3015 10393 21935 END
START -5476 -22672 -10272 6975 12012 21228 END
START -5600 -24596 -11352 7592 13903 19739 END
START -6220 -27516 -12508 3220 18415 17022 END
START -7092 -30008 -10728 -1073 23660 12370 END
START -7436 -30324 -7404 -898 26696 7722 END
START -7492 -31132 -3824 -255 27417 3770 END
START -8108 -32064 668 -442 27624 -1096 END
START -7480 -31076 5716 -1328 25586 -5828 END
START -6984 -29932 9552 54 21085 -9491 END