START 2064 -13252 -11044 296 9845 9349 END
START 1712 -15416 -12684 -2722 15363 9796 END
START 144 -20392 -11212 2610 20380 9573 END
START -1008 -25100 -5912 10080 22718 9153 END
START -2020 -29540 -328 9771 22581 5181 END
START -2932 -32768 5592 -325 21938 -1026 END
START -3852 -32768 10496 -5450 19423 -7413 END
START -2504 -32768 13768 -2165 14615 -11455 END
START -180 -29140 13508 -431 8982 -14898 END
START 1520 -24608 12416 -1737 5303 -17218 END
START 1904 -21472 11532 -3105 2727 -19216 END
START 1548 -18380 11216 -2010 611 -19914 END
START 1892 -15744 11032 -278 -1963 -19233 END
START 2164 -14248 10460 145 -4592 -18382 END
START 1808 -13068 10124 1378 -6905 -17812 END
START 2144 -11028 9224 1077 -8879 -17145 END
START 2768 -9316 8464 521 -10147 -15989 END
START 3032 -7796 7648 977 -11646 -14352 END
START 3184 -6716 6516 1849 -13044 -12062 END
START 3820 -6160 5432 2347 -14326 -9542 END
START 3968 -6140 4096 1264 -15365 -7285 END
START 4276 -5572 2072 316 -15423 -5579 END
START 4396 -6300 528 -317 -14938 -3808 END
START 4356 -6928 -620 1466 -14256 -1878 END
START 4696 -6984 -1236 3954 -13601 -37 END
START 5052 -7164 -1496 4817 -12771 1507 END
START 4968 -6752 -1868 5373 -11713 3076 END
START 4932 -6628 -2456 5198 -11279 5363 END
START 5108 -7384 -4032 5262 -10431 7597 END
START 4856 -7592 -5276 5557 -8885 9790 END
START 4276 -8768 -5824 6567 -6751 11940 END
START 3368 -9588 -5608 9382 -3906 14139 END
START 2588 -9936 -4768 9797 -2156 16272 END
START 1656 -12740 -5536 9126 -917 18264 END
START 760 -16056 -5748 10169 1769 18767 END
START 140 -17356 -4588 9221 4363 18141 END
START 8 -17356 -5408 4148 6191 18385 END
START -128 -18876 -6988 1529 9090 18267 END
START -1100 -20640 -7292 1541 11558 17963 END
START -1556 -23644 -6156 4005 13107 17416 END
START -896 -24472 -7232 2326 14735 15748 END
START -1452 -25816 -7740 -1133 18274 13192 END
START -1444 -26224 -7720 -3762 21352 10520 END
START -1672 -26584 -7112 -4319 23858 7714 END
START -2592 -27140 -6124 -2620 26140 5250 END
START -3616 -26824 -3780 1734 28705 1993 END
START -4916 -25464 -16 1848 29915 -1063 END
START -6448 -25652 4952 173 29471 -4117 END
START -7296 -25276 9856 -4530 28055 -8099 END
START -7276 -25356 15596 -3772 24016 -11073 END
START -5652 -21392 18180 -315 16368 -12827 END
START -4700 -17420 17316 -1431 6625 -14014 END