START 2364 -16348 -13296 -3270 10853 13156 END
START 844 -19072 -11448 2825 16740 12074 END
START -1612 -22632 -6952 8137 19151 11685 END
START -3200 -26188 -2708 4419 20473 9841 END
START -4616 -31168 2732 -5289 21510 5431 END
START -6044 -32768 7040 -8693 19790 -208 END
START -6076 -32768 9932 -6515 15306 -4680 END
START -3772 -32388 10896 -3595 10734 -9492 END
START -832 -27956 10364 -3133 7589 -13015 END
START 868 -23696 9084 -3791 6018 -15505 END
START 1800 -20080 8728 -5220 4611 -16967 END
START 2472 -18408 8584 -4786 2537 -17264 END
START 1972 -16564 8768 -2841 562 -17682 END
START 2516 -14916 9088 -1281 -1682 -17767 END
START 2932 -13248 8880 -688 -4131 -17053 END
START 3244 -12264 8784 -167 -5982 -16549 END
START 3520 -10840 7916 346 -8003 -16097 END
START 4316 -9020 7148 -510 -10001 -14773 END
START 5008 -8444 6104 72 -11344 -13229 END
START 4892 -7576 5336 1285 -12721 -11274 END
START 4296 -7060 4956 2357 -14563 -9554 END
START 4012 -6784 3604 3136 -16194 -7033 END
START 4056 -6392 1700 3470 -16579 -4904 END
START 3776 -6160 -192 2641 -16526 -2644 END
START 3072 -6368 -2444 2207 -15857 -573 END
START 2864 -6284 -2868 3899 -14966 1097 END
START 3060 -6088 -3256 5097 -14850 3489 END
START 3352 -6108 -4056 5263 -13826 5938 END
START 3060 -6508 -4452 5690 -12687 8467 END
START 2316 -7116 -5716 6695 -11581 11703 END
START 1700 -8004 -6948 7875 -9840 14220 END
START 588 -8540 -7500 9806 -6862 16317 END
START -464 -10544 -8368 9721 -4936 18957 END
START -1376 -13064 -8748 12604 -2150 20400 END
START -2168 -14476 -10144 13592 1334 21405 END
START -2796 -16872 -10512 11889 5730 22015 END
START -3660 -18824 -10796 10362 10864 21535 END
START -4368 -20292 -10460 9742 14750 20631 END
START -6172 -22320 -8020 9308 17759 19704 END
START -6432 -23560 -5908 9611 19337 18377 END
START -6008 -24560 -6296 7112 22351 16368 END
START -6680 -26180 -4272 3606 25363 13613 END
START -7612 -28760 -1932 4781 25959 10861 END
START -8920 -31552 1628 12282 27579 6251 END
START -10276 -31256 5996 11170 29306 648 END