START -776 -14000 -5968 2361 665 2297 END
START -1132 -14480 -6948 1903 2489 3135 END
START -1776 -17292 -8708 1412 5179 3398 END
START -2284 -18132 -8740 3426 8673 2506 END
START -2564 -18492 -8516 3708 12175 1972 END
START -2544 -17656 -6568 4375 15259 1326 END
START -3008 -17160 -4916 3678 16828 1430 END
START -2580 -17452 -2792 3427 17583 1751 END
START -2208 -19060 -688 2250 17984 2074 END
START -2132 -20864 396 -107 18860 1348 END
START -1728 -23064 1008 -3481 20908 -208 END
START -1176 -25444 2652 -6081 21745 -1964 END
START -1256 -26468 5332 -4743 20620 -4298 END
START -1188 -27104 8100 -1045 18544 -6609 END
START -644 -26124 11248 486 16081 -9091 END
START -8 -25260 13468 -2114 12911 -11813 END
START 360 -24520 13132 -4210 10345 -15039 END
START 1636 -20900 13344 -4908 7960 -16938 END
START 2952 -17916 13336 -4317 4302 -17579 END
START 3844 -15372 12436 -4364 794 -17300 END
START 4228 -14220 11560 -4507 -2095 -16523 END
START 4308 -13196 10692 -1878 -5522 -15740 END
START 4524 -11520 9700 -1088 -8392 -14723 END
START 4564 -10768 9072 -1381 -10403 -13813 END
START 4520 -9724 9016 -1920 -12692 -12413 END
START 4148 -8472 7860 -1933 -15174 -10941 END
START 4252 -7272 6544 -1522 -17371 -9307 END
START 3820 -5860 5324 -2326 -19183 -7152 END
START 3224 -5572 3732 -2233 -20368 -5339 END
START 2536 -5288 2020 -1592 -21618 -3235 END
START 1908 -4868 -592 -1672 -21681 -1322 END
START 1192 -4452 -1956 -1001 -21185 548 END
START 504 -4348 -3160 -167 -21488 2415 END
START 128 -4736 -4260 2362 -21740 4812 END
START -428 -5516 -5864 4312 -20946 7002 END
START -1020 -6212 -8336 4059 -19431 9491 END
START -1360 -7196 -10112 5021 -15993 11390 END
START -2196 -8412 -11172 8266 -13336 12967 END
START -2496 -8224 -11336 12106 -10093 14912 END
START -2720 -7800 -9756 15257 -5644 17283 END
START -4004 -8260 -7308 14748 -3107 20453 END
START -6104 -13248 -10088 13773 -2129 23625 END
START -7968 -16980 -12192 16987 2294 23743 END
START -8616 -18164 -12804 15595 7500 23667 END
START -9396 -20424 -16476 11587 12294 23568 END
START -11344 -25180 -19540 12496 19175 22180 END
START -11868 -27112 -19200 13687 25748 19029 END
START -12412 -27280 -15808 12638 31948 15009 END
START -12464 -26008 -13584 8827 32767 12061 END
START -14512 -27456 -12568 2568 32767 9493 END
START -18144 -30168 -9596 -2384 32767 6255 END