START 3172 -13828 -9024 656 4791 9692 END
START 2256 -15396 -9116 -2446 10370 10570 END
START 624 -20108 -7508 -1402 15370 9730 END
START 68 -24216 -4948 1408 17193 7473 END
START 440 -26880 -1784 3230 18442 4305 END
START 1052 -27764 1520 623 18898 418 END
START 1928 -28344 4228 -4278 18036 -3126 END
START 2488 -29196 7088 -4715 16175 -6259 END
START 3208 -27832 8488 -2793 12975 -9030 END
START 3188 -26720 9920 -1386 10095 -11980 END
START 3320 -23556 11148 -2322 7300 -14941 END
START 3936 -20724 11696 -4772 4182 -16793 END
START 4500 -18184 11204 -4373 1486 -17607 END
START 4664 -15600 10760 -3154 -1290 -17354 END
START 4780 -13420 9980 -2380 -3843 -16701 END
START 5268 -11928 9640 -1903 -5553 -15435 END
START 5172 -11776 9816 -237 -7285 -14186 END
START 4660 -10912 9380 729 -9837 -12738 END
START 4712 -10484 8164 678 -12413 -11363 END
START 4660 -9252 6128 1080 -13799 -10111 END
START 4240 -8280 4628 1378 -14850 -8305 END
START 4116 -7404 3556 2351 -15023 -6742 END
START 3672 -6676 2524 2411 -15664 -5041 END
START 3576 -6504 1100 2274 -16284 -3005 END
START 3052 -6408 -492 3532 -16055 -1250 END
START 3372 -5924 -1244 4645 -14893 302 END
START 3456 -5420 -1868 5446 -14063 2595 END
START 3608 -5652 -3204 4979 -13147 5376 END
START 4048 -6028 -4316 5507 -10733 7493 END
START 3600 -5932 -4296 6607 -8444 10192 END
START 3420 -7596 -5208 7494 -7699 13215 END
START 3296 -9516 -6784 9176 -5132 15781 END
START 2512 -11164 -6984 10635 -1548 17060 END
START 1580 -14236 -7360 10923 1331 18316 END
START 1104 -16132 -8124 9343 5436 18305 END
START -12 -17932 -8188 5386 9586 17930 END
START -512 -19500 -7132 4327 12240 16938 END
START -1424 -20392 -6268 5989 13897 16586 END
START -1712 -20104 -5644 7648 14914 16989 END
START -1244 -19932 -7452 3261 16902 16772 END
START -2716 -23152 -8468 -1755 20796 15079 END
START -3188 -25228 -7732 -2548 24127 12460 END
START -3568 -26212 -6160 -3119 26666 9874 END
START -5240 -28196 -2264 -782 29378 6839 END
START -5260 -30164 3760 3404 31029 2573 END
START -7088 -31484 7760 625 27947 -2991 END