START -1492 -12172 -5500 4546 3567 2610 END
START -1764 -12184 -5552 1772 5230 3581 END
START -780 -13004 -7192 806 7254 4801 END
START -2144 -13960 -8904 2164 11820 5577 END
START -4316 -17892 -8004 3590 14701 5452 END
START -4396 -18912 -7564 3080 17235 4442 END
START -3400 -18456 -6204 609 20064 3981 END
START -3288 -18132 -4424 -1518 21776 3854 END
START -3612 -20620 -1948 211 22770 3844 END
START -3436 -23188 488 418 22452 3061 END
START -3324 -25092 2200 -870 21645 1039 END
START -3312 -26692 4368 -2336 21259 -1890 END
START -2780 -27152 7348 -3653 19551 -4212 END
START -656 -26332 8372 -4519 16146 -6681 END
START -328 -24996 8820 -3854 13607 -8421 END
START -1240 -24960 9764 -3445 11507 -10831 END
START -720 -23524 10236 -3217 8631 -13068 END
START 120 -21888 10624 -2754 5744 -14901 END
START 888 -19600 10424 -2685 2455 -16177 END
START 1836 -16828 9744 -2488 -349 -16702 END
START 2508 -15664 9864 -422 -3366 -16632 END
START 2620 -13432 9868 763 -6850 -16413 END
START 2888 -11824 9160 12 -9630 -15888 END
START 3048 -10460 8280 -484 -12105 -14681 END
START 3108 -9364 6928 1091 -14318 -13019 END
START 2360 -8260 5620 2526 -16846 -11501 END
START 2544 -7376 3980 856 -18837 -9567 END
START 2520 -7484 1840 -92 -19397 -8001 END
START 2808 -7476 988 2416 -19841 -6725 END
START 3028 -6392 -144 1558 -20784 -4788 END
START 2552 -7000 -1204 1086 -20956 -3118 END
START 1792 -6284 -1832 2807 -20626 -1319 END
START 1768 -6000 -2668 2596 -20883 1104 END
START 1948 -5952 -3752 3273 -20390 3556 END
START 1352 -6432 -4600 3612 -19694 5780 END
START 300 -7508 -7760 2890 -19629 8643 END
START -348 -8572 -10876 4347 -16823 10190 END
START -380 -8764 -10784 8571 -12304 11368 END
START -956 -8324 -8956 11493 -10047 13573 END
START -1920 -9248 -9124 11069 -8605 16386 END
START -3136 -12036 -10892 12309 -6100 18079 END
START -4896 -13224 -10504 15046 -1743 18985 END
START -6360 -16220 -9004 17614 470 19841 END
START -7368 -19100 -10404 21257 2084 20045 END
START -7548 -20264 -12932 19631 7335 19086 END
START -9024 -21788 -15076 14784 14892 17549 END
START -9488 -22164 -15072 11511 21736 16276 END
START -10116 -22656 -13284 14486 26426 14406 END
START -11056 -22400 -10636 12204 31019 12845 END
START -13144 -23644 -6468 7922 32767 9970 END
START -14460 -23692 -2344 2593 32767 7540 END
START -15876 -26308 2696 4613 32767 4738 END
START -17384 -26628 7564 10127 32767 474 END