START -2728 -11260 -10828 7019 5395 8376 END
START -2480 -10332 -12300 4148 9436 10299 END
START -3296 -11664 -13932 3995 15577 12409 END
START -5020 -14324 -12552 13402 19115 12684 END
START -7000 -17252 -9428 17534 22609 12582 END
START -9312 -21500 -3944 14800 25566 11967 END
START -12564 -28180 636 6857 28574 9174 END
START -16520 -32768 4716 -232 32767 3020 END
START -17596 -32768 9504 -4449 29319 -4200 END
START -14408 -32768 10704 270 23137 -10835 END
START -9144 -32068 9592 3581 18124 -16225 END
START -5676 -26264 8468 1748 16385 -19592 END
START -4272 -22516 9344 -2316 15796 -21278 END
START -2520 -19352 10344 -5632 13560 -21909 END
START -1080 -16948 10812 -6535 10319 -21192 END
START 44 -15108 10492 -4276 6841 -20117 END
START 592 -13616 10636 -1811 3330 -18852 END
START 1432 -12456 10572 -894 91 -17653 END
START 1692 -12604 10312 -1129 -2673 -16975 END
START 1848 -11628 11120 -141 -5243 -16913 END
START 2372 -9688 11280 -644 -7997 -15858 END
START 3012 -9048 10484 -2842 -10970 -14017 END
START 3848 -9532 8260 -2826 -13867 -12791 END
START 4124 -9224 6504 -110 -15257 -12381 END
START 4376 -7260 5680 1729 -17723 -11370 END
START 4864 -6584 4632 959 -18798 -9089 END
START 4628 -6996 3816 -1883 -19267 -7925 END
START 3420 -7612 2716 -1087 -20908 -6930 END
START 3540 -7044 1376 3330 -23192 -5659 END
START 3704 -5512 -160 3267 -24256 -3181 END
START 3360 -5420 -1564 397 -23903 -808 END
START 2620 -5828 -2788 1041 -23637 847 END
START 2072 -5384 -3972 2798 -24558 3455 END
START 1812 -5984 -5816 4506 -25044 6090 END
START 576 -6680 -8136 5682 -23253 8189 END
START -456 -7912 -9844 6567 -20362 9897 END
START -540 -8788 -9192 9116 -17278 11172 END
START -1272 -9024 -7476 12614 -15377 12835 END
START -3344 -9536 -9328 11639 -14890 16124 END
START -4876 -14120 -14620 9706 -11293 17885 END
START -5880 -16588 -15804 14607 -3551 16403 END
START -7504 -15688 -11640 18823 1016 15664 END
START -8296 -17464 -10700 17790 3031 16884 END
START -8992 -19968 -11608 17246 7553 16438 END
START -9328 -19672 -10844 15844 13033 15071 END
START -9784 -19476 -9048 14834 15915 14821 END
START -9568 -20312 -8532 14091 17394 14768 END
START -10564 -22760 -8812 11342 20176 13999 END
START -11064 -25244 -9860 7628 24268 12073 END
START -10576 -25360 -11792 3539 29560 9543 END
START -9968 -24188 -11156 2780 32767 6388 END
START -10408 -22736 -6248 5396 32767 2510 END
START -13160 -21340 1364 7182 32767 873 END
START -12816 -21320 8968 4819 32767 -508 END