START 1264 -14780 -8540 -2450 12672 5653 END
START -1108 -18108 -6040 -738 16410 6516 END
START -2356 -22168 -2228 2896 16824 5254 END
START -3232 -25020 500 5088 17580 3379 END
START -3068 -27748 1812 794 16852 928 END
START -3448 -29716 3080 -2673 17227 -2545 END
START -3360 -30828 5896 -547 17731 -6521 END
START -1232 -29072 8468 454 16930 -11061 END
START 1104 -27264 10792 -1306 14786 -14181 END
START 2028 -24308 12924 -3927 12470 -16685 END
START 2180 -21096 15044 -4558 9212 -18459 END
START 2900 -19008 16264 -2742 4687 -18692 END
START 3780 -16148 15392 -822 674 -18369 END
START 4464 -14060 14664 -1988 -2172 -17251 END
START 4132 -13152 13888 -2391 -5229 -17263 END
START 3716 -12028 13552 -586 -8558 -16782 END
START 4260 -10716 12736 1338 -12316 -15715 END
START 4884 -9160 10848 1350 -14805 -14278 END
START 4580 -8316 8868 976 -16717 -12542 END
START 3956 -7932 6756 3942 -18226 -11027 END
START 3488 -6544 4636 6296 -19358 -9136 END
START 3724 -5636 2260 4199 -19236 -7201 END
START 3456 -5516 2172 3779 -17764 -5743 END
START 3260 -4104 2632 5113 -18087 -3903 END
START 3024 -3784 1496 6121 -18931 -177 END
START 3200 -3188 -492 6297 -18546 2893 END
START 3056 -4012 -1352 6549 -17133 5938 END
START 2276 -4732 -2732 7715 -15899 8550 END
START 2064 -5428 -3532 9514 -14204 10969 END
START 1320 -6852 -4948 11735 -12563 14145 END
START 1056 -9020 -6576 14331 -9319 16569 END
START 872 -10156 -6280 15688 -4572 17672 END
START -496 -11980 -5196 15298 -921 19265 END
START -1752 -15764 -3816 17394 1882 19945 END
START -3416 -18248 -1712 19439 4387 19722 END
START -3900 -19640 -2044 17353 6220 20301 END
START -3344 -22276 -2724 15245 9333 18902 END
START -3108 -21372 -3544 14842 12215 17605 END
START -2744 -20248 -6472 8826 15490 17409 END
START -3568 -20964 -10964 -40 20885 17353 END
START -6940 -24604 -7660 -3739 27693 16784 END
START -9084 -28636 -1268 7185 28592 14526 END