START 684 -13336 -6416 2668 7231 8865 END
START -84 -16336 -6256 3500 11225 9420 END
START -124 -19864 -5568 4581 14528 8434 END
START -240 -21992 -4444 4378 16833 6167 END
START 272 -26820 -1920 3940 18035 3073 END
START 1012 -29496 1540 3110 17393 -1087 END
START 1148 -31104 4864 820 16849 -5470 END
START 1064 -30832 8440 -1734 15502 -9740 END
START 1324 -28532 10684 -4191 12374 -13394 END
START 2072 -25428 11148 -4994 8935 -16295 END
START 2384 -21780 10816 -4744 6067 -18235 END
START 2708 -18416 10796 -4873 3733 -19183 END
START 2708 -16068 11180 -4335 1496 -19281 END
START 2776 -14124 11140 -3224 -1414 -18701 END
START 3576 -11960 10236 -2645 -4773 -17631 END
START 3968 -10984 8844 -1060 -7337 -16508 END
START 4324 -10008 7596 1792 -8705 -15507 END
START 4604 -9296 7316 4829 -10116 -15089 END
START 4376 -6860 6452 5507 -11638 -12999 END
START 4864 -5832 5408 2906 -12834 -9999 END
START 5204 -5976 5220 1760 -13630 -7680 END
START 4684 -6648 5132 2904 -14921 -5500 END
START 5048 -6296 3976 4621 -16721 -3232 END
START 5308 -6192 2200 4429 -17902 -352 END
START 5864 -6748 -112 4563 -17519 1847 END
START 6244 -7264 -2072 4102 -16837 3421 END
START 6540 -6992 -3220 5070 -15411 5130 END
START 5908 -6708 -3828 6357 -13643 7479 END
START 5228 -6308 -4528 7613 -11476 10222 END
START 4704 -7160 -5360 8099 -9169 13287 END
START 3772 -8104 -6032 8329 -6774 15377 END
START 2644 -9696 -6376 9952 -3435 17450 END
START 1140 -11616 -6624 11981 -449 19405 END
START -224 -14044 -5768 12487 3040 20421 END
START -1048 -15052 -3804 12077 6129 20294 END
START -1424 -15152 -4252 8089 7973 20857 END
START -2748 -17056 -6612 5488 11335 21030 END
START -4440 -18908 -6464 5369 14896 20858 END
START -5752 -22848 -5672 9014 17175 20350 END
START -5740 -25564 -6764 11885 19957 18366 END
START -6536 -30172 -5504 8640 24397 14424 END
START -6036 -32660 -1576 2588 26843 8395 END
START -4924 -32768 576 -2909 27246 2934 END
START -4612 -32404 3568 -2877 28250 -1810 END
START -4296 -31908 6848 569 28903 -5880 END
START -3628 -29048 9704 2742 28216 -9631 END