START 596 -15768 -3012 496 2183 761 END
START 452 -15316 -4036 1011 4097 1317 END
START -36 -15512 -4956 1671 6422 1700 END
START -40 -15904 -5516 361 7742 1762 END
START -644 -16152 -6068 750 9662 1855 END
START -848 -15012 -5888 913 12175 2423 END
START -2172 -15348 -4872 918 13996 3244 END
START -2788 -16844 -3888 2196 14626 4045 END
START -3040 -17812 -2932 2389 16880 3348 END
START -2920 -18468 -1844 -1086 18648 2620 END
START -2512 -19008 -780 -2788 19353 2343 END
START -1960 -20300 352 -1742 19598 2065 END
START -2140 -21040 1496 -1103 19630 1143 END
START -2724 -22168 3772 -654 19182 -55 END
START -2596 -22544 4648 -1440 17814 -1390 END
START -2188 -23368 5636 -2110 17283 -3305 END
START -1560 -23468 7264 -2091 15954 -5594 END
START -532 -22836 8720 -2142 14039 -7418 END
START 240 -22236 9996 -1511 11457 -8602 END
START 1340 -21940 11316 -1106 8896 -10160 END
START 2048 -21260 12152 -1552 6332 -11588 END
START 2520 -19964 12448 -2754 3664 -12676 END
START 3160 -18420 12388 -3595 677 -13755 END
START 3876 -16908 12244 -1875 -2633 -14497 END
START 4140 -14972 11560 -1496 -6169 -14368 END
START 3784 -13200 10308 -1457 -8733 -13763 END
START 3976 -12812 9040 -1468 -10818 -13051 END
START 3740 -11680 7720 -1153 -13404 -12044 END
START 3648 -10836 5872 -571 -15146 -11312 END
START 2608 -11056 4320 -207 -15832 -10493 END
START 1936 -11284 3096 1484 -16710 -9863 END
START 1968 -10704 1828 3527 -17122 -8794 END
START 2528 -9620 1176 3322 -17057 -7925 END
START 2388 -8588 1392 2644 -17174 -6969 END
START 2432 -7728 560 3152 -18120 -5167 END
START 2268 -7068 -452 4445 -19061 -2704 END
START 2112 -6028 -1816 5462 -18710 165 END
START 1544 -6160 -3576 5152 -17570 2670 END
START 684 -6020 -4944 4982 -16186 5310 END
START 120 -5968 -5684 6466 -14949 8250 END
START -320 -6340 -6216 7747 -13708 11466 END
START -624 -7468 -7556 8177 -11888 14362 END
START -1272 -9236 -9100 9240 -8942 17052 END
START -2696 -10932 -9344 10665 -5952 19017 END
START -4348 -13696 -9156 12192 -2652 20599 END
START -5444 -15172 -7692 13033 313 21165 END
START -6264 -17796 -8284 11123 2251 22013 END
START -6212 -19704 -10984 8851 6676 21603 END
START -6904 -21204 -11548 7364 11818 20455 END
START -6952 -21412 -12704 6742 15164 19570 END
START -7896 -22780 -12636 7728 19527 18481 END
START -9488 -24120 -10364 8418 23759 16658 END
START -10152 -24668 -9020 5152 27578 14317 END
START -11080 -26764 -6632 4011 30091 11403 END
START -12296 -29096 -5456 5177 32441 7754 END
START -13268 -29600 -840 5615 32767 3713 END
START -13200 -30388 4188 6833 32767 -774 END
START -13784 -29692 8564 5607 32767 -5080 END