START 11540 -10968 10644 3756 -1353 5876 END
START 11796 -12736 13140 1669 -3452 5534 END
START 10836 -15164 15516 1436 -6376 4001 END
START 10376 -14720 15856 2150 -10565 2283 END
START 9940 -12824 14420 1193 -14398 1100 END
START 9148 -10408 11880 -1710 -17899 1487 END
START 7668 -8296 8004 -2686 -20172 2163 END
START 6548 -6436 4772 -4116 -22956 4498 END
START 5028 -5268 600 -4167 -23986 7461 END
START 3436 -5236 -4008 -4937 -23107 10313 END
START 2808 -5384 -6596 -4097 -19663 11811 END
START 1996 -4236 -6868 -2398 -15965 13506 END
START 1196 -5452 -8340 -3383 -14379 16189 END
START 908 -7592 -10452 -400 -11115 18711 END
START 500 -9324 -10900 3359 -6083 20646 END
START -352 -10716 -9236 4424 -1451 21972 END
START -780 -14000 -7556 5142 2403 22579 END
START -96 -17480 -5080 8527 5454 22734 END
START 852 -21916 -3684 12130 7550 21971 END
START 2696 -26416 -2788 10023 9866 19271 END
START 5296 -31528 -664 7713 12160 15003 END
START 9120 -32768 5044 8982 11601 10193 END
START 11356 -32768 8668 5507 7262 4338 END
START 11840 -32768 9128 -1861 2171 -1623 END
START 10432 -32768 7008 -7241 -1449 -8112 END
START 8628 -29876 4716 -9488 -3474 -12974 END
START 7440 -24916 2572 -9041 -4372 -16289 END
START 6424 -20936 1368 -7633 -4672 -18038 END
START 5144 -17184 1104 -5534 -4802 -18583 END
START 4676 -13640 1196 -4306 -4916 -18253 END
START 4680 -11168 1084 -3993 -4788 -17225 END
START 4492 -8536 944 -2724 -5314 -15243 END
START 3712 -6968 -536 -2848 -5883 -12129 END
START 2664 -6632 -2348 -2258 -5050 -9038 END
START 1452 -7160 -4016 -1675 -3867 -5893 END
START 1440 -8576 -7524 -1845 -2028 -3440 END
START 1792 -11124 -12160 -3055 1174 -2070 END
START 2100 -13224 -18768 -4244 6813 -1984 END
START 2716 -14692 -22620 -5187 15539 -2712 END
START 1644 -14212 -24176 -4284 25534 -3314 END
START 384 -12304 -19228 -485 32767 -2737 END
START -792 -12872 -8976 4170 32767 -698 END
START -4 -14952 2716 5504 32767 100 END
START 1248 -18936 12836 -3058 32767 -1872 END
START 3392 -19888 22704 -10566 29458 -4919 END
START 6132 -17756 29252 -11021 19344 -5385 END
START 8364 -15712 27320 -6484 9107 -4417 END
START 10116 -12536 21320 -4732 2040 -4891 END
START 11160 -10072 15216 -5920 -2123 -4437 END
START 11036 -8812 10588 -3308 -4944 -2829 END