START 9280 -20740 2176 1954 13869 -1810 END
START 10512 -22516 3476 560 14131 -3686 END
START 11868 -22544 5476 295 14403 -6321 END
START 12208 -21884 11104 2650 13355 -7480 END
START 10636 -22552 18852 7850 8925 -8054 END
START 7548 -22344 24784 8459 1020 -9569 END
START 4440 -23200 26464 2817 -6836 -12307 END
START 2588 -20124 22748 -4681 -10978 -16818 END
START 2120 -15620 18760 -8950 -15832 -18575 END
START 1376 -10872 14020 -8559 -19549 -18126 END
START 752 -7708 10840 -4111 -21893 -15272 END
START 56 -5168 7264 2043 -23340 -12215 END
START 108 -3040 5092 3453 -25018 -8331 END
START 128 -1804 2664 1575 -25281 -5076 END
START 148 -1356 116 -2345 -24671 -1737 END
START -116 -2080 -2692 -3148 -22394 955 END
START -128 -2088 -4712 -2330 -20558 3921 END
START 340 -2120 -6844 305 -17811 7002 END
START 972 -2568 -8036 2952 -14228 9900 END
START 1100 -3880 -9816 3887 -10040 13315 END
START 1908 -5116 -10368 5584 -4931 15873 END
START 1900 -5308 -8768 4990 -488 18366 END
START 1076 -6928 -6876 2601 2592 21781 END
START -344 -11444 -4628 2512 4339 24369 END
START -548 -17816 -5908 7126 4115 26990 END
START 84 -21532 -6284 14370 8165 26773 END
START 1956 -24480 -1564 12157 11501 25333 END
START 3824 -30384 1820 8409 10498 22415 END
START 6476 -32768 2072 6602 8049 18857 END
START 8128 -32768 1732 6035 6611 13489 END
START 9376 -32768 2704 1918 4923 6333 END
START 9984 -32768 2528 -3116 2235 -204 END
START 8896 -32768 1084 -5265 1350 -6599 END
START 8152 -29540 1104 -6084 1769 -12207 END
START 6208 -25552 2508 -6063 1494 -15867 END
START 4968 -21892 3664 -4346 173 -17472 END
START 4116 -18884 4444 -3571 -1266 -18380 END
START 3784 -16548 5056 -4944 -2992 -18739 END
START 2912 -15020 5080 -5638 -3720 -18758 END
START 2796 -12440 4956 -5229 -4680 -18007 END
START 2900 -10716 3268 -4416 -5469 -16520 END
START 2992 -8716 2232 -2857 -6157 -14355 END
START 2840 -7044 868 -1172 -7125 -11115 END
START 2824 -6496 -1620 29 -7036 -7913 END
START 3280 -6248 -3268 1441 -5480 -5513 END
START 3528 -6148 -5308 1476 -3376 -2300 END
START 3492 -7972 -7456 2198 -1180 556 END
START 4012 -11460 -12328 1289 2412 1731 END
START 4360 -14348 -17148 -364 8022 1462 END
START 4728 -16212 -23852 -1906 16818 190 END
START 4836 -16504 -24784 -5624 27969 -2137 END
START 3412 -16148 -22392 -8041 32767 -2773 END
START 1360 -16016 -14804 -6732 32767 -1940 END
START 516 -17276 -3200 -1530 32767 520 END
START 888 -17848 11148 4277 32767 -948 END
START 312 -19040 29004 -1554 32767 -4099 END
START -392 -20536 32767 -9725 21511 -7053 END
START 836 -18236 32767 -9377 5663 -6821 END