START 676 -10816 -96 1874 252 3428 END
START 864 -11852 -2940 620 1085 4760 END
START 420 -13544 -4944 1843 3696 5354 END
START -16 -14640 -4992 4024 6438 6294 END
START -184 -17328 -4792 6040 8161 6513 END
START -184 -18716 -5772 6861 10877 5554 END
START -132 -18768 -5780 4853 14319 4641 END
START -8 -19472 -4176 2614 16791 4266 END
START -256 -21164 -1308 3147 17660 4236 END
START 872 -22000 1276 2602 17344 3777 END
START 1796 -22824 2668 -945 16400 3221 END
START 2760 -25252 5352 -3964 15540 2289 END
START 3676 -28556 7528 -5387 13772 215 END
START 4836 -30312 10032 -6541 11310 -2762 END
START 5664 -30884 11492 -9546 8428 -6265 END
START 5560 -30440 12128 -10821 5815 -10323 END
START 5496 -27720 12088 -11845 3407 -13452 END
START 5580 -25356 10908 -12305 637 -15399 END
START 5280 -23856 9228 -12321 -1564 -16982 END
START 3992 -20800 7604 -11653 -2840 -18680 END
START 3264 -17264 6380 -11432 -3368 -19344 END
START 2784 -15040 5160 -10945 -4049 -19369 END
START 2540 -12104 4252 -8163 -4980 -18901 END
START 2692 -8988 3908 -6322 -5611 -18003 END
START 2272 -6968 3140 -7223 -6305 -16529 END
START 1968 -5652 2288 -7568 -6683 -14727 END
START 1852 -4436 2084 -2907 -6705 -12995 END
START 2116 -2412 1220 -723 -7299 -10222 END
START 2040 -796 -64 -1459 -7303 -7991 END
START 2016 -424 -816 -1367 -6518 -5345 END
START 1476 384 -412 3019 -6671 -2577 END
START 1388 1040 -884 6566 -6749 1146 END
START 1292 428 -1152 7261 -6525 4960 END
START 1028 -416 -1468 9087 -6295 8481 END
START 604 -1552 -2292 9374 -5715 12207 END
START 464 -3060 -3324 9151 -4791 15637 END
START -80 -4076 -4456 9743 -3326 19525 END
START -1544 -6356 -4868 14114 114 22589 END
START -3748 -8664 -2964 20379 3286 25148 END
START -5704 -11656 472 26791 5660 27746 END
START -6484 -14792 3312 30540 8746 29615 END
START -7816 -18456 7700 26365 12045 30451 END
START -7664 -23820 9376 13539 10645 31236 END
START -8420 -31892 8632 11190 9340 29139 END
START -6404 -32768 10376 16700 8778 25199 END
START -4000 -32012 12556 11464 5164 23610 END
START -2680 -32768 6172 373 -1124 22377 END
START -3980 -32768 -1320 -2137 -449 15884 END
START -1736 -32768 -264 -1322 661 8116 END
START -864 -32768 -1416 -3660 707 616 END
START -736 -32768 -2892 -5883 3734 -6706 END
START -1720 -32768 -620 -7732 6745 -13487 END
START -3232 -30316 3424 -7103 6550 -17740 END
START -3572 -28200 4076 -8581 5701 -20684 END
START -4440 -25696 4184 -11375 5661 -23553 END
START -5504 -23668 5780 -11368 6204 -25785 END
START -5548 -20772 8628 -9392 4859 -26626 END
START -5040 -18480 10288 -6359 2327 -26522 END
START -4660 -16360 9908 -7105 -397 -26096 END
START -4052 -13764 9600 -9579 -1525 -25703 END
START -3068 -11296 10484 -8616 -3562 -24494 END
START -2368 -9296 11296 -5188 -6735 -21850 END
START -1424 -7492 11092 -2637 -11190 -18823 END
START -560 -5664 9068 -2793 -13802 -15947 END
START 384 -4288 7352 -4325 -14612 -13295 END
START 1324 -3092 5364 -4958 -16904 -10110 END
START 1948 -3756 1872 -2021 -18569 -6826 END
START 2644 -2924 -1700 131 -17643 -4327 END
START 2756 -3868 -4624 -2105 -17053 -1464 END
START 2600 -5932 -8460 -1968 -14936 755 END
START 2668 -8580 -10912 4747 -11871 2465 END
START 3620 -9924 -13360 7304 -7873 3613 END
START 4204 -12096 -16948 3174 -3329 4709 END
START 3780 -15076 -20508 -768 2667 4715 END
START 2768 -16584 -20040 1951 9444 3886 END
START 1688 -16824 -17696 5658 13418 4164 END
START 1356 -17140 -14924 6352 16992 4414 END
START 1408 -18232 -12556 3900 20136 4381 END
START 1476 -19152 -10284 1116 22741 3915 END
START 1592 -18956 -9076 -2316 25022 3177 END
START 1720 -18632 -7472 -5859 26841 2676 END
START 2704 -16132 -6080 -7794 27123 3189 END
START 2420 -16076 600 2099 25470 5172 END
START 1412 -21164 7456 5136 22959 4288 END
START 2360 -20940 11420 -7554 23006 777 END
START 3096 -22812 15352 -20115 20554 -2063 END
START 4280 -21076 16744 -7271 14603 -2649 END
START 6692 -17648 14532 -2615 8767 -3366 END
START 7720 -16020 12500 -3171 5312 -4830 END
START 8152 -13324 10800 -2140 2155 -5870 END