START 6860 -19940 5624 -1295 5280 -1958 END
START 7596 -18744 6200 671 5806 -2168 END
START 7724 -19456 7656 -618 5225 -3335 END
START 8356 -20156 9068 -1127 4183 -4458 END
START 7624 -19256 10176 -836 2358 -5960 END
START 7936 -19820 11624 -1693 -943 -6323 END
START 8636 -19712 11564 -980 -2825 -6562 END
START 7940 -19028 11668 -1017 -2003 -8449 END
START 6240 -17848 13188 -3363 -4288 -9842 END
START 5980 -15392 13688 -3766 -7085 -10080 END
START 5308 -13384 13484 -5017 -10639 -9615 END
START 4904 -11708 12132 -4922 -12943 -8749 END
START 4228 -10696 10488 -4291 -14158 -7456 END
START 2908 -9428 8224 -3779 -16132 -7329 END
START 3512 -7052 6108 -4430 -16881 -6423 END
START 3840 -5788 4996 -5270 -17654 -5027 END
START 3784 -4252 3344 -5716 -18584 -2722 END
START 3724 -4400 -236 -5687 -17533 -918 END
START 3800 -5248 -3320 -5551 -14899 -273 END
START 3504 -4552 -4812 -3373 -12302 507 END
START 3572 -3208 -4188 -672 -11853 2683 END
START 3420 -1972 -4452 1559 -10170 5428 END
START 2836 -3736 -4864 1605 -7852 7675 END
START 1512 -5456 -4676 2248 -6575 9527 END
START 1896 -7076 -4620 2852 -6016 11659 END
START 2276 -9292 -5580 3043 -4772 13009 END
START 1700 -11572 -6896 4838 -2687 14429 END
START 2000 -11812 -7380 6947 940 14559 END
START 1428 -13060 -6176 8122 2349 15445 END
START 836 -12932 -5480 8869 5228 16626 END
START -1020 -11956 -2552 10737 8529 17984 END
START -2152 -11052 -388 12246 9410 20595 END
START -2568 -13228 2796 12005 9625 24187 END
START -3512 -16456 3156 12664 8116 26296 END
START -4476 -17384 3696 12622 9199 25950 END
START -5076 -16400 5172 6176 10312 24412 END
START -7112 -21160 6440 3019 8240 24660 END
START -7856 -26652 6204 7601 4509 25763 END
START -8064 -29988 5436 9379 4991 22475 END
START -7792 -29240 8184 4941 6112 16871 END
START -6776 -32628 7972 -288 2037 13020 END
START -5052 -32768 4208 1240 392 8800 END
START -4336 -30764 3580 265 1154 3888 END
START -4524 -27536 5616 -964 735 232 END
START -3552 -28348 3724 -1908 -1813 -2049 END
START -3376 -26436 664 -3236 -1322 -5363 END
START -3720 -25660 268 -4806 1332 -9336 END
START -3692 -25800 1932 -4953 1837 -12314 END
START -2660 -25380 1548 -5838 1205 -15134 END
START -3568 -24908 2664 -5367 2033 -17070 END
START -5460 -24800 6052 -4518 2775 -18918 END
START -6548 -22300 11072 -5187 420 -20273 END
START -6116 -20728 12572 -6052 -3890 -20568 END
START -4876 -18148 12456 -5899 -7789 -20258 END
START -4656 -16372 10692 -8926 -10621 -20510 END
START -4280 -15728 10084 -9753 -12164 -20574 END
START -4192 -12468 8972 -10529 -14567 -20178 END
START -3468 -11364 7664 -7810 -16809 -18673 END
START -1664 -8348 5184 -5909 -17850 -16304 END
START -1312 -6528 4156 -6093 -18333 -13920 END
START -1076 -5348 1508 -5857 -19555 -11167 END
START -788 -4808 -1004 -3970 -19449 -7825 END
START -60 -5356 -4584 -1705 -18505 -4661 END
START 532 -6548 -8828 -841 -15374 -2090 END
START 436 -8632 -9852 1482 -11462 -1059 END
START 896 -9432 -10692 3407 -8812 -223 END
START 1164 -10460 -12272 2975 -6566 980 END
START 1964 -12264 -14140 2772 -2551 1952 END
START 2672 -12852 -13916 1297 2509 2527 END
START 2164 -13648 -14092 1293 6303 3256 END
START 2676 -15088 -14060 1273 9900 4599 END
START 2304 -17864 -14240 1916 13325 4784 END
START 1596 -19732 -14416 3483 17899 3936 END
START 892 -19968 -12716 2176 21429 2983 END
START 440 -19120 -12368 -2210 25228 1870 END
START -900 -20768 -9580 -4801 28253 460 END
START -1496 -20496 -4936 195 28619 235 END
START -1540 -19072 432 4811 27305 296 END
START -624 -16904 5348 -195 26021 -536 END
START -628 -18536 8388 -7792 25140 -1650 END
START -644 -20428 10996 -9002 22612 -2825 END
START 504 -20304 13172 -4436 17592 -3266 END
START 2900 -18576 14052 -2121 12370 -3833 END
START 5196 -15928 11072 -4172 8608 -4710 END
START 6504 -14236 8960 -5719 6436 -5128 END
START 7184 -12976 7384 -3076 4935 -4451 END
START 7352 -11468 7076 -860 3012 -3672 END
START 7192 -11172 7112 -504 1031 -3007 END
START 6544 -10888 6828 -374 -1166 -1809 END
START 6340 -11216 6796 -324 -3052 -941 END
START 5792 -11588 6880 515 -4553 35 END
START 5448 -11436 7028 1801 -6391 744 END
START 5204 -11872 6828 3268 -8018 1850 END