START 3828 -13048 12128 13680 17116 9511 END
START 2956 -17672 17580 13804 13376 8020 END
START 1224 -21116 22624 8604 9737 3654 END
START 3304 -23472 26260 1045 3410 -2060 END
START 4032 -21828 25604 -1625 -2586 -5730 END
START 5672 -20552 24636 -1624 -8140 -7604 END
START 6064 -18084 21184 -1724 -12710 -8821 END
START 5804 -15536 18700 -3650 -15072 -10357 END
START 3864 -12392 17432 -3755 -16131 -11464 END
START 2740 -9908 17292 -5316 -19086 -10273 END
START 1304 -7644 15140 -5373 -22702 -8079 END
START -252 -6572 11848 -5082 -25059 -6045 END
START -652 -4384 8784 -6491 -25929 -4324 END
START -1436 -2340 6252 -7076 -26528 -2534 END
START -1816 -156 4212 -5675 -27362 1419 END
START -3092 1512 1836 -3961 -26833 5359 END
START -4040 2932 -1192 -3773 -24939 9753 END
START -4876 1976 -3708 -3937 -22426 13593 END
START -5420 1164 -6104 -2511 -19808 17602 END
START -5224 120 -8516 -1489 -15908 21907 END
START -4988 -3564 -10588 1384 -10511 24246 END
START -4492 -7304 -12108 5296 -5146 27349 END
START -4116 -10968 -11116 10921 -333 30408 END
START -6048 -18740 -9084 15792 4862 31692 END
START -7272 -25572 -2912 21526 10800 29493 END
START -4912 -32768 2576 15016 11294 25266 END
START -2560 -32768 3396 10555 12244 18621 END
START 572 -32768 7464 9962 11875 12182 END
START 3744 -32768 11456 10765 9695 7074 END
START 6508 -32768 14460 5139 5059 1802 END
START 6164 -32768 11636 -4714 -189 -3537 END
START 5536 -32768 7680 -8797 -3174 -8840 END
START 4088 -30904 4204 -9239 -3764 -13367 END
START 2724 -27308 4136 -10420 -3387 -17298 END
START 780 -23832 5328 -11591 -2893 -20517 END
START 76 -19404 7228 -10707 -3455 -22686 END
START 112 -14196 8148 -9894 -5533 -21865 END
START -216 -9572 9000 -7263 -7514 -19935 END
START -208 -6772 8720 -6349 -8751 -16963 END
START -660 -5260 8952 -6784 -11147 -14043 END
START -1276 -4456 2972 -7153 -13311 -10011 END
START -880 -5584 -5572 -5536 -10911 -7050 END
START 212 -7784 -12240 -2310 -6101 -4831 END
START 1268 -9788 -16672 160 -781 -2996 END
START 2276 -10516 -19368 1354 5744 -1983 END
START 2180 -11340 -19652 -993 12222 -893 END
START 1432 -11780 -17548 -547 17573 664 END
START 772 -12864 -15072 2564 22528 2872 END
START -492 -15036 -12140 4319 26243 4479 END
START -1492 -17992 -7596 3883 28788 4260 END
START -1768 -18692 -1764 265 29897 3111 END
START -1528 -19540 4548 -6286 29326 1985 END
START -1056 -20684 12160 -6095 26350 1840 END
START -140 -20320 20820 -957 21903 765 END
START 2156 -19428 26796 -830 14489 -1091 END