START 9320 -15936 18340 1201 723 -9648 END
START 8160 -13404 18936 -3169 -4922 -9721 END
START 7664 -9456 17200 -2225 -9848 -9033 END
START 7432 -5444 14148 -2237 -14935 -6801 END
START 6336 -3552 9548 -2503 -18997 -3438 END
START 5080 -2680 5448 -2304 -21302 246 END
START 4024 -1616 2184 -1887 -22284 3477 END
START 3328 -2240 -1940 -1861 -20528 5955 END
START 2888 -2524 -3560 -1048 -16663 8644 END
START 2640 -3112 -4476 86 -14915 11854 END
START 2452 -4336 -6280 2277 -12281 15452 END
START 1892 -5848 -7000 4124 -7941 18072 END
START 1260 -7084 -5000 4367 -3834 20094 END
START 620 -9572 -2892 3850 -2288 22422 END
START -636 -14516 -2920 4866 -1476 24538 END
START -444 -19140 -4612 9672 1556 24536 END
START 1240 -21180 -3952 10544 5684 23228 END
START 3288 -23188 -2688 6741 8558 21185 END
START 4992 -26944 -1212 5616 8783 19432 END
START 7200 -30156 100 4465 7213 16751 END
START 8556 -32768 592 3774 6159 12189 END
START 9656 -32768 1328 3491 4685 6519 END
START 10340 -32768 1016 1369 2997 -691 END
START 10032 -32768 1036 -3069 2587 -8281 END
START 8528 -32768 1864 -5449 2742 -14771 END
START 6968 -27504 4184 -4838 2264 -19611 END
START 4880 -22636 6584 -2342 803 -22253 END
START 2960 -17804 8300 -1147 -1663 -22889 END
START 2096 -13816 7620 -2272 -3838 -22117 END
START 1072 -10540 6072 -3540 -5692 -20754 END
START 1240 -7032 4836 -3330 -7150 -17984 END
START 1372 -4672 1544 -3133 -8425 -13666 END
START 1976 -4364 -1808 -3246 -7996 -10131 END
START 2496 -4504 -6584 -3296 -6230 -7028 END
START 3224 -5996 -12616 -4866 -2298 -4125 END
START 3660 -9004 -18848 -5625 4797 -2965 END
START 3716 -11808 -22396 -6197 12967 -2932 END
START 2940 -11740 -21160 -3405 22821 -3177 END
START 2096 -12920 -19164 -3310 31093 -1733 END
START 1092 -13408 -10760 -3033 32767 -1575 END
START 2060 -14668 104 -1846 32767 -1193 END
START 3200 -16548 13412 -3149 32767 -1136 END
START 5240 -18576 27172 -5811 27952 -1874 END
START 5924 -19444 32767 -9705 14661 -2769 END
START 5420 -16760 32767 -10417 404 -2329 END