START 1808 -20000 -5064 -647 13333 4877 END
START 1780 -21420 -2524 4532 15291 4189 END
START 2288 -21556 428 6733 15590 2952 END
START 2764 -21464 3716 3040 14152 1127 END
START 3916 -23640 5284 -1132 12383 -270 END
START 5196 -26192 6336 -3245 10898 -1511 END
START 6340 -27248 7312 -5555 8303 -3503 END
START 7204 -27264 5892 -9066 5838 -5635 END
START 6504 -27596 5140 -11452 6222 -8377 END
START 6208 -27380 6976 -13062 6366 -12661 END
START 5380 -26040 8584 -14107 4420 -15931 END
START 4648 -23476 8608 -13602 2293 -18629 END
START 4064 -19820 9044 -11560 977 -20442 END
START 3580 -15332 9076 -11362 -787 -21118 END
START 3676 -11332 8444 -10789 -2594 -20830 END
START 3868 -8596 6540 -9531 -4471 -19478 END
START 3760 -5788 4784 -7839 -5812 -17739 END
START 3724 -3776 3224 -6450 -6743 -16123 END
START 3564 -2120 1476 -5108 -7314 -13423 END
START 3152 -1004 -592 -3223 -6799 -9890 END
START 2804 -248 -1292 -245 -5961 -7176 END
START 2340 276 -1476 2724 -5107 -3966 END
START 2104 440 -672 5393 -4434 -341 END
START 1844 -544 336 7543 -4813 4089 END
START 1944 -1200 700 8552 -5010 7590 END
START 2432 -2940 500 9078 -5300 11254 END
START 2184 -5104 -668 10154 -5388 14697 END
START 1396 -7520 -1608 13228 -4176 17130 END
START 920 -9724 -2148 15669 -1869 19297 END
START 1176 -10528 -2832 16114 817 21343 END
START 704 -11780 -3100 17941 4277 23593 END
START -412 -13356 -1524 20324 7782 25385 END
START -2204 -17884 956 24395 9268 27288 END
START -2252 -23676 1116 28364 10885 27029 END
START -1080 -29220 184 26886 14263 25083 END
START -924 -32768 3784 22495 17374 21369 END
START 1896 -32768 9488 12804 15209 16040 END
START 2728 -32768 9272 248 11125 11821 END
START 3732 -32768 9052 -2098 8291 6536 END
START 3952 -32768 8904 -4189 5325 1223 END
START 3896 -32768 8632 -6652 3637 -4314 END
START 3968 -30440 8948 -9892 2960 -9752 END
START 3556 -26480 8948 -12393 1332 -13516 END
START 3004 -23408 9300 -12347 75 -16209 END
START 1952 -20936 10904 -11640 -1654 -17944 END
START 1384 -18672 12424 -10467 -4183 -18734 END
START 816 -16644 12704 -8638 -7008 -19083 END
START 292 -14452 12372 -8357 -9386 -19096 END
START 72 -12600 12072 -6962 -11709 -18527 END
START 164 -10032 10536 -5541 -13973 -17001 END
START 448 -8700 8876 -4763 -15562 -15165 END
START 820 -7796 7364 -3902 -16900 -12825 END
START 740 -7976 4032 -2714 -17368 -11008 END
START 1256 -6708 1672 -871 -16924 -9564 END
START 1348 -7096 -1196 250 -15919 -7261 END
START 1412 -8212 -3668 2345 -14171 -5280 END
START 1972 -10124 -5716 5139 -12029 -3469 END
START 2340 -11076 -8120 6870 -9001 -2168 END
START 2888 -11944 -10552 4920 -5542 -862 END
START 3156 -13144 -11588 2102 -1007 164 END
START 3176 -13620 -11736 751 3340 877 END
START 3468 -14468 -12156 1664 7148 2019 END
START 3224 -15400 -11732 2029 10506 3535 END
START 2612 -16856 -10812 1338 13499 4386 END
START 2048 -20036 -11448 -104 17172 4048 END
START 1904 -22512 -12376 -3517 21059 2723 END
START 1268 -23436 -11448 -7227 25777 824 END
START 340 -21788 -7816 -7324 30120 -1021 END
START -12 -19504 -4164 -7334 32701 -1635 END
START -192 -18996 2372 -5683 32767 -1944 END
START -80 -21396 11356 -8203 32767 -2945 END
START 992 -22052 18428 -7811 30783 -5961 END