START 2120 -12956 -9700 -611 10080 5853 END
START 80 -17068 -9036 -3478 13821 6704 END
START -540 -21440 -7012 3615 16631 6111 END
START -456 -22056 -4812 11592 19016 4865 END
START -948 -25784 -432 12468 20884 3143 END
START 572 -27580 4684 5402 20467 -1016 END
START 1632 -29660 7424 -4297 18081 -4345 END
START 2876 -32088 9320 -6424 16083 -8030 END
START 3080 -31368 10924 -6577 12901 -11975 END
START 3072 -30240 12672 -6925 9348 -16398 END
START 3444 -27248 13068 -10192 6514 -19748 END
START 3216 -23240 11876 -14394 4736 -21817 END
START 2600 -19540 11320 -13860 3461 -23752 END
START 3420 -16012 11988 -11755 721 -23478 END
START 3332 -13204 10736 -8387 -2155 -22687 END
START 3436 -9768 9552 -6321 -4539 -21049 END
START 3440 -7480 7984 -7085 -6551 -18908 END
START 3472 -6324 6100 -9176 -7730 -16374 END
START 3288 -5736 4376 -7666 -8039 -14494 END
START 3560 -4236 2956 -4151 -8608 -11801 END
START 3776 -3024 1924 -2619 -9122 -8900 END
START 3528 -2712 1172 -890 -8353 -6655 END
START 3156 -2728 1396 384 -8334 -4402 END
START 2904 -2352 1300 3060 -9158 -2135 END
START 3224 -1952 -8 5735 -8968 787 END
START 3832 -1468 -1624 5475 -7864 3953 END
START 3544 -2288 -2520 5206 -7059 7198 END
START 3268 -3640 -3256 7424 -5819 10274 END
START 3408 -4052 -3736 9934 -3740 13858 END
START 3112 -6088 -5208 10325 -755 16881 END
START 2188 -7504 -5544 12497 3528 18683 END
START 908 -8152 -3464 15014 6958 20803 END
START -600 -10460 -968 17052 8904 24441 END
START -2380 -14712 3320 23649 11444 27171 END
START -2956 -16724 7548 26062 14152 27709 END
START -2796 -19836 9328 16445 14094 27812 END
START -2044 -25528 8024 6827 13299 26268 END
START -824 -28048 7872 7466 13838 23594 END
START 344 -31324 8920 8513 10581 22721 END
START 1652 -32768 6084 8678 7874 18683 END
START 2952 -32768 3776 2663 6426 12848 END
START 3916 -32768 3944 -1958 5381 4373 END
START 4696 -32768 4360 -5506 2751 -3590 END
START 4672 -32768 3404 -6196 1999 -9925 END
START 3956 -30048 5304 -5730 2134 -14888 END
START 2652 -26120 8708 -6235 511 -18028 END
START 1120 -23524 12152 -5632 -3056 -19808 END
START 4 -20840 13032 -7351 -7451 -20516 END
START -972 -18852 12624 -9303 -10415 -21172 END
START -1480 -16340 12000 -9171 -12659 -21165 END
START -1424 -13684 11136 -7215 -14494 -20273 END
START -1196 -10888 9700 -5938 -16664 -18662 END
START -1228 -8452 7292 -3981 -17173 -16435 END
START -888 -7256 6232 -1922 -17540 -14018 END
START -180 -5780 3268 -2042 -17471 -11434 END
START 180 -5248 672 -1376 -15820 -8822 END
START 772 -6460 -1656 1716 -13583 -6293 END
START 1844 -7068 -3372 2685 -11701 -4026 END
START 2636 -7888 -5920 1981 -10095 -1525 END
START 2908 -10380 -10036 568 -7032 417 END
START 3008 -12608 -12664 2690 -837 649 END
START 3712 -13336 -13088 2726 4236 1015 END
START 3648 -14576 -13424 1266 9024 1790 END
START 2856 -16884 -12284 1986 13561 2644 END
START 2512 -19032 -10940 3088 17845 2285 END
START 1892 -19908 -9608 141 21490 1285 END
START 1392 -21316 -8624 -3482 25016 -74 END
START 1168 -19928 -6128 -5696 28262 -1522 END
START 1436 -18240 -2616 -9991 30119 -2144 END
START 956 -18540 1120 -11122 30875 -1272 END
START 348 -19120 6992 -8471 30206 -705 END
START 1460 -18408 14412 -8107 27798 -1857 END
START 3352 -17884 21352 -12219 22911 -3333 END
START 4636 -16756 25004 -15163 16646 -4201 END
START 6564 -14228 23576 -13297 9587 -4803 END
START 8016 -11400 19792 -10783 2872 -4467 END
START 8752 -9392 15424 -7544 -2743 -2606 END