START 10608 -12396 10672 -47 4641 12702 END
START 11636 -14984 13196 -1270 5281 9961 END
START 12036 -16920 16268 161 2796 7140 END
START 13356 -18660 18696 -172 -163 4668 END
START 12712 -19488 20072 -149 -2954 -65 END
START 11328 -18428 20360 -1775 -7300 -3890 END
START 10040 -15480 18836 -1889 -9475 -7214 END
START 9312 -11656 18004 -2163 -12628 -7713 END
START 8712 -8700 15600 -2621 -15932 -6523 END
START 7644 -5896 13860 -3134 -18824 -3949 END
START 6412 -4464 10756 -4244 -20223 -1909 END
START 5508 -3456 9468 -5225 -20797 318 END
START 4840 -3052 7796 -3667 -20787 2423 END
START 4664 -2400 5944 -4332 -21120 6237 END
START 4080 -4000 3620 -3097 -20982 8208 END
START 3672 -4648 1988 -1867 -19999 10279 END
START 2692 -4944 592 -514 -18299 12016 END
START 2148 -4824 152 -1254 -16737 14277 END
START 1724 -5520 -344 -690 -15509 15581 END
START 1120 -6028 -1516 756 -13807 17215 END
START 1240 -8260 -3384 767 -12420 19577 END
START 1228 -11092 -5860 3146 -9013 20187 END
START 1452 -11760 -5848 4102 -4662 20652 END
START 1652 -13100 -4848 7083 -1198 21227 END
START 2036 -15112 -4728 8339 1668 22140 END
START 1012 -18388 -4320 11696 6078 21690 END
START 12 -19652 -316 13113 9895 20651 END
START -448 -20716 3652 10990 10763 18983 END
START -672 -22728 4020 8293 11640 16704 END
START 596 -24408 5676 7610 11240 14884 END
START 1364 -25284 4208 4720 10178 12893 END
START 1640 -25852 5360 5765 10751 10595 END
START 3256 -26168 8548 5327 8842 9240 END
START 4212 -27460 9676 3050 5624 7329 END
START 4828 -28736 8912 -964 2850 3637 END
START 4820 -28300 8296 -4625 1706 -371 END
START 4880 -26296 8408 -6803 -307 -4328 END
START 4516 -24468 8060 -7342 -2029 -7435 END
START 4160 -23152 7548 -7696 -3144 -10208 END
START 3464 -21788 7484 -8921 -4836 -12565 END
START 2916 -20188 6776 -10395 -5916 -14369 END
START 2664 -19580 6240 -10489 -6490 -16139 END
START 1928 -17728 5720 -9525 -6923 -17135 END
START 1500 -15704 6336 -6636 -7757 -16788 END
START 1284 -13680 6592 -3996 -9150 -15526 END
START 1052 -11848 5564 -6298 -9879 -14489 END
START 944 -10384 4508 -6946 -9750 -14034 END
START 1156 -9312 3544 -4400 -10279 -12011 END
START 1592 -7944 1160 -1168 -9947 -8637 END
START 2176 -8204 -480 190 -8664 -6052 END
START 2596 -8572 -2128 -515 -7582 -3967 END
START 2768 -9984 -4868 588 -5682 -2274 END
START 2964 -11720 -7264 2255 -2654 -382 END
START 3112 -13836 -8476 2059 451 953 END
START 3300 -16316 -11244 1535 4463 824 END
START 3432 -17416 -12824 971 10019 -498 END
START 3588 -17104 -12820 -1645 15250 -1264 END
START 3544 -17368 -11288 -2309 19116 -1274 END
START 2092 -17684 -9640 -1897 22410 -604 END
START 1684 -18760 -6644 -371 26143 -1026 END
START 1196 -19308 -2432 -2161 27112 -1772 END
START 1368 -20500 2084 -5135 26652 -3227 END
START 2044 -20848 7392 -6200 25005 -4695 END
START 3312 -19744 11940 -8013 22731 -6029 END
START 5640 -17476 15596 -9890 19064 -6526 END
START 7456 -14720 18364 -9495 14852 -5878 END
START 8564 -13092 19496 -7366 9950 -5505 END
START 9124 -11056 18816 -4071 5064 -5404 END
START 9592 -9424 15800 -2701 419 -5602 END
START 9328 -8316 12336 -2652 -3528 -5477 END