START 10480 -17556 860 -509 7038 2569 END
START 11740 -21612 2536 2351 8102 1694 END
START 12168 -26208 6560 3939 7315 -1966 END
START 11520 -28084 10752 2619 4911 -7399 END
START 9060 -27256 14056 542 1290 -12001 END
START 7440 -22668 15020 247 -2768 -15574 END
START 6792 -17372 14088 -1067 -6511 -17918 END
START 5784 -12296 11628 -1600 -10117 -17187 END
START 4952 -8612 8988 -1003 -13231 -14740 END
START 3820 -6408 6784 1114 -14639 -12473 END
START 3452 -4576 5772 1839 -16185 -9388 END
START 3164 -3264 3704 1094 -17204 -6470 END
START 2776 -2432 1332 -94 -17616 -3281 END
START 2164 -2492 -1144 255 -16602 132 END
START 1800 -2600 -3156 1386 -14943 3530 END
START 2220 -2480 -4256 2453 -12993 6551 END
START 2380 -2448 -4248 2765 -10268 9752 END
START 2336 -3212 -4172 2709 -8289 13407 END
START 1752 -4904 -5096 1917 -6382 17175 END
START 1624 -7084 -6180 5013 -3310 20169 END
START 1536 -8916 -5592 8040 -810 23108 END
START 664 -12888 -4624 9547 173 25835 END
START 168 -17180 -4228 11838 3741 26157 END
START 1864 -19948 -3796 8791 6062 25540 END
START 3052 -24280 -3804 4375 7712 24656 END
START 4280 -28076 -3380 5973 8998 22589 END
START 4988 -32600 -684 11852 8825 19412 END
START 6644 -32768 352 8406 8010 14511 END
START 6412 -32768 2600 796 8104 6339 END
START 6316 -32768 5732 -4166 5793 -2138 END
START 6056 -32768 7272 -4250 3352 -9141 END
START 6100 -30116 7728 -5405 1425 -14751 END
START 5272 -24932 7768 -7154 -759 -18505 END
START 3608 -21384 7276 -6943 -2722 -20588 END
START 2256 -17408 6864 -7124 -4719 -20836 END
START 1076 -14860 5056 -5919 -5954 -20357 END
START 520 -12348 3864 -3442 -6930 -18915 END
START 740 -9480 2808 -2606 -8003 -16936 END
START 856 -8192 132 -2693 -7436 -14320 END
START 1656 -7208 -3416 -3406 -5795 -12331 END
START 2524 -6884 -6800 -5769 -3702 -9922 END
START 3536 -6956 -11256 -5880 -1211 -7333 END
START 3728 -8632 -18224 -6247 4224 -4769 END
START 3052 -10436 -21508 -3492 13544 -4119 END
START 2212 -11980 -19792 -1219 21537 -3045 END
START 1784 -11924 -15472 -1336 27286 -1813 END
START 1608 -13236 -9804 -892 31481 -709 END
START 2012 -13980 -2300 -1420 32484 391 END
START 3828 -15704 5684 -4240 30733 1235 END
START 4304 -18880 10360 -4466 28164 856 END
START 5008 -19416 17712 -5345 25473 -1256 END
START 6020 -17588 24016 -8779 18434 -3427 END
START 6600 -16968 26872 -7271 9627 -4004 END
START 7224 -13140 25480 -4340 1318 -4145 END