START 9336 -16516 8740 5148 5395 -743 END
START 10008 -18476 11016 3461 3659 -1719 END
START 10712 -18780 12828 2064 551 -4378 END
START 9924 -18608 13252 1470 -1243 -6875 END
START 8880 -17192 15104 -114 -3793 -9336 END
START 8564 -14200 14596 -1754 -7536 -10437 END
START 8576 -10968 13240 -3957 -11305 -10370 END
START 7700 -8224 10512 -5917 -14412 -8735 END
START 7144 -6392 7196 -6342 -15037 -7162 END
START 6996 -4604 5736 -5444 -15909 -4723 END
START 6028 -3168 3848 -4165 -17136 -1180 END
START 5620 -2344 2364 -1980 -16447 2138 END
START 4304 -1500 1316 -3387 -15711 5180 END
START 2812 -2424 -300 -4184 -15420 7176 END
START 1764 -2532 -2004 -2005 -15009 9645 END
START 844 -2380 -3972 791 -12495 12494 END
START -20 -2512 -4252 1137 -9908 15507 END
START -588 -3236 -3748 352 -8494 18845 END
START -1728 -5200 -3428 1782 -6396 21985 END
START -1732 -8808 -4212 7569 -4742 25036 END
START -1940 -11728 -4124 11650 -2323 27956 END
START -2920 -14784 -2052 14244 1649 29363 END
START -3356 -18852 1688 12124 3901 29585 END
START -2452 -25004 3192 9483 4146 28737 END
START -244 -30928 2872 9515 3615 26231 END
START 4144 -32768 2200 11291 1910 23121 END
START 8100 -32768 -1700 6127 843 17231 END
START 10204 -32768 -3148 -177 1120 7891 END
START 9756 -32768 -3880 -3591 1743 -2859 END
START 8144 -32768 -1908 -7332 3087 -13358 END
START 5280 -32768 788 -10595 4245 -20621 END
START 3248 -28388 3596 -10073 4280 -24819 END
START 1752 -21592 4376 -8729 2293 -25771 END
START 420 -16604 4872 -7356 661 -25388 END
START 88 -12608 4972 -6325 -343 -23319 END
START 176 -9840 4960 -3920 -1229 -21030 END
START 344 -7664 4208 -3457 -2835 -17907 END
START 1060 -5428 4116 -3781 -4454 -14605 END
START 1652 -5132 2412 -2453 -4818 -11225 END
START 2380 -4776 1208 -2745 -4838 -7934 END
START 2752 -4684 468 -3896 -5390 -5045 END
START 2076 -5824 -1996 -2531 -5132 -1726 END
START 3580 -8692 -6036 -2041 -4900 1305 END
START 4956 -15128 -17916 -1996 -312 1810 END
START 4612 -19504 -29440 -5133 10531 -1690 END
START 3716 -22056 -32768 -8169 22841 -5187 END
START 1280 -22236 -32768 -2135 32767 -7404 END
START -2768 -19504 -25540 5046 32767 -9827 END
START -6160 -14580 -10468 9227 32767 -11493 END
START -5804 -10160 10172 7064 32767 -10738 END