START 3028 -18668 -8768 10922 21647 982 END
START 3200 -21472 -4932 10348 23663 -305 END
START 3088 -24260 504 5277 25542 -3637 END
START 5048 -25756 6632 -3194 23057 -6281 END
START 7536 -27004 9600 -7197 17940 -8539 END
START 9316 -27484 11428 -3450 12540 -9418 END
START 9076 -26724 14184 -176 8003 -11995 END
START 7996 -25276 16288 -5942 5416 -16481 END
START 7064 -22168 17548 -13020 2222 -20530 END
START 5716 -17848 16160 -11900 -1739 -21761 END
START 5064 -12692 13856 -6857 -5414 -21169 END
START 4556 -8600 11620 -4331 -8384 -19640 END
START 3924 -5820 8872 -3953 -9861 -17488 END
START 3868 -3392 6656 -3459 -11565 -14608 END
START 3536 -1152 5120 -2615 -13642 -11015 END
START 3212 332 2872 -1721 -14080 -6783 END
START 2900 752 1476 -492 -13338 -3047 END
START 1712 1184 208 -626 -13181 975 END
START 796 936 -544 172 -12372 4915 END
START 584 272 -1080 2961 -11644 8703 END
START 116 -396 -2216 5023 -10171 12443 END
START 40 -1408 -3292 4127 -9082 17118 END
START -1032 -4236 -3828 5741 -6665 20560 END
START -720 -6856 -3964 9588 -3949 23895 END
START -808 -10276 -3604 14385 -1520 26398 END
START 4 -13716 -2468 15338 122 29734 END
START -892 -22064 -4904 14482 3062 30620 END
START 772 -28840 -3552 15232 8410 27689 END
START 3528 -32768 -1816 12005 9862 23171 END
START 5824 -32768 -188 9600 9893 18727 END
START 8016 -32768 2888 3815 8038 13908 END
START 8940 -32768 3180 -1994 3553 8850 END
START 9168 -32768 388 -3025 1159 2141 END
START 9184 -32768 -228 -4864 1004 -5277 END
START 8016 -32768 504 -8559 1543 -11959 END
START 6572 -28484 2520 -10912 1939 -16785 END
START 4748 -24712 5388 -8664 1047 -20099 END
START 3348 -20416 7808 -4401 -1185 -21829 END
START 2176 -16588 8976 -2092 -3993 -21973 END
START 1324 -13732 9444 -3747 -6793 -21187 END
START 932 -11272 8632 -3306 -9335 -19984 END
START 992 -8004 7720 -973 -11454 -18124 END
START 1020 -5440 5816 -342 -13766 -14702 END
START 936 -4168 3784 537 -15060 -10819 END
START 692 -4668 652 2164 -14941 -6949 END
START 932 -4772 -2660 3079 -14171 -3460 END
START 1332 -5784 -5712 3486 -13555 -389 END
START 1712 -7120 -9512 4727 -11781 2708 END
START 1380 -9292 -14184 5553 -5153 4354 END
START 2336 -11832 -16168 3685 2343 5286 END
START 2908 -13572 -16800 536 8596 5523 END
START 3192 -15408 -18100 -257 15171 5889 END
START 2488 -17136 -18228 986 21953 6468 END
START 2180 -18712 -16652 1615 27749 6074 END
START 1456 -20236 -15100 -1544 32767 4132 END
START 1720 -21080 -11144 -7473 32767 2836 END
START 2084 -21396 -8844 -18430 32767 1319 END
START 424 -23816 -3304 -22694 32767 1054 END
START 468 -23084 5292 -17023 32767 1809 END
START 228 -25756 16040 -6482 30072 1218 END
START 68 -27428 25076 -5932 20614 -2333 END