START 10844 -8548 18968 4152 -2080 455 END
START 8864 -8972 20024 5203 -7835 3425 END
START 6996 -8692 19504 3697 -10600 2027 END
START 6768 -8932 19372 -4268 -16206 422 END
START 6084 -8800 15276 -8057 -21649 325 END
START 6332 -7484 10200 -8112 -23896 2270 END
START 5380 -7004 5632 -5434 -23428 2879 END
START 5292 -5068 3964 -4719 -22964 4246 END
START 4572 -3960 1760 -4702 -24301 7106 END
START 2300 -3788 -2976 -4123 -21844 9005 END
START 1920 -3108 -2080 -3472 -18955 9747 END
START 648 -4092 -2220 -2158 -18285 12298 END
START -180 -4820 -2784 4196 -17400 15479 END
START -552 -7012 -3276 6287 -16463 18474 END
START -960 -9908 -4260 6636 -14830 19353 END
START -692 -11296 -5292 4929 -12082 19679 END
START 76 -12964 -6068 3985 -10105 20267 END
START -80 -14632 -4892 7284 -7549 21132 END
START -68 -14156 -3572 12080 -3845 21639 END
START 460 -17344 -3088 11662 -2811 23522 END
START -112 -22616 -3196 15872 -418 23285 END
START 1428 -24040 -1736 17534 3756 20646 END
START 1552 -23440 1068 12475 5821 18957 END
START 1024 -26056 3460 10607 7309 17472 END
START 1708 -28540 4028 9541 5755 15538 END
START 2368 -29748 1984 6269 4675 12150 END
START 3340 -29324 872 2227 6316 7031 END
START 4384 -29328 2176 -1510 5828 3739 END
START 5028 -29900 2748 -1329 3970 844 END
START 5228 -30912 2532 -2138 2914 -2994 END
START 5064 -30044 2992 -4479 2580 -7851 END
START 4448 -27888 4292 -8805 1789 -12165 END
START 3900 -25148 5212 -8561 555 -15461 END
START 3880 -21268 5928 -9436 -1435 -16367 END
START 3384 -19404 5640 -10541 -2574 -17402 END
START 2884 -18112 5476 -11241 -4154 -17898 END
START 2752 -16524 4964 -8963 -5677 -18399 END
START 2896 -13468 4596 -8002 -7724 -17330 END
START 2860 -12672 3604 -7581 -8674 -15898 END
START 2688 -11308 2364 -5822 -8332 -14911 END
START 2512 -9908 524 -6210 -8107 -13436 END
START 2640 -8908 -764 -5356 -7554 -11775 END
START 2736 -7948 -2932 -4595 -6892 -8794 END
START 2300 -8956 -4636 -1221 -5416 -6107 END
START 2188 -10064 -5336 3037 -3151 -4488 END
START 2616 -10596 -6164 2993 -1883 -3151 END
START 2796 -12100 -8036 263 198 -2116 END
START 3004 -13144 -10024 -833 3565 -1220 END
START 3372 -14476 -11360 -390 6664 -721 END
START 3912 -15580 -12724 -1057 10054 -502 END
START 4188 -17316 -14824 -1844 13429 -672 END
START 3992 -18228 -16120 -1726 18471 -938 END
START 3076 -18888 -14144 -3055 23485 -1949 END
START 1964 -19048 -11052 -4454 27106 -2705 END
START 1336 -18644 -6736 -5070 29765 -2985 END
START 1084 -18624 -968 -5959 30003 -2897 END
START 784 -19292 4612 -3735 27924 -2731 END
START 2324 -18604 11236 -2043 24838 -3009 END
START 4608 -16364 15092 -5078 20887 -4124 END
START 6324 -14740 17388 -6649 17808 -5082 END
START 8364 -11920 18496 -7189 14230 -5229 END
START 9916 -9484 19044 -5830 9962 -4990 END