START 8520 -9764 6784 1440 -10100 -9617 END
START 8144 -7588 7332 792 -11310 -7992 END
START 7208 -6084 6024 442 -13619 -5470 END
START 6880 -5096 5568 2940 -16043 -1810 END
START 5412 -4516 4804 4082 -19238 2369 END
START 3820 -4640 1680 3626 -17749 3571 END
START 3540 -4248 1784 1668 -15484 3879 END
START 2892 -3460 1468 -2091 -17048 6993 END
START 2788 -3940 -312 -1592 -18734 11348 END
START 1764 -4008 -2308 662 -18019 14403 END
START 580 -4744 -2740 2936 -14777 16784 END
START 584 -5760 -2572 4092 -12824 19886 END
START 1248 -8316 -3768 4510 -13175 23204 END
START 756 -12168 -6576 4920 -11619 25446 END
START 1536 -15944 -9720 6778 -6181 25233 END
START 3296 -20672 -10824 7186 -2332 25297 END
START 4644 -25008 -11180 7059 -512 24004 END
START 5764 -31324 -12632 9201 4149 19730 END
START 7712 -31936 -8836 10214 10064 13578 END
START 10060 -32768 -3224 2022 9497 8576 END
START 11460 -32768 272 -3410 6744 3772 END
START 11312 -32768 2944 -3740 2257 -1133 END
START 10188 -31980 2328 -3878 206 -7552 END
START 9180 -26820 2512 -8851 -1661 -11821 END
START 7584 -23912 2184 -11547 -3073 -14905 END
START 5964 -19928 2768 -8993 -4426 -16796 END
START 5376 -16240 2340 -4815 -5336 -17720 END
START 4276 -12804 2468 -3195 -5870 -16996 END
START 3616 -10564 1868 -3321 -7396 -15110 END
START 2996 -9072 0 -1843 -7697 -13669 END
START 2812 -7332 -1068 161 -8048 -11335 END
START 2704 -6572 -2896 444 -8046 -8917 END
START 2612 -6352 -5488 -1127 -6717 -6360 END
START 2688 -6392 -7344 -1528 -5081 -3380 END
START 2184 -7336 -9888 -757 -2924 -754 END
START 2712 -8908 -12432 282 852 1377 END
START 2824 -10460 -14128 920 5766 2820 END
START 3528 -11512 -14260 1464 9918 3481 END
START 3796 -13520 -16160 181 13184 4958 END
START 3512 -15856 -18320 -556 19230 5487 END
START 3168 -17080 -17032 -1806 25948 4363 END
START 3424 -17308 -13256 -3878 30412 3622 END
START 2780 -17788 -8080 -4378 32767 3865 END
START 3008 -19352 -1340 -2730 32767 3205 END
START 4456 -19732 6304 -3661 31933 1764 END
START 5660 -19832 12852 -7929 26887 319 END
START 6996 -20512 17348 -10590 18779 -917 END
START 7420 -20088 18224 -10039 9732 -2394 END