START 6268 -26256 5392 4538 12674 -2519 END
START 7536 -28272 7652 2612 11251 -6332 END
START 7168 -29504 9132 -1741 9837 -11204 END
START 6928 -28296 11484 -3438 7818 -16533 END
START 6764 -25492 12808 -2492 4336 -19137 END
START 6660 -20820 14692 -266 843 -20813 END
START 5384 -16036 15640 -2087 -2809 -21162 END
START 5004 -12056 16104 -3193 -5329 -21109 END
START 4752 -9084 15964 -3727 -9563 -18998 END
START 4152 -6564 14124 -3399 -14166 -15936 END
START 3040 -4540 11184 -4783 -16843 -12203 END
START 3188 -3812 8732 -4691 -17009 -10270 END
START 2700 -2288 7384 -4331 -17916 -7435 END
START 2108 -1232 5340 -2548 -19091 -3140 END
START 1496 -584 3068 -1739 -18810 610 END
START 960 -360 744 -3224 -18338 3749 END
START 196 -64 -1348 -5049 -17123 7283 END
START -484 -900 -2820 -2105 -14877 11077 END
START -444 -1728 -3680 3711 -12271 15215 END
START -592 -3332 -4536 5450 -10749 19839 END
START -728 -6904 -6460 6298 -6916 22533 END
START -616 -11192 -7876 6665 -1270 23336 END
START -812 -15612 -6700 6758 2130 24805 END
START -8 -21168 -5324 12854 3948 26153 END
START 1408 -27244 -6356 14098 8725 25023 END
START 3864 -32764 -3744 9920 12681 20447 END
START 7820 -32768 -332 5811 13355 14640 END
START 12400 -32768 2572 1592 9073 9391 END
START 13792 -32768 3868 553 3991 3677 END
START 13044 -32768 2752 -5216 1313 -4504 END
START 10836 -32768 2760 -13038 336 -13267 END
START 8520 -29892 3640 -14317 572 -20097 END
START 7068 -23572 4944 -11712 -254 -23144 END
START 4976 -17968 5492 -9340 -1965 -23990 END
START 3568 -13392 5920 -8627 -3819 -22964 END
START 2212 -9772 5064 -7705 -5359 -20061 END
START 2184 -6688 3868 -5093 -4853 -17659 END
START 2504 -5208 3180 -2905 -6425 -13818 END
START 2572 -4032 308 -618 -7329 -9420 END
START 2728 -4236 -1876 40 -6233 -5961 END
START 2828 -4908 -3552 -872 -5558 -3237 END
START 3020 -6524 -4768 -527 -4312 -989 END
START 3584 -8692 -8380 -128 -2843 1347 END
START 5348 -11648 -16012 -3108 1073 3114 END
START 4620 -14100 -24952 -5396 10825 1606 END
START 5504 -14188 -24880 -5926 22585 446 END
START 4048 -13728 -21692 -406 30945 1160 END
START 2548 -12116 -14776 5601 32767 3122 END
START 992 -15572 -3080 7096 32767 4125 END
START 820 -17824 8780 3962 32767 1709 END
START 1336 -19968 19424 -6072 32767 -2462 END
START 2524 -21684 27128 -14239 22867 -5732 END
START 4828 -18608 27136 -11322 11590 -5968 END
START 7956 -13840 22736 -7261 2096 -4523 END
START 9152 -9744 16848 -4094 -3618 -2285 END