START 12712 -14360 8852 564 -1192 -2378 END
START 12472 -14364 9168 1727 -1427 -3297 END
START 11520 -13092 10756 3264 -1931 -4345 END
START 10340 -10804 13320 1586 -4262 -4259 END
START 9296 -8552 15304 1200 -8605 -3583 END
START 8356 -7692 14496 500 -13474 -1509 END
START 8004 -7960 11868 -948 -16974 435 END
START 7252 -7516 8860 -2648 -18549 1056 END
START 6496 -6432 6912 -4543 -19867 2417 END
START 6080 -5872 4804 -4654 -20501 3540 END
START 5720 -5948 1276 -6329 -21242 5072 END
START 4868 -6624 -1468 -6911 -20752 5854 END
START 3772 -5136 -2384 -4863 -19331 6903 END
START 2648 -3928 -3288 -4025 -18152 8948 END
START 2636 -4188 -4976 -5160 -17076 11443 END
START 2364 -6460 -8276 -6509 -14872 13335 END
START 1988 -6620 -9644 -2109 -11063 14560 END
START 2400 -6288 -8464 -1999 -8944 16248 END
START 1764 -7632 -9236 -2461 -6755 18167 END
START 696 -10280 -7920 332 -4121 18755 END
START -852 -11684 -5752 8488 -2368 20108 END
START -1752 -12700 -2928 14066 -799 21128 END
START -3196 -13564 -492 13271 1523 22273 END
START -4552 -13816 2140 6799 2373 23282 END
START -4352 -15860 1508 3332 469 24200 END
START -4296 -19500 508 8379 -1082 25882 END
START -4828 -20392 -944 14446 -30 26327 END
START -5688 -24296 -208 13744 2410 24677 END
START -4772 -29232 540 13468 2926 22032 END
START -2544 -32768 -2700 12279 2386 18445 END
START -704 -32768 -2820 13934 4397 13166 END
START 1024 -32768 -1144 9390 5076 7518 END
START 2068 -32768 -636 3886 4678 1424 END
START 2516 -32768 -644 -2408 3904 -4593 END
START 1864 -32768 232 -5660 3155 -9713 END
START 1108 -30736 2100 -7906 1913 -13457 END
START 8 -27340 4276 -9081 427 -16233 END
START -500 -23796 6268 -11078 -1643 -18057 END
START -1036 -20680 6612 -11935 -3386 -19613 END
START -772 -17960 6224 -12390 -5302 -19845 END
START -1100 -16148 6132 -9061 -7090 -19244 END
START -972 -14012 5472 -7410 -8607 -18403 END
START -1168 -11712 4640 -8280 -10412 -17219 END
START -724 -10792 1388 -8572 -10538 -16162 END
START -932 -9860 -1120 -8055 -9398 -14650 END
START -776 -8608 -3172 -5592 -8379 -12380 END
START -360 -7988 -4516 -2155 -7378 -10032 END
START -4 -8636 -6576 -943 -5764 -7813 END
START -188 -8972 -8312 -113 -2576 -5970 END
START -48 -8868 -7804 948 366 -4493 END
START 508 -9276 -6984 486 1534 -2366 END
START 880 -10308 -7564 1382 2233 169 END
START 1644 -11804 -8884 3018 4221 2032 END
START 2136 -13928 -9996 2876 6376 3190 END
START 2396 -16424 -12208 821 8897 3302 END
START 2656 -18100 -13528 -81 12193 3207 END
START 2120 -19716 -15792 -1229 16250 2547 END
START 1432 -21164 -17036 -2743 21870 751 END
START 208 -20292 -13764 -2591 27521 -782 END
START -1068 -17960 -8288 -2759 30178 -687 END
START -1020 -16092 -2452 -1374 30292 189 END
START 600 -14520 2240 -2085 29696 996 END
START 656 -15628 7944 -5730 27413 1381 END
START 1056 -17580 13160 -7160 22767 1341 END
START 3216 -18008 15292 -5987 17019 1154 END
START 5244 -17512 15572 -5124 12072 741 END
START 6888 -16660 14344 -6235 8131 -655 END
START 7908 -15296 12816 -6084 4396 -1833 END
START 9132 -13592 10544 -2932 719 -1950 END
START 9344 -12680 8096 -1221 -2221 -1653 END
START 8660 -13000 5896 -932 -4310 -1105 END
START 8124 -13744 4500 460 -5262 -1300 END
START 7484 -14096 3824 1681 -6214 -1352 END