START 8716 -21736 13024 2311 4702 -5903 END
START 7500 -21976 15504 -1851 3706 -9376 END
START 6048 -20780 18740 -2550 423 -12046 END
START 5880 -17288 18892 -1208 -4026 -13154 END
START 5968 -14496 16944 -690 -8410 -13341 END
START 5320 -11692 14644 -2295 -11828 -12795 END
START 3916 -9096 13120 -4040 -15150 -11657 END
START 3208 -6612 11816 -6249 -18318 -8844 END
START 2624 -5924 10136 -7431 -19940 -6714 END
START 1804 -4496 8108 -6996 -21133 -3934 END
START 852 -3096 5632 -6206 -23080 -1068 END
START 348 -2752 1620 -5317 -22686 1806 END
START -544 -2652 -2328 -5166 -20206 3751 END
START -1040 -1424 -3996 -5910 -16964 5486 END
START -1272 -1084 -4592 -5697 -15153 8743 END
START -1564 -1808 -6900 -566 -12337 12785 END
START -1356 -2816 -7860 3649 -8298 16379 END
START -1484 -3712 -7248 5478 -4669 19863 END
START -2456 -5580 -6300 5572 392 22537 END
START -3772 -8072 -4712 5373 3877 25640 END
START -4172 -11220 -3324 9975 5819 28674 END
START -3888 -19060 -2820 11457 5891 32046 END
START -3452 -27120 -3584 16238 9232 31272 END
START -916 -32768 -2404 13628 12443 26715 END
START 2116 -32768 404 5393 12144 19813 END
START 4760 -32768 2540 -1034 9847 12241 END
START 6488 -32768 5400 828 6622 4947 END
START 6292 -32768 6336 -78 4036 -2688 END
START 5956 -32768 5624 -8425 2243 -10408 END
START 4448 -32616 5976 -10380 1192 -16231 END
START 3188 -27048 6932 -7807 -903 -19732 END
START 1716 -23500 8016 -5351 -3313 -21714 END
START 228 -20372 9888 -3188 -5377 -23406 END
START -692 -17424 10564 -3854 -7343 -24421 END
START -816 -13716 10744 -2714 -10031 -23805 END
START -520 -10480 7500 -2164 -12593 -22425 END
START -228 -6984 3964 -334 -12794 -20100 END
START 404 -4532 924 1831 -12256 -16747 END
START 892 -2624 -1104 2263 -12999 -11587 END
START 1684 -2712 -3084 3043 -13357 -7289 END
START 1632 -4640 -7136 1620 -11158 -2998 END
START 1672 -5520 -10088 2266 -5573 -1112 END
START 2480 -7268 -10892 2070 -1853 1353 END
START 3452 -9228 -14332 851 2708 3193 END
START 3532 -11536 -17696 822 8938 4538 END
START 3268 -14456 -19464 1479 16045 5374 END
START 2304 -18112 -17488 3593 22717 4536 END
START 1504 -21180 -12760 4955 27915 2893 END
START 1296 -22616 -5656 4345 31358 589 END
START 2468 -24524 2140 -3087 30999 -1635 END
START 3656 -25628 8164 -4225 28548 -3805 END
START 3844 -24680 14136 -2142 24334 -5030 END
START 3984 -23272 20124 -3689 19226 -8023 END
START 4324 -20208 22964 -7212 12674 -10891 END
START 5944 -13556 22036 -7918 5545 -11835 END