START 5528 -10636 19072 -2503 -9656 -11309 END
START 4344 -5928 16276 -3583 -13492 -8930 END
START 3108 -2428 13668 -4074 -18204 -4810 END
START 1988 -1660 9476 -5189 -21348 -603 END
START 868 -1316 5900 -2781 -21765 2451 END
START 120 -488 3804 -1652 -22643 6346 END
START -1212 -976 1960 -1235 -22782 10469 END
START -1700 -2516 -192 -61 -21709 14527 END
START -1800 -5816 -3424 -704 -20004 17334 END
START -1328 -7548 -6544 -455 -16035 18419 END
START -308 -9732 -7856 1097 -12323 19777 END
START 672 -12232 -10560 1816 -8442 21606 END
START 1984 -16772 -14192 2976 -1891 21282 END
START 3188 -20632 -14368 5787 5317 20562 END
START 3692 -24680 -10356 11234 10887 19071 END
START 4552 -27376 -3932 13761 14095 16594 END
START 6060 -28896 3784 8857 14144 12960 END
START 7624 -29460 6684 -98 10797 8786 END
START 9308 -29820 7468 -1866 7790 5315 END
START 10592 -29636 8520 -950 3662 2510 END
START 10764 -29876 8092 -1749 -387 -1453 END
START 9860 -29112 5828 -5402 -3304 -6097 END
START 8704 -26444 2896 -8965 -2939 -10759 END
START 7780 -22840 2972 -9626 -2274 -14210 END
START 5408 -19684 2844 -6485 -2308 -15683 END
START 4168 -16352 3320 -4417 -3002 -16214 END
START 2812 -13724 2576 -4590 -3225 -15195 END
START 2248 -12096 2532 -4361 -3630 -14230 END
START 2184 -10480 1552 -4052 -4081 -12730 END
START 2120 -9280 168 -3128 -3655 -10513 END
START 2956 -8248 316 -3288 -4302 -8140 END
START 3348 -7912 -1400 -3518 -4649 -5717 END
START 3284 -7748 -4104 -2924 -2720 -3788 END
START 3996 -8044 -5704 -2448 -1038 -1572 END
START 4444 -8984 -9968 -2967 1703 605 END
START 4596 -11680 -14452 -3796 7092 1492 END
START 4476 -13572 -17224 -2263 13327 1819 END
START 4560 -15004 -17876 -336 20137 2192 END
START 3232 -16284 -15308 3181 27729 1489 END
START 1788 -16004 -8680 3651 31529 1287 END
START 1108 -17396 -1312 4269 32767 600 END
START 2096 -16376 8184 2273 32767 -1009 END
START 3276 -15684 18452 -4452 29561 -2387 END
START 3764 -16404 26260 -5964 21176 -2236 END