START 9084 -17708 4008 4872 11489 4003 END
START 8828 -20408 5336 4094 12642 3079 END
START 7628 -21496 8056 5612 12862 890 END
START 7032 -21412 11060 2806 10729 -914 END
START 7356 -22236 14248 1788 9220 -3368 END
START 6484 -22896 18040 3088 5794 -5139 END
START 4048 -22544 19580 5815 992 -6449 END
START 2976 -21648 20972 5061 -3181 -9068 END
START 2236 -19016 22408 1478 -9050 -11330 END
START 2084 -15300 20528 -774 -15351 -12407 END
START 2236 -11656 17496 -1976 -20313 -11789 END
START 2476 -9508 13768 -1953 -23694 -10177 END
START 2576 -8324 9864 -3608 -26040 -9299 END
START 2136 -6908 7720 -3975 -28324 -7635 END
START 2728 -5656 3712 -4841 -29165 -5761 END
START 3060 -5440 -436 -7344 -26912 -5643 END
START 3660 -5024 -3408 -8184 -24479 -5880 END
START 3844 -3864 -3420 -1630 -22963 -4281 END
START 4616 -2256 -4988 1631 -20127 -945 END
START 3404 -3164 -6132 -311 -16675 433 END
START 2348 -3224 -5240 -688 -15869 2352 END
START 1808 -3752 -4016 3935 -15693 5317 END
START 2344 -1812 -3492 5066 -14329 8844 END
START 2940 -3028 -4160 3426 -12216 11486 END
START 2268 -4360 -4372 2969 -11463 14355 END
START 1928 -5600 -4820 5898 -9806 17598 END
START 380 -6884 -4664 7865 -9323 20938 END
START -716 -7572 -4476 11873 -7342 24204 END
START -2192 -8272 -4224 14833 -3916 28211 END
START -1816 -12808 -2996 12850 -3160 31165 END
START -3896 -17452 -4224 14276 -2083 32767 END
START -5608 -21276 -6176 17144 750 32438 END
START -5148 -24452 -6836 16472 7322 30590 END
START -2856 -30728 -4384 12482 11488 26845 END
START -1852 -32768 -1548 13965 12656 22544 END
START -732 -32768 -708 14627 14586 16394 END
START -272 -32768 3984 6693 14634 8905 END
START -652 -32768 7432 1433 11316 1370 END
START -876 -32768 8288 -1067 7424 -4764 END
START -404 -32768 7496 -4101 5497 -11175 END
START -264 -32148 5696 -6994 3538 -15871 END
START -180 -27108 4612 -7348 2575 -19366 END
START -220 -23788 4768 -7385 1270 -21458 END
START -1132 -21164 4552 -5272 38 -22424 END
START -1348 -19056 5620 -3431 -895 -22942 END
START -1396 -15984 7276 -3761 -2671 -22861 END
START -1572 -13832 7536 -3945 -4385 -22459 END
START -1744 -11236 7236 -5089 -6462 -21096 END
START -1096 -9352 6836 -4251 -8206 -19067 END
START -560 -6908 4112 -5117 -9206 -17075 END
START 64 -6292 1060 -6510 -8367 -15054 END
START 720 -4728 -100 -5337 -8664 -12092 END
START 1772 -4356 -2976 -17 -8399 -8137 END
START 2740 -4516 -6328 3327 -6447 -4573 END
START 3756 -5980 -7716 3482 -3769 -1705 END
START 5232 -7704 -9008 2962 -1252 698 END
START 6348 -9732 -10412 1615 848 2399 END
START 6412 -12160 -12144 1058 3367 3828 END
START 6284 -15404 -14904 21 8028 4331 END
START 6168 -18316 -14300 861 12588 4134 END
START 5952 -20992 -13392 3827 16159 3608 END
START 5812 -22168 -13756 3607 19730 2629 END
START 4708 -21004 -12804 -837 25277 -783 END
START 3488 -18412 -9860 -7317 29912 -3078 END
START 1748 -18124 -2912 -4780 32268 -2643 END
START -164 -17508 6220 -718 29051 -1297 END
START -1656 -19680 13412 -2857 24407 -1151 END
START -2332 -25064 17784 -10934 21945 -5348 END
START 528 -22892 20496 -14447 18599 -10204 END
START 4632 -14648 18252 -10331 11691 -10052 END
START 7688 -8544 13608 -5158 7394 -7788 END
START 8808 -4680 12012 -4517 4897 -5480 END
START 8564 -4748 11536 -2832 2269 -2263 END
START 7480 -7240 11056 -342 -818 359 END
START 6736 -8904 10540 1284 -4487 2450 END
START 5944 -10416 8832 676 -7431 3233 END
START 4844 -10420 7836 994 -8831 3593 END