START 12368 -11304 9448 -2364 -8558 1033 END
START 11056 -10644 9364 -680 -11320 2543 END
START 9392 -11968 7196 -256 -12542 2042 END
START 9384 -10868 8024 -846 -11202 -452 END
START 8080 -8936 8468 -4675 -13894 -160 END
START 6744 -7312 7100 -3736 -16596 1721 END
START 5784 -5444 5188 -2246 -17541 3319 END
START 4040 -4284 2780 -2379 -17427 5637 END
START 3188 -3404 1312 -2855 -16117 8914 END
START 2464 -3928 76 -2758 -15976 12506 END
START 1852 -5080 -1604 -1725 -15837 15240 END
START 1244 -6524 -4792 -2630 -14270 17173 END
START 1756 -8436 -6152 -2558 -11140 18489 END
START 2104 -10040 -6264 3725 -7464 20151 END
START 2808 -12324 -5700 8926 -4971 22182 END
START 3388 -15828 -5780 7774 -2512 23655 END
START 4044 -22092 -7080 6053 1038 21741 END
START 5812 -26552 -6744 8771 4294 17933 END
START 7304 -27512 -4328 13830 6667 14480 END
START 9584 -28996 -2096 9876 7908 11521 END
START 11276 -31460 -612 4260 8607 6424 END
START 11304 -32076 1220 1632 7292 1373 END
START 10812 -30788 3996 2230 5258 -3361 END
START 9768 -28092 5664 -834 2380 -7309 END
START 7912 -25652 6168 -5207 -8 -11368 END
START 6592 -21628 5664 -7772 -1709 -14182 END
START 5616 -17724 4716 -8062 -3235 -15076 END
START 5180 -14008 4304 -6058 -4650 -14493 END
START 4504 -11464 3180 -3644 -5228 -12156 END
START 3848 -9844 2580 -1298 -5482 -10493 END
START 3252 -8728 1344 -2169 -6329 -8616 END
START 3340 -8712 -1360 -3143 -5902 -6718 END
START 3332 -9736 -5056 -2967 -4468 -4815 END
START 4172 -11308 -8504 -2925 -1408 -3416 END
START 5128 -12732 -13220 -3200 2082 -2781 END
START 5804 -14416 -21800 -5134 8607 -2854 END
START 5008 -16536 -30064 -6714 21361 -5288 END
START 3944 -14908 -26728 -4728 32767 -7315 END
START 1372 -16020 -18944 379 32767 -4612 END
START -2252 -18636 -7316 8341 32767 -5126 END
START -2364 -19676 10724 1979 32767 -9433 END
START -2176 -19028 23232 -11709 32767 -11473 END
START -48 -16736 31336 -16083 25402 -10685 END
START 1404 -11352 32767 -10459 11770 -7407 END
START 3436 -9328 26680 -6306 99 -3892 END