START 10456 -13032 9648 4097 4364 1619 END
START 11148 -13496 11680 5490 2168 958 END
START 11736 -13048 13676 3294 -1515 943 END
START 11756 -12864 13224 -1691 -3430 207 END
START 10916 -13852 13064 -4500 -5315 -1547 END
START 10880 -13092 12920 -3692 -8061 -2549 END
START 10488 -11152 11776 -2683 -10906 -2664 END
START 9696 -9444 10804 -2058 -13317 -2438 END
START 9340 -7504 9516 -1008 -14221 -1332 END
START 8408 -6312 8724 -1175 -15165 -111 END
START 7672 -5612 8360 -1370 -16469 1820 END
START 6552 -5600 6912 -3385 -18759 4783 END
START 5600 -5956 2732 -5500 -18519 6528 END
START 5044 -6896 -800 -6505 -15572 7225 END
START 4172 -6800 -2740 -5396 -14071 8196 END
START 3832 -5604 -4872 -4379 -12142 10479 END
START 3480 -6108 -6204 -3825 -8906 12376 END
START 2508 -6204 -6624 -2056 -5199 13707 END
START 1960 -8008 -6348 953 -4285 16168 END
START 1648 -9176 -6956 4827 -1805 18761 END
START 1020 -10716 -5228 6140 1985 19999 END
START -452 -12300 -2408 6004 4312 21472 END
START -1384 -14016 -496 8809 6044 22685 END
START -888 -16192 1380 9298 7633 22891 END
START -1440 -16904 2900 7457 8815 22582 END
START -1636 -18912 5460 7671 9101 22587 END
START -1280 -21504 5488 9325 6484 23032 END
START -652 -24060 4800 9404 5411 21903 END
START 228 -26408 6324 7215 5232 19390 END
START 1204 -30172 6168 1645 2948 16933 END
START 2596 -32768 5444 -19 414 12695 END
START 3808 -32768 4884 -1899 -1496 7373 END
START 4072 -32768 4548 -4250 -2043 1075 END
START 4128 -32604 5088 -7414 -3010 -4893 END
START 3696 -29740 5584 -9065 -4082 -9724 END
START 2664 -26824 6632 -8904 -5488 -13329 END
START 1992 -22880 7040 -8881 -7188 -15951 END
START 1284 -19968 8236 -8500 -8891 -17365 END
START 620 -18124 8072 -8484 -10991 -18077 END
START -124 -15308 6708 -7858 -12402 -17882 END
START -236 -13044 5464 -7459 -12970 -17332 END
START -36 -10992 4484 -7444 -13655 -16225 END
START -276 -9900 3104 -4997 -14336 -14068 END
START -272 -8896 1196 -982 -14126 -11858 END
START 208 -8032 -988 984 -13349 -9107 END
START 108 -7648 -3152 -156 -12190 -6756 END
START 584 -10056 -5216 893 -10431 -4737 END
START 964 -11496 -8156 2735 -8302 -3336 END
START 1480 -12704 -10852 3244 -5025 -1867 END
START 2140 -13592 -11964 2422 -513 -1215 END
START 2100 -14804 -12628 813 3822 -792 END
START 2040 -16580 -12216 1949 8456 -1038 END
START 2072 -17488 -11536 2650 11606 -353 END
START 1972 -18640 -10908 1065 14410 -380 END
START 1628 -19660 -10984 -1595 18669 -1123 END
START 1500 -20644 -10856 -5348 22530 -2290 END
START 868 -20556 -9876 -8315 26516 -3882 END
START 268 -19428 -7940 -10254 29822 -4304 END
START -900 -19412 -4232 -8192 32392 -4359 END
START -1428 -18748 508 -5927 32767 -4450 END
START 56 -17756 7104 -6456 32108 -5544 END
START 1624 -16068 12812 -9224 30128 -6040 END
START 2100 -16140 17428 -8923 25150 -5210 END
START 3844 -15604 20424 -5662 19454 -5113 END
START 5256 -13168 20608 -4519 13445 -4899 END
START 6284 -11780 18788 -5467 8564 -5070 END