START 6392 -18136 8076 7459 9092 12392 END
START 7512 -21820 9868 4842 8069 8409 END
START 9444 -26500 8984 2238 5963 3587 END
START 11220 -26060 9004 -2303 6879 -2217 END
START 10432 -27248 12052 -5743 5788 -7205 END
START 10168 -24924 15340 -2098 2205 -11016 END
START 10380 -19748 17196 201 -1972 -12750 END
START 9372 -15460 17476 -1270 -6627 -13031 END
START 8172 -12924 15572 -3780 -10150 -12855 END
START 6892 -10276 13212 -6071 -12243 -13087 END
START 5840 -8568 11380 -7199 -15094 -12389 END
START 4708 -6268 9312 -6017 -17745 -10412 END
START 4260 -4988 5256 -7373 -19604 -6567 END
START 3648 -5248 1596 -7012 -18211 -5750 END
START 3292 -4404 -364 -8296 -17162 -4698 END
START 2992 -3208 -1280 -9021 -16876 -3447 END
START 2328 -1396 -2064 -10033 -16397 -1097 END
START 760 -572 -3000 -5682 -12905 725 END
START 812 1192 -592 -1109 -10978 5998 END
START 348 -448 -524 1055 -13153 12101 END
START 220 -2380 -4372 536 -10822 16904 END
START -300 -5012 -5340 2733 -4721 18421 END
START -960 -4720 -2896 2878 -2940 21066 END
START -1088 -7312 -4992 4803 -1964 25280 END
START -1816 -11240 -5452 11430 2365 29099 END
START -2296 -15564 -2496 17062 4269 32767 END
START -2624 -22632 -352 24172 7488 32767 END
START -940 -28176 1868 30923 10555 32767 END
START 1976 -32768 4272 23343 9943 31186 END
START 4288 -32768 7692 14502 8709 24675 END
START 7072 -32768 9052 4479 3746 17435 END
START 9376 -32768 5144 -2642 -1131 8715 END
START 10768 -32768 1088 -6055 -2624 -36 END
START 10096 -32768 -488 -8294 -1836 -8762 END
START 7984 -32768 -136 -8190 334 -16416 END
START 5720 -27308 3976 -7743 595 -20187 END
START 3260 -23076 7200 -6127 -1135 -21965 END
START 1908 -18856 8664 -3126 -3721 -21826 END
START 1128 -15636 7100 -3528 -5217 -21328 END
START 76 -13640 5532 -6718 -5613 -20669 END
START 24 -11248 4860 -6487 -5545 -19652 END
START 192 -9344 3268 -4437 -6030 -16570 END
START 488 -8144 740 -2441 -5928 -13461 END
START 784 -7492 -108 -2311 -5363 -10714 END
START 812 -6544 -616 -3842 -4687 -7808 END
START 896 -6796 -1852 -3679 -3453 -5459 END
START 1468 -8436 -3416 -764 -2872 -2163 END
START 2296 -9696 -5084 761 -1921 171 END
START 3324 -13308 -11292 -1264 1583 537 END
START 4508 -16652 -18072 -5926 6872 -404 END
START 4592 -19884 -23724 -5860 14801 -1734 END
START 3416 -19032 -26444 -4461 24618 -3183 END
START 904 -16996 -22752 -1548 32767 -3191 END
START -1100 -15260 -12728 1705 32767 -2050 END
START -488 -17568 840 1052 32767 -2279 END
START 500 -19424 15268 -4910 32767 -4696 END
START 2000 -18808 28812 -17622 28290 -7434 END
START 2292 -19184 32456 -20041 15804 -7180 END
START 3344 -18128 29212 -8704 7011 -5803 END
START 6448 -13968 22608 -4944 931 -6312 END
START 8292 -9844 15716 -5300 -1885 -7109 END
START 9476 -7096 10880 -2909 -3565 -5932 END