START 6920 -24424 15084 7816 9253 -5027 END
START 7592 -24552 17652 2985 5189 -8805 END
START 6740 -24552 18700 -2059 1182 -12305 END
START 5244 -22356 19932 -2053 -3304 -14812 END
START 4564 -19260 19060 -1989 -8284 -16419 END
START 4356 -16060 16896 -3390 -11367 -17573 END
START 3820 -12572 15308 -5576 -14541 -17785 END
START 3052 -9800 13556 -5914 -17655 -16279 END
START 2204 -7828 10504 -4952 -19998 -14069 END
START 1932 -6176 7072 -4084 -20179 -12075 END
START 1844 -4188 4920 -5135 -20682 -10276 END
START 1680 -2388 2536 -5472 -19681 -7850 END
START 1728 -956 1308 -6540 -18292 -5243 END
START 1860 384 -756 -7525 -18714 -2007 END
START 1384 208 -3304 -5882 -17380 1033 END
START 1428 1328 -4788 -2522 -14081 4780 END
START 1824 1712 -4280 -811 -11730 8781 END
START 1564 896 -4240 -2010 -10234 12869 END
START 804 -308 -4672 -3920 -7352 16270 END
START -352 -3136 -4752 67 -5753 21534 END
START -356 -5876 -5248 9425 -4004 26854 END
START -528 -9380 -5552 14013 -1498 30793 END
START -1448 -15204 -5180 13103 2617 32730 END
START -1916 -23332 -1964 14810 6537 32006 END
START 1356 -29556 1116 10826 6682 28865 END
START 4396 -32768 1204 4204 5455 24687 END
START 7596 -32768 1464 2244 3677 17975 END
START 9556 -32768 396 22 794 11185 END
START 11580 -32768 -2432 -2281 -610 3513 END
START 11044 -32768 -3768 -6415 -325 -5226 END
START 9408 -32768 -3768 -10353 911 -13427 END
START 7184 -30028 -984 -9800 1978 -19123 END
START 4940 -24120 1900 -7354 1716 -21806 END
START 3304 -19936 4128 -5323 -155 -22167 END
START 1560 -16372 4492 -4227 -1823 -21971 END
START 940 -12744 4900 -5121 -3229 -21097 END
START 684 -9780 5140 -3955 -4765 -19225 END
START 1040 -6732 4400 -1676 -6662 -15748 END
START 1332 -5220 2836 -1290 -7700 -12176 END
START 1660 -4344 1444 -118 -7807 -9126 END
START 2080 -4080 -496 336 -7908 -5651 END
START 2788 -4868 -3096 505 -7475 -2352 END
START 2764 -6404 -5844 1089 -5226 -28 END
START 3712 -8328 -8464 864 -2494 1849 END
START 4368 -10988 -11796 677 862 3054 END
START 5656 -14916 -18280 -1008 5437 4300 END
START 4572 -19244 -25624 -1809 13644 2900 END
START 3436 -21588 -31820 -1566 26310 -23 END
START 1312 -19448 -30944 -943 32767 -3664 END
START -1800 -15864 -21416 -4566 32767 -3969 END
START -2712 -16988 -4148 -342 32767 -2539 END
START -648 -17756 19776 -1831 32767 -4482 END
START 128 -20244 32767 -22487 30859 -8634 END
START -652 -25728 32767 -30518 7775 -7417 END
START 2912 -21544 32767 -11672 -2530 -7054 END
START 7252 -13980 21848 -6429 -8749 -7908 END