START 3240 -22540 -5840 5876 10703 4426 END
START 3504 -24368 -5924 4597 13478 2854 END
START 3932 -25436 -3388 2923 15266 752 END
START 5416 -27140 -280 -1714 14592 -589 END
START 7672 -28580 2092 -4350 13103 -2205 END
START 7928 -30156 3832 -4903 10671 -4580 END
START 7248 -30760 6536 -5400 9260 -8282 END
START 6784 -29936 10320 -11084 8565 -12668 END
START 6264 -27132 12292 -17181 7276 -17310 END
START 5176 -23108 13380 -18134 4727 -19800 END
START 4588 -19068 12792 -14613 1515 -20465 END
START 4388 -15012 12248 -12300 -1046 -20194 END
START 3892 -11616 10592 -11772 -3223 -19829 END
START 3816 -9040 8344 -9485 -5206 -19599 END
START 4088 -5872 5876 -8591 -6625 -17410 END
START 3804 -3688 3964 -8754 -6998 -15356 END
START 3956 -2424 2804 -7282 -7281 -13318 END
START 4064 -1024 1312 -3710 -7478 -10194 END
START 4068 -232 -428 -1482 -7099 -6941 END
START 3988 384 -856 -813 -6564 -3948 END
START 3308 236 -920 2276 -6347 -922 END
START 3096 428 -808 5559 -6552 2953 END
START 2960 -392 -1436 6646 -5978 7347 END
START 2992 -2036 -1744 7351 -4704 10345 END
START 2876 -2992 -1852 8285 -3738 13314 END
START 2936 -4624 -1820 7587 -4218 16617 END
START 2140 -7172 -3280 10859 -2966 20148 END
START 1512 -8780 -2588 16256 511 22614 END
START -88 -9136 -308 17664 2727 25018 END
START -1284 -11700 2152 17501 3111 27595 END
START -1668 -17408 944 16545 2332 29114 END
START -1820 -20196 -2740 16346 5240 27945 END
START -1564 -21712 -3016 15306 9652 27075 END
START -2868 -24208 -2588 12365 12855 26841 END
START -4624 -30356 -1140 10317 14685 25931 END
START -4720 -32768 3076 16077 15360 21474 END
START -2760 -32768 7836 14269 13338 16415 END
START -1352 -32768 8904 3909 10454 10527 END
START 24 -32768 7304 -5228 7453 4459 END
START 1456 -32768 5416 -6727 5564 -2058 END
START 2552 -32768 5104 -5094 4459 -7261 END
START 2688 -30440 6148 -4846 3475 -11636 END
START 1552 -27744 8344 -6949 2016 -15143 END
START 848 -25592 10536 -7342 -443 -17983 END
START 560 -22576 10676 -7702 -3189 -20245 END
START -60 -19528 9920 -9057 -5475 -21057 END
START -748 -17704 10204 -8069 -7411 -21406 END
START -968 -14600 9992 -5241 -9003 -21232 END
START -1408 -13188 8796 -5557 -10789 -20982 END
START -1360 -11328 8456 -4199 -11486 -20433 END
START -612 -9160 8248 -3522 -12974 -18322 END
START -704 -7996 6760 -1629 -14363 -16108 END
START -576 -7344 4888 -768 -15061 -13924 END
START -60 -6532 1912 -109 -14739 -11768 END
START 256 -5656 564 1358 -14186 -9338 END
START 1132 -6036 -2084 3575 -13107 -6101 END
START 1468 -7216 -5616 3485 -11665 -2928 END
START 2144 -9492 -9364 3732 -8737 -873 END
START 2908 -11356 -12492 4335 -4625 290 END
START 3132 -12780 -15348 2637 -130 1125 END
START 3152 -14120 -16832 1654 5497 2287 END
START 3584 -15748 -16040 2314 10919 3158 END
START 3400 -17120 -14364 2666 15738 3662 END
START 2500 -18344 -11652 3032 19143 4289 END
START 1956 -20928 -10544 1579 22708 3334 END
START 1908 -20668 -7664 -3035 26788 1202 END
START 2140 -19964 -4852 -9473 29391 -227 END
START 2180 -20556 -3760 -16407 29652 -10 END
START 1728 -21424 -1624 -13582 29798 -31 END
START 2636 -21052 5048 -570 27540 8 END
START 2924 -20128 13024 3503 24656 -1525 END