START 10380 -13912 308 4048 2339 -222 END
START 11124 -16052 2716 5229 2266 -42 END
START 10668 -16076 4768 4476 1993 -689 END
START 10088 -15656 6188 758 922 -1723 END
START 9028 -14704 7444 -1158 -970 -2938 END
START 8080 -14100 8012 -499 -4527 -3560 END
START 7324 -12868 7856 1931 -8410 -3221 END
START 6960 -11244 6408 29 -11205 -1471 END
START 6148 -10364 4660 -945 -11930 -1193 END
START 5420 -9656 2668 -1643 -12920 -416 END
START 5076 -8820 672 -77 -13789 1316 END
START 4748 -8068 -1260 -231 -13496 3200 END
START 3920 -8196 -2428 -14 -12211 4635 END
START 2928 -8016 -2664 496 -11451 6850 END
START 2548 -8532 -4008 57 -11022 9003 END
START 2476 -9692 -5776 -935 -9875 10368 END
START 2628 -11000 -7984 482 -7302 11612 END
START 3572 -12168 -9716 1330 -5002 13017 END
START 4392 -14120 -11188 1244 -2978 14293 END
START 4548 -15900 -12048 3729 801 14838 END
START 4668 -19008 -11696 6609 3502 14503 END
START 5388 -21148 -10860 7908 6161 14126 END
START 6028 -24304 -8680 6046 9489 12557 END
START 6912 -27664 -5104 2992 10877 9801 END
START 8096 -31356 -1888 893 9723 6392 END
START 7860 -32768 -720 -1508 9388 1643 END
START 8084 -32752 944 -6677 9334 -3445 END
START 7428 -30688 2536 -9163 8328 -8203 END
START 7276 -27036 2824 -9867 6585 -11710 END
START 7400 -22916 2384 -9698 5126 -14190 END
START 7288 -19108 2676 -10187 3222 -14887 END
START 6360 -16320 2072 -10067 1820 -15213 END
START 6104 -13440 1924 -9753 904 -14912 END
START 5324 -10244 1848 -8399 203 -13567 END
START 5068 -7768 1744 -7729 -850 -11660 END
START 5032 -5948 336 -8447 -1984 -9040 END
START 4404 -5936 -2048 -8333 -1726 -6521 END
START 3836 -5400 -2716 -4880 -493 -4670 END
START 3340 -5584 -2428 -3091 -1600 -2098 END
START 3564 -5844 -3496 -2212 -2464 155 END
START 3664 -6280 -4312 -1372 -1824 2115 END
START 3644 -6476 -5156 -1338 -1021 3751 END
START 3872 -7244 -6048 -1186 -296 5600 END
START 3784 -7668 -6832 -9 1167 7422 END
START 3580 -8520 -7080 1349 2945 9106 END
START 2784 -8980 -5748 3075 4592 10199 END
START 2148 -9472 -2868 4049 5314 11704 END
START 2200 -9672 152 3734 4997 13331 END
START 2068 -10920 2500 3124 3324 15026 END
START 1916 -13032 2008 3399 1251 16407 END
START 1644 -13868 1376 4970 203 17607 END
START 1960 -15540 2148 6077 -599 18430 END
START 2520 -19068 3180 8598 -2788 18419 END
START 2552 -21728 3808 12737 -4963 18121 END
START 2148 -24572 4740 13241 -6855 17285 END
START 2712 -28596 3672 10586 -8667 14750 END
START 4100 -32188 3584 8010 -10736 10670 END
START 4064 -32768 3440 6116 -13832 6194 END
START 3756 -32216 2084 5375 -16002 1806 END
START 3832 -31972 -1772 2791 -18420 -1795 END
START 3244 -30476 -5652 -318 -17474 -5662 END
START 2148 -29892 -8456 -83 -14812 -10181 END
START 1220 -28028 -8904 2067 -12014 -13742 END
START 664 -24752 -6700 441 -9830 -16446 END
START -144 -21952 -5352 -1997 -7825 -18229 END
START -580 -18776 -6352 -5012 -5401 -19137 END
START -544 -16316 -6788 -7706 -1956 -19429 END
START -312 -13088 -5832 -7507 2259 -18468 END