START 11964 -13208 6828 10202 7793 3583 END
START 9616 -14840 10652 9461 6650 3244 END
START 8248 -15560 13944 6511 3398 270 END
START 7224 -13500 14784 -262 -1453 -1876 END
START 5896 -13476 15332 -554 -6661 -2356 END
START 5672 -11112 13920 3280 -12309 -1205 END
START 5400 -8076 10932 4094 -16124 464 END
START 4900 -6988 7464 1623 -18856 2344 END
START 3612 -6968 4144 572 -20371 4230 END
START 2608 -6844 1284 1382 -20794 6319 END
START 1772 -6764 -936 1541 -21058 8549 END
START 972 -7576 -3612 1878 -21012 10972 END
START 1384 -9852 -7440 3674 -18935 13636 END
START 2252 -12320 -10140 6614 -15085 15152 END
START 3276 -14364 -11376 7724 -10324 15701 END
START 4648 -17004 -13572 5676 -6039 15672 END
START 5476 -19132 -15380 3624 375 14440 END
START 5916 -20388 -14600 3360 6435 13450 END
START 5748 -22356 -12392 4565 9770 12745 END
START 5436 -23564 -10248 4878 12705 11128 END
START 5372 -24860 -7600 2370 16521 8521 END
START 6040 -24392 -4340 -3171 18697 5309 END
START 6912 -25436 -1448 -6592 19014 3189 END
START 7656 -27344 2976 -3812 17474 1747 END
START 9124 -27976 7472 -640 13974 -864 END
START 8776 -27776 9140 -4281 8886 -4880 END
START 8176 -26924 9144 -7746 5703 -8879 END
START 8152 -24456 7888 -9412 3307 -11847 END
START 7148 -22112 6820 -8808 1077 -14348 END
START 6280 -18716 5104 -7397 -1181 -15563 END
START 5736 -15588 3552 -6904 -3053 -15777 END
START 5184 -13152 2608 -6283 -3891 -15220 END
START 4632 -10736 1932 -3358 -4080 -13711 END
START 4272 -8676 1136 -2564 -4269 -12106 END
START 3856 -6888 -172 -4092 -4180 -10140 END
START 3704 -5568 -1556 -6017 -3798 -7951 END
START 3204 -4740 -2888 -4484 -2798 -5507 END
START 3432 -3428 -4708 -2490 -1669 -2354 END
START 3404 -2356 -5748 -2617 56 591 END
START 2844 -1832 -5524 -2316 2808 4167 END
START 2312 -2720 -3588 892 4664 8021 END
START 1940 -3544 -1836 3454 4975 11943 END
START 1296 -5724 544 5251 5405 15511 END
START 1464 -7628 3280 5774 5768 18157 END
START 1232 -11644 6068 6688 4513 20175 END
START 1480 -15768 7528 8259 2039 21530 END
START 2176 -19036 8588 9357 8 21284 END
START 3768 -22344 10620 11028 -2068 20578 END
START 5212 -25152 11392 11074 -5901 18405 END
START 6128 -27924 9008 10708 -9625 15792 END
START 6796 -30736 4608 12127 -11664 12117 END
START 7048 -31008 1996 10613 -11920 7704 END
START 7428 -30884 -312 6680 -11633 3001 END
START 7820 -30440 -3840 3941 -11273 -1218 END
START 7512 -28684 -4308 2234 -9669 -5255 END
START 6044 -26068 -3192 1165 -9192 -8306 END
START 5252 -24536 -3592 891 -9455 -10338 END
START 4320 -22744 -5124 623 -7231 -12047 END
START 4320 -19828 -5024 -2870 -4016 -13229 END
START 3768 -18440 -4724 -5422 -2044 -13993 END
START 3356 -16584 -5804 -5442 467 -13579 END
START 2764 -14556 -6644 -5777 3874 -12850 END
START 2088 -14200 -6100 -5437 7226 -11708 END
START 1916 -13608 -4880 -3709 9680 -10895 END
START 2296 -13992 -3032 -1918 11083 -9874 END
START 3520 -13584 -1192 -1278 11642 -8756 END
START 4924 -15036 436 -2558 11756 -7883 END
START 5984 -16368 1976 -3242 13610 -8192 END
START 6792 -17720 5576 -4398 14816 -9949 END
START 6072 -18768 8668 -5179 13716 -12072 END
START 4872 -18708 12092 -3006 11110 -14342 END
START 5140 -15492 12668 -1163 6534 -15303 END
START 6216 -11956 10116 -1957 3543 -15769 END
START 6776 -9264 8248 -1958 1712 -15585 END
START 6616 -7160 7200 -1389 -196 -14606 END