START 12696 -12852 -820 4689 2684 9025 END
START 12424 -16216 -516 7646 3841 10021 END
START 10796 -21552 4304 10874 4310 8236 END
START 8172 -26668 12584 6351 2442 3359 END
START 6616 -28152 16676 -1438 -3387 -2975 END
START 6540 -22388 14900 -3340 -8103 -6358 END
START 6596 -13640 11996 -3328 -12034 -7099 END
START 6148 -7840 8716 -4039 -16116 -4993 END
START 5504 -6160 3016 -3402 -20911 -1188 END
START 4060 -5336 -3700 -2525 -21560 1843 END
START 3980 -4448 -6620 -2668 -18142 3852 END
START 2960 -3756 -6892 -1772 -14778 6329 END
START 1708 -4568 -8160 -1375 -13676 10126 END
START 860 -7400 -9844 1338 -11480 12695 END
START 324 -9856 -9812 4853 -6794 14174 END
START 268 -12612 -9908 4279 -3507 15260 END
START 792 -16252 -11232 4050 -844 15298 END
START 1476 -18692 -11540 5933 3035 15365 END
START 3092 -22100 -10756 7625 6928 14475 END
START 4788 -24828 -8632 7056 9447 12137 END
START 6720 -27676 -6140 4287 11267 9038 END
START 8108 -29928 -3328 -952 12101 5966 END
START 8200 -31952 -512 -4106 11887 1825 END
START 7924 -32156 1612 -5247 9952 -2486 END
START 7616 -30040 1844 -6473 8293 -6758 END
START 7436 -26344 2760 -6062 7793 -10567 END
START 7016 -22180 3708 -7050 6228 -12834 END
START 7028 -18780 3904 -7329 4260 -14141 END
START 7244 -16004 3492 -6153 1756 -14486 END
START 6956 -13832 3168 -4994 130 -13961 END
START 6412 -12008 3628 -4996 -1138 -13308 END
START 5772 -11012 4652 -4003 -2830 -12457 END
START 5244 -9844 4744 -1748 -4738 -10856 END
START 5076 -8680 3536 -1707 -6652 -9430 END
START 4776 -7348 2328 -3155 -8037 -7694 END
START 4480 -6952 -180 -3247 -9012 -5988 END
START 4564 -6892 -3044 -1845 -9388 -3698 END
START 4780 -7160 -7088 -1017 -8701 -1672 END
START 5740 -8476 -10380 -1739 -6127 -270 END
START 6188 -8936 -12572 -1265 -2148 306 END
START 5740 -9000 -14788 -1360 1476 1703 END
START 5896 -10268 -14792 -1091 5407 2813 END
START 4656 -10852 -12616 3069 9296 4305 END
START 4188 -10920 -9188 5168 11474 5469 END
START 3428 -11144 -5916 4529 13073 6526 END
START 2628 -11016 -2616 2182 14399 7593 END
START 1940 -10564 752 -393 14458 8937 END
START 2608 -10128 3544 -2825 12621 10418 END
START 2536 -10444 5272 -2462 9628 12542 END
START 2980 -11432 5224 487 6086 14688 END
START 2264 -13308 4440 2551 3542 15834 END
START 2172 -14816 4440 3114 2681 15890 END
START 2060 -15796 4548 -302 2002 15489 END
START 2640 -17208 5232 -1224 1343 15500 END
START 4560 -20448 7132 3657 -1317 16427 END
START 5112 -21948 9380 9563 -5479 15942 END
START 5748 -23976 10676 9703 -9412 14916 END
START 5692 -27336 8980 5117 -13964 12313 END
START 5424 -28380 6064 2469 -17428 8752 END
START 5560 -28804 2360 -538 -20567 5016 END
START 4152 -29624 -1188 -1714 -22277 763 END
START 3260 -29024 -4528 -2917 -23143 -3624 END
START 1992 -28956 -9640 -5790 -22587 -7575 END
START 1772 -29236 -11568 -6814 -19143 -13640 END