START 7340 -11456 10440 -2503 -8395 -2044 END
START 7448 -9796 6848 -1574 -10660 -6 END
START 6496 -9600 3720 -394 -12055 2056 END
START 6152 -9664 1728 772 -12092 3320 END
START 4560 -10000 1392 2338 -10572 4577 END
START 3464 -9312 3108 2592 -10369 5834 END
START 2408 -8896 2920 2404 -11290 7627 END
START 1900 -10252 584 2400 -12004 10089 END
START 1800 -12012 -2584 3066 -11062 11637 END
START 1772 -13428 -5016 4085 -8403 12494 END
START 1976 -14492 -6148 3893 -4686 12682 END
START 2476 -16992 -8344 2860 -1919 12777 END
START 2852 -19640 -9740 4774 1882 11868 END
START 3280 -20652 -9340 6567 6388 10595 END
START 3988 -21788 -7316 6260 9996 9211 END
START 4212 -23176 -4712 5323 12845 7754 END
START 5180 -24196 -1660 2421 14390 5861 END
START 6116 -25240 1208 -1809 14645 3134 END
START 6136 -26136 2360 -6095 14094 703 END
START 6048 -27008 3876 -6899 13762 -1888 END
START 6412 -26868 6412 -5483 12426 -4960 END
START 6700 -25912 8744 -4399 9740 -7885 END
START 6660 -24424 10208 -5801 6941 -10357 END
START 6684 -22096 11288 -8165 4365 -13018 END
START 6120 -19596 11880 -8627 1688 -14630 END
START 5800 -16756 11324 -8219 -1340 -15226 END
START 5256 -13536 10212 -8166 -3915 -15186 END
START 4640 -11220 9152 -7308 -5807 -14258 END
START 4536 -8688 8156 -4344 -7906 -12467 END
START 4012 -6936 7036 -2510 -9989 -9830 END
START 3520 -6808 4344 -2861 -11079 -7611 END
START 3460 -7300 2084 -3951 -11821 -5895 END
START 3360 -8428 -796 -2268 -12833 -3875 END
START 4344 -10096 -5700 -317 -12288 -1573 END
START 5280 -11632 -10216 -835 -8591 -1504 END
START 5792 -12444 -13176 -2675 -3831 -1903 END
START 5884 -11456 -14500 -3802 1327 -2111 END
START 5700 -10440 -13216 -2043 5857 -758 END
START 5236 -9376 -10492 1715 9291 1516 END
START 4980 -8976 -7060 3045 11130 3812 END
START 3904 -9612 -3420 3363 11845 5711 END
START 3336 -9664 -656 2349 11717 7743 END
START 3144 -9700 1456 -453 12065 9053 END
START 3488 -9440 3896 -3345 11406 10194 END
START 3248 -9400 4988 -5321 9540 12316 END
START 2820 -11304 5476 -2483 7244 14706 END
START 3316 -12340 5992 2800 5351 17082 END
START 2664 -13500 7320 4828 3925 18380 END
START 2144 -14548 8560 3450 3700 18164 END
START 2292 -16496 10032 787 702 18388 END
START 2448 -20128 8676 3540 -2707 18300 END
START 3424 -22228 7560 7565 -4656 17068 END
START 4372 -23852 7636 5675 -5768 15161 END
START 5060 -26268 8032 1976 -8189 11317 END
START 5680 -29072 4640 -406 -12461 8496 END
START 5352 -30948 -208 1550 -14274 4925 END
START 4760 -30488 -2572 3134 -12958 1033 END
START 3268 -30496 -4568 2103 -11114 -3658 END
START 2236 -29272 -6164 1918 -8521 -7943 END
START 1476 -25544 -6956 1759 -4533 -11401 END
START 536 -21772 -5316 1318 -2099 -13829 END
START -4 -18752 -4840 1167 -286 -14234 END
START -40 -15888 -5640 232 2308 -13696 END
START 40 -14904 -6264 -1918 4877 -13075 END
START 328 -13080 -5296 -2706 7224 -11999 END
START 880 -12368 -4132 -470 8381 -9544 END
START 2340 -12856 -3856 303 9748 -7730 END
START 4024 -15780 -3536 996 11924 -7338 END
START 5868 -19396 -2360 1123 14436 -8987 END
START 6392 -21156 -912 -402 16892 -13417 END
START 4420 -21908 4232 -3780 16296 -17899 END
START 1948 -24368 7360 -1745 16922 -23347 END
START 1472 -22624 12404 483 16777 -32335 END