START 6840 -9876 2108 91 -6720 3912 END
START 5236 -8008 -696 312 -6216 7223 END
START 4636 -8648 -1604 3662 -5143 9694 END
START 4064 -8576 -2424 4623 -3812 11447 END
START 3036 -10312 -4552 4482 -1552 12860 END
START 3248 -13428 -6256 7064 908 14016 END
START 3760 -16492 -8448 8210 3524 14607 END
START 3428 -19904 -9020 8601 6701 13878 END
START 4428 -22200 -7852 6775 9666 12381 END
START 5272 -24480 -5876 2913 12726 9672 END
START 6276 -26696 -1960 853 13713 7295 END
START 7260 -28232 -368 -1861 13586 4867 END
START 6292 -29792 1056 -4579 14858 725 END
START 5740 -31632 5932 -4903 14134 -3141 END
START 6636 -31380 9320 -6609 11649 -8024 END
START 6600 -29424 11460 -7467 8325 -12361 END
START 5740 -24860 12020 -6222 5488 -15769 END
START 6096 -20456 12700 -8455 2988 -17995 END
START 5692 -16504 13408 -7353 -535 -18815 END
START 5040 -12576 13188 -5226 -4267 -17809 END
START 3648 -9172 13156 -4216 -8072 -16276 END
START 2296 -6296 12496 -4810 -11868 -13879 END
START 2080 -4740 9220 -5765 -15007 -11554 END
START 1992 -3876 5640 -4303 -17246 -8603 END
START 2604 -3240 1768 -659 -19488 -5014 END
START 3588 -4592 -3500 -1098 -19389 -1895 END
START 4080 -7424 -9104 -270 -16931 -370 END
START 5780 -10268 -12544 1896 -13108 393 END
START 7040 -11892 -14380 1962 -9524 405 END
START 7512 -13496 -17280 739 -3934 260 END
START 7848 -13140 -16824 -230 3103 -662 END
START 8416 -12700 -13636 -965 7377 -182 END
START 8444 -12012 -11524 -766 9999 1073 END
START 8228 -11684 -9192 -1107 11707 2349 END
START 7424 -11384 -7124 -2402 13183 3572 END
START 6108 -11836 -4404 -2783 14460 4206 END
START 5388 -11336 -1828 -2151 13788 5367 END
START 4716 -10640 428 -2816 13287 6339 END
START 3336 -10020 3300 -2706 11839 7976 END
START 3088 -10348 6016 -2310 9670 9817 END
START 3072 -10364 7348 -2904 7976 10652 END
START 3868 -11400 7632 -3427 5148 11617 END
START 4620 -12376 6688 -1316 2152 13127 END
START 4948 -13388 6248 2342 607 13946 END
START 4204 -13612 7932 4035 -1031 14387 END
START 4712 -14364 7832 2837 -3672 14950 END
START 5404 -16884 3776 459 -5859 15000 END
START 5208 -19792 1712 4046 -6278 14658 END
START 5076 -21348 2456 8566 -6514 13546 END
START 4236 -22096 4772 8764 -7744 12108 END
START 4680 -25004 3912 5873 -10695 10726 END
START 4868 -27928 1448 5667 -12341 7854 END
START 4404 -28844 1016 5473 -13600 4348 END
START 3528 -29636 -468 5698 -14371 693 END
START 3376 -28556 -3796 3667 -13837 -2514 END
START 2912 -26832 -6888 1800 -11845 -6243 END
START 3128 -23988 -8580 -122 -8817 -8557 END
START 2300 -21096 -10112 980 -5115 -10333 END
START 2524 -18368 -10160 597 -1490 -10466 END
START 2852 -16312 -10268 -1431 2006 -10494 END
START 3308 -14628 -10152 -3492 6015 -10049 END
START 4468 -14788 -10760 -5095 9916 -9328 END
START 4232 -15520 -9304 -5503 13659 -8739 END
START 4024 -18520 -6476 -1299 14731 -7721 END
START 4980 -20736 -2844 592 16636 -9240 END
START 4808 -22872 1604 -7507 18579 -13020 END
START 3944 -24592 3984 -12140 19635 -16782 END
START 3312 -21604 6480 -2535 17442 -16527 END
START 4128 -19932 8552 2205 13854 -16648 END
START 3112 -19268 9544 1962 11491 -19883 END
START 3220 -15536 9792 -1596 8142 -22377 END
START 4832 -12316 8988 -1682 5741 -23435 END
START 6536 -9504 7288 -3407 2598 -20470 END