START 8868 -12648 -988 -655 6400 -739 END
START 10272 -13568 468 983 8418 1600 END
START 9784 -15280 3708 3824 8252 1255 END
START 9100 -17788 7932 6096 6803 480 END
START 8232 -19580 13268 5248 4428 -2689 END
START 7052 -18388 16516 1154 512 -4870 END
START 5628 -16548 16868 -697 -3667 -6199 END
START 4916 -13476 16144 -69 -7569 -6381 END
START 4016 -9116 14236 -527 -11763 -5334 END
START 3036 -6140 10848 -1649 -15349 -2716 END
START 2584 -5484 6520 -2837 -18557 389 END
START 1768 -5688 1676 -1208 -19186 3284 END
START 1240 -5772 -1760 1612 -17712 6479 END
START 1216 -7304 -4060 3296 -16307 9240 END
START 1316 -8932 -7376 4472 -13193 11387 END
START 1404 -9828 -8484 4578 -7777 12237 END
START 1120 -11628 -7700 3152 -4150 13259 END
START 1264 -14460 -8632 4456 -1341 14234 END
START 1648 -17032 -9160 6415 2476 14925 END
START 2452 -19496 -8504 6239 6780 14510 END
START 3220 -23464 -7336 5196 10474 13023 END
START 4480 -25884 -5444 4393 12920 10889 END
START 5188 -27100 -2708 1469 14051 8214 END
START 5780 -27964 -1000 -1187 14775 5217 END
START 6752 -28744 1648 -3599 15496 2455 END
START 7556 -30424 5580 -4694 14454 -842 END
START 7164 -29752 6308 -6515 12259 -4714 END
START 6292 -29028 7224 -6852 11772 -9000 END
START 5620 -27172 10740 -5657 10201 -12664 END
START 3916 -24836 13656 -4691 6709 -15790 END
START 4096 -21184 14636 -4661 2385 -17721 END
START 4320 -16576 13328 -6043 -1529 -18973 END
START 4176 -12592 12440 -6206 -4494 -18520 END
START 4088 -9588 11156 -5189 -7753 -16498 END
START 3064 -8092 9584 -3689 -10666 -14294 END
START 1848 -7656 8020 -3729 -13919 -11809 END
START 924 -8236 5960 -3979 -16205 -10064 END
START 1740 -7512 2296 -2394 -16309 -8231 END
START 2456 -6528 -2204 -1928 -15845 -6118 END
START 4148 -5880 -8252 -2873 -13504 -3349 END
START 5516 -6348 -13516 -3963 -9081 -2086 END
START 6448 -5824 -16872 -1577 -2936 -556 END
START 6920 -5064 -16876 150 2964 1273 END
START 5904 -6116 -14232 2766 8457 3802 END
START 4380 -6936 -10248 3227 12179 6097 END
START 3200 -9360 -5928 3592 14939 8661 END
START 1652 -10716 -1060 2065 16116 10436 END
START 804 -11568 2928 542 15367 11459 END
START 460 -11336 5752 -245 14368 12790 END
START 1084 -10688 6928 -1648 13689 13845 END
START 1508 -9656 7056 -3584 11904 15507 END
START 1652 -11592 7752 -4322 8974 17581 END
START 1752 -15008 9328 -448 6594 19288 END
START 2268 -16940 10832 4029 4913 19829 END
START 1716 -16980 13228 4614 2294 19993 END
START 2020 -19596 14524 1602 -3944 20085 END
START 1036 -23044 11260 796 -9512 19467 END
START 608 -23324 10320 1592 -12293 17964 END
START -660 -25456 11416 1975 -16971 16257 END
START -1044 -26584 9488 2096 -23785 14407 END
START -708 -29804 2636 899 -29198 12070 END
START -1672 -29804 -1948 1254 -27239 6939 END
START -2596 -29344 -388 -571 -25439 1862 END
START -2596 -27768 1044 -3385 -24620 -4151 END
START -3772 -26196 3144 -8005 -26889 -11202 END