START 9272 -13900 3304 1349 899 -1269 END
START 9100 -15144 6108 1697 77 -997 END
START 8720 -14864 6624 287 -2651 -1723 END
START 8936 -14240 5116 -1083 -4347 -2021 END
START 8664 -13220 4196 -1900 -5279 -2323 END
START 8280 -12416 3444 -844 -6107 -2160 END
START 7980 -11572 3464 1147 -7173 -1435 END
START 7684 -10868 3268 1689 -8179 -559 END
START 7192 -10288 3272 1761 -8643 490 END
START 6688 -9752 3032 862 -9080 1579 END
START 6040 -9292 2012 1333 -10336 3280 END
START 5772 -10180 -256 1601 -11029 4992 END
START 5588 -10812 -2548 1323 -9804 5921 END
START 5172 -11240 -3432 1877 -8284 6637 END
START 4908 -11592 -4092 1587 -7121 7699 END
START 4628 -12808 -4884 2045 -5741 8504 END
START 4408 -13872 -5844 2834 -3648 9032 END
START 4548 -15088 -6360 2535 -1374 9391 END
START 4796 -15688 -6476 3083 403 9619 END
START 5164 -17432 -7276 3448 2520 9759 END
START 6036 -18380 -7108 3804 5016 9193 END
START 6808 -19424 -6188 3020 7045 8555 END
START 7084 -20492 -5572 1937 8754 7489 END
START 7140 -21636 -4396 52 10682 6120 END
START 7328 -23124 -1752 -1753 11545 4407 END
START 8956 -24376 936 -2614 10403 2428 END
START 9748 -24996 1260 -5904 8710 281 END
START 9144 -25272 428 -8126 8839 -2637 END
START 8324 -25192 2176 -7295 8710 -5247 END
START 7916 -24596 5088 -4662 6913 -7761 END
START 7624 -22532 6348 -3918 4489 -9781 END
START 6756 -20144 6964 -5908 2680 -11697 END
START 5944 -18108 7980 -7295 733 -13438 END
START 6064 -15040 7528 -7221 -1762 -13747 END
START 6404 -12440 6444 -7089 -4207 -13154 END
START 6036 -10764 4772 -5633 -6428 -11776 END
START 5796 -9500 2188 -4264 -7682 -10105 END
START 5664 -9108 404 -3426 -7162 -8662 END
START 5056 -7648 -1900 -4188 -6687 -7661 END
START 5420 -6780 -4696 -6056 -5850 -5800 END
START 5528 -6184 -6984 -6308 -4153 -4034 END
START 5220 -6220 -8052 -3440 -2865 -1842 END
START 5404 -6436 -9492 -366 -1284 698 END
START 5388 -6656 -8928 1512 1315 2416 END
START 5224 -7424 -8080 1121 3120 4092 END
START 5656 -8352 -6580 2219 4771 5908 END
START 6120 -8772 -5040 1824 5785 8090 END
START 5204 -10536 -2964 1816 6154 9462 END
START 4648 -11304 -1240 2427 6596 10649 END
START 4120 -11376 280 1091 6442 11732 END
START 3736 -12612 2000 161 5465 12642 END
START 4000 -12872 2808 1919 4284 13396 END
START 3752 -12504 3268 2563 2769 14360 END
START 3268 -13408 2712 3199 1954 15551 END
START 3556 -14448 2912 2770 1620 16224 END
START 3728 -16664 3928 3927 -76 16552 END
START 3480 -18808 3980 6980 -2198 16576 END
START 2404 -20716 6048 10467 -3568 16263 END
START 1536 -21224 8752 11480 -5577 15270 END
START 1784 -22652 10208 8812 -9890 14310 END
START 1596 -24824 8744 7409 -13973 12808 END
START 2180 -26280 6420 7676 -17326 10762 END
START 2756 -28108 2112 7091 -19814 7773 END
START 2464 -28692 -2956 6294 -19421 5080 END