START 8084 -13844 5216 1602 -861 -4358 END
START 8272 -12880 5444 1384 -1354 -3106 END
START 7708 -12408 5856 2213 -1625 -3267 END
START 7712 -11500 6860 2543 -3028 -2577 END
START 6688 -12248 7588 3714 -4053 -1596 END
START 6300 -11820 8208 5249 -5640 -639 END
START 5652 -10448 8396 4662 -7839 24 END
START 5632 -9008 8016 3680 -10345 1466 END
START 5104 -8800 6652 3589 -12775 3353 END
START 4640 -8808 5032 3691 -14754 6104 END
START 4216 -8332 3128 4337 -15669 8637 END
START 3572 -9068 1336 5038 -15571 11195 END
START 3132 -9732 36 4792 -15044 14071 END
START 2696 -11892 -2232 3628 -14395 16499 END
START 2556 -14600 -4644 3296 -11874 17317 END
START 2588 -17048 -6592 4669 -7719 17003 END
START 3516 -18492 -7324 4296 -3374 15542 END
START 4496 -20528 -9228 3079 101 14687 END
START 5216 -21856 -10596 3079 6173 13019 END
START 4708 -22216 -9232 1230 11936 10556 END
START 4648 -23568 -4824 853 15912 8229 END
START 4416 -24212 -1796 760 17598 6103 END
START 3984 -25256 896 -313 17273 4066 END
START 4880 -26112 2796 -2153 15848 599 END
START 5264 -26560 2500 -5151 15197 -2769 END
START 5512 -26568 3900 -5781 15359 -6508 END
START 5344 -26468 6384 -6248 14031 -9735 END
START 4608 -26100 8856 -5778 12359 -13128 END
START 3876 -23732 10880 -7006 9740 -16414 END
START 3860 -20932 12668 -8103 6457 -18894 END
START 3688 -18220 13460 -7309 2659 -19413 END
START 3364 -15268 14120 -5710 -1316 -18971 END
START 2676 -13560 14056 -3545 -5757 -18322 END
START 2448 -10768 12432 -1988 -9956 -17122 END
START 1968 -8348 9928 -2731 -13508 -15487 END
START 1780 -7492 7908 -2501 -16117 -13488 END
START 2208 -7156 5096 -52 -18324 -10499 END
START 2884 -6424 900 2295 -19159 -8132 END
START 3408 -7352 -2576 5159 -18196 -5079 END
START 4728 -8292 -6184 5239 -16116 -2797 END
START 6692 -9760 -10308 3334 -13583 -1612 END
START 8640 -11544 -14560 1866 -10096 -649 END
START 10176 -12908 -18812 1466 -3457 -589 END
START 10984 -11896 -19304 -333 5221 -1546 END
START 10828 -10120 -17092 -4180 11460 -1127 END
START 9616 -9440 -13488 -6126 16384 615 END
START 8132 -9868 -8536 -5502 18907 3692 END
START 6864 -10664 -4536 -3941 18690 6378 END
START 5656 -11324 -2084 -4177 18317 7933 END
START 4272 -11316 328 -5737 18396 8750 END
START 3424 -12488 3236 -7969 16873 9563 END
START 2616 -13488 5576 -6343 15103 10504 END
START 2140 -12948 7640 -4683 12545 11233 END
START 1904 -13148 8892 -2624 10765 12122 END
START 1632 -12888 10084 680 9928 13180 END
START 1456 -12808 11412 3355 7796 13958 END
START 2072 -12048 12176 5200 4271 15156 END
START 2856 -12568 11832 6589 638 16823 END
START 2700 -13552 11724 8127 -2320 18532 END
START 2440 -15464 11476 8730 -5727 19712 END
START 2348 -17720 10856 9132 -8905 20118 END
START 2696 -20972 9504 9863 -12330 20535 END
START 2452 -23444 7444 9180 -14588 19194 END
START 3180 -25864 5416 7242 -16277 15980 END
START 3764 -29384 2796 7225 -16914 11985 END
START 5088 -31492 -952 7816 -15931 7661 END
START 5688 -31952 -4332 7612 -12679 2089 END
START 6368 -31560 -5784 4612 -8811 -3924 END
START 4672 -28728 -4440 2221 -4909 -9978 END
START 2940 -24916 -1576 -251 -1817 -14659 END
START 1572 -20788 200 -480 101 -16545 END
START 1792 -18172 -524 -1504 754 -16174 END
START 2068 -17288 -1136 -1481 2748 -15390 END
START 2316 -16356 -2424 -2397 4551 -14471 END
START 3716 -16748 -3320 -1815 7746 -14752 END
START 3684 -17500 -2668 -2690 11110 -14884 END
START 2280 -18936 832 -2755 14692 -16334 END
START 1216 -20852 6252 -3147 14358 -18367 END
START 760 -21348 8712 -1729 12819 -20127 END
START 988 -19300 9936 -2124 12109 -23454 END
START 1416 -16104 11200 -5025 9797 -25246 END
START 1972 -13528 11120 -5340 7439 -25843 END
START 2484 -10436 9972 -2996 5583 -24360 END
START 3484 -8084 9872 -932 4098 -22158 END
START 4368 -6452 9640 -2363 2261 -20434 END
START 4808 -6348 9596 -5538 479 -20155 END
START 5372 -5356 9552 -7018 -1898 -19820 END
START 6128 -4176 9144 -4966 -3552 -19590 END
START 6004 -1496 9076 -5201 -5203 -17708 END