START 10536 -14848 5740 6855 2958 2959 END
START 10148 -16360 8940 5403 2132 1597 END
START 9260 -17360 11688 3126 -890 -886 END
START 8904 -15632 12600 1410 -4910 -2191 END
START 8476 -12492 11308 -1120 -9614 -2277 END
START 6976 -10104 9956 -1855 -14676 -1475 END
START 5820 -7704 7676 14 -20100 894 END
START 4492 -6028 2664 1998 -23281 4246 END
START 2824 -5676 -2484 2091 -22012 7639 END
START 2024 -5652 -3904 2196 -17990 9328 END
START 1396 -6092 -2904 4032 -16382 11798 END
START 760 -7248 -5056 4235 -17244 15019 END
START 264 -10416 -9316 5791 -14657 17670 END
START 444 -12992 -10884 7354 -7414 18018 END
START 60 -14892 -9940 6281 -2459 17862 END
START 72 -19564 -10448 6274 -442 17914 END
START 1464 -23676 -12284 10347 3661 16903 END
START 2832 -25096 -11756 10804 8350 15196 END
START 3908 -27384 -10308 7144 12586 12016 END
START 5000 -29296 -6692 1706 14716 8690 END
START 5936 -32468 -3000 -982 14269 5539 END
START 6692 -32768 96 -1844 12360 1277 END
START 6536 -31832 1156 -5898 10126 -3171 END
START 5972 -30576 820 -9525 10322 -7950 END
START 5684 -28328 1880 -10784 10220 -11867 END
START 5468 -24696 2436 -11157 9180 -14771 END
START 4816 -21460 2004 -10716 8302 -16542 END
START 4696 -18300 1284 -11360 8171 -17077 END
START 4744 -15992 2756 -11471 8155 -17851 END
START 4320 -14524 4352 -8353 5806 -17483 END
START 4364 -12436 4812 -4147 3418 -16473 END
START 4864 -11148 5856 -2827 1457 -14701 END
START 4812 -11208 7012 -3979 -1364 -13416 END
START 4648 -10652 7876 -4141 -5050 -12435 END
START 5012 -9532 5684 -4392 -9507 -10674 END
START 4904 -8544 2708 -3307 -11009 -9304 END
START 4856 -7048 1692 -2485 -10918 -7737 END
START 5088 -7028 2496 210 -12076 -5880 END
START 5096 -5676 1088 1919 -14229 -3630 END
START 5268 -5464 -2344 1076 -16692 -589 END
START 5176 -7276 -6832 594 -17106 1688 END
START 5096 -9748 -12156 2705 -13995 2147 END
START 6404 -11352 -16824 3150 -9228 2139 END
START 7824 -12656 -19896 1834 -3465 1847 END
START 8292 -13472 -21332 -676 3318 1017 END
START 8776 -13096 -18956 -1530 9444 348 END
START 8628 -12100 -15712 -1243 12864 997 END
START 8128 -12208 -11604 1281 14693 2093 END
START 7800 -11960 -8152 1812 14818 2998 END
START 7772 -10772 -6512 -1853 14412 4142 END
START 7448 -8956 -6120 -6991 16617 4744 END
START 5932 -7176 -4316 -11932 17495 6039 END
START 3300 -10088 -372 -4764 15058 8695 END
START 3036 -9572 2752 6377 12348 10871 END
START 2856 -8716 5120 6314 10143 11827 END
START 1452 -9104 6352 -225 7896 13064 END
START 732 -11580 6356 -2498 5221 14177 END
START 1408 -12116 6496 3013 2792 14960 END
START 1448 -10656 5896 3943 628 15864 END
START 584 -11384 6716 5311 328 17291 END
START -372 -12696 7356 6897 -463 18598 END
START 68 -15764 8228 9943 -2872 20435 END
START 1552 -19124 8340 15210 -6170 22169 END
START 2244 -21724 7860 16004 -7610 21912 END
START 2916 -24480 8964 12627 -8867 20435 END
START 2744 -28628 7600 7929 -14876 18293 END
START 2348 -32328 4472 5442 -20211 15305 END
START 2192 -32768 -1092 4568 -22150 10726 END
START 2628 -32768 -5824 3822 -19772 3738 END
START 3532 -32768 -8808 38 -17595 -3454 END
START 3404 -32768 -9448 421 -14236 -10554 END
START 2216 -32768 -8836 3200 -9892 -16956 END
START 512 -28596 -6424 2492 -5521 -22083 END
START -1012 -23628 -3096 -55 -2961 -24779 END
START -1176 -19852 -1680 -4033 -2968 -24388 END
START -820 -17676 -544 -3027 -1140 -24663 END
START -728 -14432 1180 -4474 -968 -24418 END
START -936 -11184 1736 -7827 -472 -22814 END