START 8220 -13504 3712 212 3287 -1960 END
START 8740 -15084 5928 -140 2284 -1911 END
START 7948 -14604 6696 -1052 -671 -2265 END
START 7208 -14168 6900 566 -2809 -2606 END
START 6732 -12912 7268 2298 -5436 -2352 END
START 6304 -11360 7148 4343 -8581 -1004 END
START 5924 -9616 6564 3466 -11329 1126 END
START 4956 -9484 4680 2082 -11343 2703 END
START 4268 -9044 3708 280 -10958 4002 END
START 3380 -9176 1664 -557 -12694 5914 END
START 3048 -10048 -1604 -479 -13756 8164 END
START 2204 -10440 -4220 299 -11229 9201 END
START 1780 -10912 -5408 1167 -8528 10649 END
START 1880 -13220 -7420 1149 -7463 12411 END
START 1968 -15692 -10512 2360 -4357 12556 END
START 2100 -16788 -10928 3764 1462 11960 END
START 2772 -18204 -9776 4138 5259 11458 END
START 3488 -20124 -8528 5199 7855 10965 END
START 4216 -21568 -6528 5411 10261 10555 END
START 5152 -24772 -3444 4590 12109 9214 END
START 7268 -27972 720 1224 11793 6391 END
START 8024 -30388 3340 -3561 10056 2423 END
START 8368 -30620 3496 -7174 8712 -1571 END
START 7804 -29964 3964 -7966 7929 -5958 END
START 7236 -27632 4944 -7453 6632 -9908 END
START 6640 -24300 5524 -6460 4787 -12684 END
START 6608 -20760 5808 -6789 3378 -14727 END
START 6340 -17600 6048 -8084 1672 -15548 END
START 5668 -15192 5368 -7375 -518 -15594 END
START 5104 -13020 4008 -4372 -2563 -14485 END
START 4388 -11216 3152 -2465 -3145 -13305 END
START 3476 -9332 2896 -2890 -3549 -12028 END
START 3192 -8248 1416 -4575 -4338 -10106 END
START 3024 -7208 -568 -4332 -4107 -8029 END
START 3320 -6092 -1876 -4061 -3264 -5743 END
START 3216 -6136 -3096 -2956 -2916 -3244 END
START 3240 -6512 -4220 -488 -2455 -888 END
START 3424 -6544 -5100 746 -1340 1577 END
START 3872 -7036 -5692 363 572 3621 END
START 3880 -8152 -5140 33 2106 5523 END
START 4220 -8492 -4412 1146 2697 7856 END
START 4192 -9724 -3876 1240 4145 9847 END
START 3248 -10996 -1988 1581 5084 11415 END
START 2948 -11728 12 2178 4654 13058 END
START 3204 -12268 1320 1276 3985 14422 END
START 2888 -13940 2036 241 3169 15424 END
START 2692 -14920 2636 614 2426 15986 END
START 2916 -16296 4004 2488 1951 16370 END
START 3480 -18372 4784 4189 -133 16424 END
START 3736 -20612 3364 4326 -2553 15890 END
START 4428 -22200 3512 4909 -2806 14192 END
START 4940 -22760 5516 4747 -3991 12168 END
START 5592 -23524 7752 4530 -7975 10645 END
START 6328 -25220 6360 1674 -13834 9802 END
START 5224 -27236 96 -1571 -17473 7505 END
START 3632 -29468 -5016 -3194 -16120 3250 END
START 2756 -29536 -6636 -1614 -13697 -1449 END
START 2104 -28744 -6928 726 -11286 -5875 END
START 1124 -26928 -6756 2294 -7755 -10195 END
START 224 -23560 -4808 1515 -4893 -14214 END
START -60 -20464 -2636 948 -2969 -15480 END