START 6500 -11176 10528 -94 -6426 -4247 END
START 5836 -9360 9372 730 -8936 -1868 END
START 5420 -8508 7528 1227 -10029 434 END
START 4332 -7600 6488 1457 -9353 2270 END
START 3708 -6856 7132 681 -10498 4314 END
START 2584 -6244 6592 1882 -12304 7839 END
START 1992 -6928 4388 2425 -12465 11327 END
START 1224 -8628 2296 2899 -11767 13987 END
START 1456 -11212 -1232 2601 -10404 15875 END
START 1756 -14064 -3984 2404 -7473 15994 END
START 1812 -16076 -5204 3007 -4024 15350 END
START 2436 -17396 -5352 3360 -12 14534 END
START 2148 -19076 -5128 4051 3069 14096 END
START 2300 -20588 -4568 3843 6235 12934 END
START 2308 -21280 -3404 3668 9441 11139 END
START 2452 -21252 -2200 1474 11683 9503 END
START 2280 -22284 -536 -366 12938 8276 END
START 1616 -22732 912 821 13481 7046 END
START 1404 -22820 1996 99 14338 5102 END
START 1524 -22540 3464 -2514 14079 3129 END
START 1780 -22908 3500 -5136 13582 1166 END
START 1424 -23612 3684 -4983 13565 -772 END
START 1088 -23428 4628 -2843 14470 -2864 END
START 856 -23312 6080 -1558 13482 -4888 END
START 1272 -23496 8080 -2064 11948 -6957 END
START 1396 -24180 9596 -3246 9798 -9297 END
START 1224 -24952 11000 -2709 7610 -11784 END
START 2272 -23768 11660 -3135 4530 -14287 END
START 3636 -21940 10776 -4777 1903 -15635 END
START 4620 -21208 9564 -6040 -242 -16561 END
START 5112 -19696 9084 -5702 -2668 -17306 END
START 4848 -17768 8212 -5459 -4952 -17619 END
START 3772 -15972 7104 -6244 -6290 -18193 END
START 2440 -14664 7212 -7028 -6937 -18270 END
START 1556 -13244 7864 -4042 -8473 -17551 END
START 1512 -10476 7872 -1704 -10538 -16371 END
START 1024 -8304 7132 -325 -10989 -15231 END
START 908 -5628 6848 -913 -12074 -13215 END
START 2076 -4836 3604 -1600 -13386 -10555 END
START 3276 -4400 1260 -745 -13753 -7975 END
START 3860 -4524 -336 2896 -13847 -4387 END
START 5696 -5140 -3844 4089 -12709 -1218 END
START 7096 -7576 -7264 2527 -11172 766 END
START 8212 -9464 -11084 2633 -7760 2029 END
START 9792 -11176 -14036 1025 -3197 2442 END
START 9480 -12224 -15476 1709 2789 2624 END
START 9388 -12340 -13328 906 7239 3024 END
START 8052 -12500 -9904 816 10655 3915 END
START 7076 -12000 -6268 1153 12708 5008 END
START 6396 -11900 -3524 -9 12944 6147 END
START 5104 -12440 -1640 -724 13896 6539 END
START 3996 -10676 388 -1893 15276 7340 END
START 3880 -9280 2372 -5235 14990 8278 END
START 2504 -8676 3552 -6874 13895 10194 END
START 1060 -9376 4748 -3224 13066 12546 END
START 604 -9520 6364 -155 11817 14792 END
START 0 -9208 6992 620 10617 17197 END
START -960 -9424 7572 -1488 10001 18551 END
START -1528 -9736 8528 -3729 8365 19668 END
START -3296 -12056 9424 -3529 6074 21864 END
START -4400 -15668 12264 2969 3945 25088 END
START -5096 -20580 14424 9043 232 27905 END
START -5468 -23364 16804 7519 -5535 27215 END
START -5816 -26016 16892 2205 -11030 23164 END
START -4104 -29956 13556 -1380 -18511 19833 END
START -1576 -32768 7600 1956 -25074 16335 END
START 1028 -32768 -60 6742 -26789 11817 END
START 2744 -32768 -4604 9057 -23086 4525 END
START 3596 -32768 -4592 6427 -18446 -4043 END
START 2504 -32768 -3984 2989 -15670 -11677 END
START 468 -31808 -3988 789 -12075 -18310 END
START -1176 -26032 -3572 -1157 -8543 -22721 END
START -1652 -21744 -3344 -1595 -6435 -23205 END
START -1216 -19736 -4992 -2679 -3091 -23329 END
START -744 -18136 -4660 -2305 452 -23489 END
START 596 -16132 -4608 -1596 3200 -22838 END
START 176 -15284 -3340 -2206 6374 -21311 END
START 776 -14620 -664 -2612 9267 -20437 END
START 584 -13964 1004 -3874 11084 -20622 END
START 1028 -13524 2928 -4940 11936 -20000 END
START 2096 -13572 6040 -4292 11567 -19306 END
START 1984 -14020 6780 -1686 10884 -18582 END
START 2116 -12604 8500 -761 10347 -18602 END
START 2460 -10884 10340 -2174 8679 -17792 END
START 4016 -10472 11224 -3104 6826 -16900 END
START 4192 -10268 10396 -2000 4893 -16349 END