START 11200 -10864 -224 -5619 8105 -45 END
START 11208 -13476 -724 -494 9886 2006 END
START 8988 -18380 2944 6574 10231 1975 END
START 7892 -21560 8168 11559 6557 153 END
START 6720 -21680 11344 7847 4139 -4637 END
START 4764 -20624 14484 839 1860 -8217 END
START 3788 -18040 15872 -776 -2493 -10323 END
START 4032 -13116 14352 76 -7746 -10174 END
START 4904 -9032 11724 219 -11664 -8104 END
START 4752 -6748 7840 -980 -13850 -6121 END
START 4744 -5584 5048 -1101 -15086 -4483 END
START 3860 -4220 3368 -1169 -16154 -2031 END
START 2652 -3380 2768 925 -17056 898 END
START 1500 -2372 980 628 -17663 4454 END
START 1172 -2688 -616 1550 -17635 8030 END
START 664 -4360 -3392 2084 -17619 11867 END
START 612 -7452 -6356 4290 -15527 14317 END
START 1308 -9648 -7856 7775 -11260 15956 END
START 2724 -11168 -8232 8014 -8085 17083 END
START 4092 -13932 -10112 5593 -5595 18226 END
START 4468 -17720 -11596 6298 -1333 18667 END
START 4924 -19528 -10096 10028 4317 18269 END
START 5536 -22124 -7964 8399 6714 17756 END
START 5496 -28048 -7388 7623 8770 16222 END
START 6272 -32312 -5684 8107 11266 12284 END
START 7564 -32768 -3244 2832 12836 6423 END
START 7320 -32768 -1952 -3532 14417 341 END
START 6724 -32768 660 -3742 14917 -4409 END
START 7064 -29288 4112 -3653 13737 -8519 END
START 7260 -26520 4356 -5508 10901 -10737 END
START 7240 -23964 2984 -7040 10407 -13197 END
START 7404 -21356 3708 -8792 10289 -15270 END
START 6536 -19276 5528 -7390 8846 -16028 END
START 4840 -17728 8500 -3286 6436 -15389 END
START 4424 -16400 10656 -3480 3282 -15693 END
START 4228 -14840 11072 -5832 398 -15882 END
START 3840 -13100 9980 -6160 -2046 -15848 END
START 3728 -10624 8288 -5373 -4141 -14982 END
START 3344 -7976 7240 -3390 -6116 -13102 END
START 2976 -5900 6356 -1926 -7911 -10504 END
START 2440 -4052 5440 -1325 -9816 -7699 END
START 2096 -3008 3708 1185 -11322 -4307 END
START 1932 -2784 1096 1698 -12574 -914 END
START 2976 -4652 -1168 629 -13393 2280 END
START 5088 -9000 -5400 462 -13138 3678 END
START 8068 -13268 -11420 556 -12232 4172 END
START 10196 -16380 -17448 834 -7829 2686 END
START 12272 -17464 -18644 337 -456 192 END
START 12508 -17196 -16864 -358 5178 -1049 END
START 11492 -15916 -13492 483 9301 -1091 END
START 9760 -15004 -8828 1159 10982 -980 END
START 8160 -13476 -4340 1769 10826 313 END
START 7096 -11540 -1636 -1510 9775 890 END
START 5936 -9952 -40 -4635 9156 1660 END
START 4848 -9244 1100 -4617 8777 3120 END
START 4064 -7976 2864 -3679 7152 4800 END
START 3944 -7020 3472 -5024 4564 6864 END
START 3260 -6576 3432 -5066 2659 9301 END
START 2668 -6160 4080 -3582 1409 11657 END
START 2488 -5544 4608 -2334 844 14353 END
START 1944 -7140 5980 -418 -1141 17311 END
START 1776 -10580 5360 2379 -4285 20392 END
START 1016 -13816 4208 5876 -5294 21664 END
START 532 -15196 4788 7366 -4558 21405 END
START 792 -16472 5780 4762 -4823 21330 END
START 804 -18784 6836 3698 -6883 21468 END
START 632 -22292 6704 7153 -10456 22160 END
START 736 -25600 5064 10889 -13090 20993 END
START 936 -30212 3584 10508 -15202 18347 END
START 1200 -32768 908 8842 -16188 13797 END
START 1912 -32768 -964 6053 -16072 7176 END
START 2140 -32768 -4452 1920 -16371 407 END
START 1880 -32768 -8940 -1146 -14351 -6521 END
START 1112 -32768 -9972 -593 -10168 -12410 END
START 304 -27136 -8652 1304 -6621 -15280 END
START -324 -22456 -7728 -2110 -4612 -16941 END
START -712 -19328 -10152 -6166 -1317 -16700 END
START -680 -18144 -11776 -8294 2838 -16830 END
START 708 -16336 -12320 -7990 7699 -16097 END
START 2028 -14008 -12464 -9345 13031 -14640 END
START 3484 -13600 -11272 -11668 17717 -12740 END
START 4336 -16248 -8448 -11329 20272 -11305 END
START 4268 -19888 -5312 -7161 21000 -10529 END
START 3088 -22192 -2392 -6936 21605 -11051 END
START 1092 -25824 -1772 -9863 25333 -16360 END
START -1904 -27308 6680 -9980 28286 -23411 END
START -4828 -24252 13460 -4724 21374 -25402 END
START -3352 -17572 12956 602 13367 -24376 END