START 10972 -18744 4376 1157 10492 -1390 END
START 11536 -16844 4980 -1895 9927 -2101 END
START 11236 -16588 6548 -1353 8266 -2648 END
START 9644 -18100 9968 3030 6033 -2230 END
START 9076 -17968 13184 3774 2208 -3648 END
START 7968 -17892 14772 881 -1692 -5937 END
START 7080 -16092 14720 -1427 -5414 -7184 END
START 6964 -13932 12924 -2844 -9120 -7547 END
START 6240 -11808 10324 -2214 -12036 -7282 END
START 6224 -9128 8336 -1158 -14630 -5406 END
START 5184 -7268 6452 -440 -16176 -3626 END
START 4752 -5680 5008 374 -16692 -1811 END
START 3732 -5092 3944 921 -17822 1080 END
START 2992 -5424 1268 1218 -18553 4299 END
START 2636 -6224 -1180 1433 -18301 6530 END
START 2792 -7480 -4436 1740 -16687 8410 END
START 3144 -8344 -6772 1758 -13573 10136 END
START 3692 -10108 -8724 2734 -10031 11269 END
START 4704 -11280 -10604 4278 -5713 12595 END
START 5548 -14276 -12852 4935 -1329 13304 END
START 6300 -16408 -14296 5074 3994 12997 END
START 6980 -17944 -12288 6267 8764 12668 END
START 7368 -20892 -9076 7168 11720 12239 END
START 7380 -24252 -5296 6164 12839 10786 END
START 7692 -27104 -2332 1520 12955 8196 END
START 8500 -28380 252 -3460 13315 4021 END
START 8568 -27984 1792 -7473 13008 521 END
START 8352 -27964 4128 -8159 11900 -2632 END
START 8576 -26988 6804 -6589 9430 -5618 END
START 8372 -25256 8600 -6574 6319 -8628 END
START 7460 -22876 8756 -7346 3966 -11087 END
START 7440 -19616 8592 -8082 2737 -13487 END
START 7012 -16212 8452 -7372 328 -14168 END
START 6636 -13020 7236 -5905 -2304 -13698 END
START 6712 -10460 5844 -5935 -4605 -12364 END
START 6220 -8228 3796 -5771 -5315 -11237 END
START 5492 -6972 1292 -6518 -5295 -9363 END
START 4844 -5896 -220 -5468 -5298 -7437 END
START 5292 -4620 -1984 -3435 -5149 -4525 END
START 5332 -4096 -3836 -2970 -3910 -1805 END
START 5544 -4184 -4412 -2943 -2710 614 END
START 5772 -5180 -5576 -71 -1593 3356 END
START 5960 -5808 -5648 2842 246 5906 END
START 5764 -6272 -4960 2471 2555 7906 END
START 5212 -8540 -4060 689 4160 9560 END
START 3716 -10684 -2560 1597 5638 10945 END
START 2696 -10848 -416 2719 6005 11999 END
START 2068 -11360 2124 3556 5446 13414 END
START 2464 -11464 4508 3293 4293 14845 END
START 2168 -12176 5132 2625 2433 16235 END
START 1996 -13504 5216 3211 1466 17971 END
START 1756 -16336 7204 6013 248 18833 END
START 2120 -18900 9496 8072 -2814 18832 END
START 3352 -22428 8884 7956 -7013 18382 END
START 3596 -24908 5448 6533 -9041 15973 END
START 3684 -26144 5240 6886 -9349 13159 END
START 4328 -27360 6068 7845 -11874 10885 END
START 4652 -30456 2760 6358 -16461 8538 END
START 4532 -32584 -2184 5845 -16655 3970 END
START 4092 -29932 -3812 2466 -13961 -1370 END
START 3248 -28152 -5548 -546 -12433 -5286 END
START 2644 -25060 -8412 -967 -10230 -7742 END
START 2064 -21628 -10252 -1586 -6353 -9325 END
START 1512 -18180 -9612 -2087 -1967 -10282 END
START 1104 -15272 -7968 -3870 1333 -10018 END
START 212 -13732 -5936 -3001 4073 -8711 END
START -248 -12748 -2484 -301 5281 -7130 END
START -380 -12560 1176 -993 5086 -5881 END
START -488 -12792 4564 -2950 4116 -4723 END
START 72 -13224 6020 -4009 2347 -3145 END