START 6492 -10732 12028 -572 -3711 -8096 END
START 5788 -8376 11440 -2229 -6686 -6828 END
START 5104 -6296 9408 361 -10894 -4372 END
START 5084 -4724 6592 3139 -14243 -704 END
START 4136 -4828 3644 3360 -15553 2462 END
START 2972 -4888 1756 2882 -14544 4951 END
START 1716 -6112 740 2451 -15072 7398 END
START 908 -7580 -1432 3235 -15519 9944 END
START 1012 -8492 -3488 4698 -14382 12047 END
START 956 -9648 -4580 5544 -12036 13835 END
START 1252 -11704 -6692 5438 -9573 15495 END
START 1564 -14812 -9256 4953 -6699 16049 END
START 2284 -17308 -10828 6014 -2355 16152 END
START 3132 -20152 -11028 7756 1429 15785 END
START 4176 -22904 -10564 9633 4444 14817 END
START 4660 -24592 -9904 7228 7079 13534 END
START 5288 -27368 -8868 3581 10465 10768 END
START 5768 -28244 -5804 -179 13497 7177 END
START 6324 -29220 -2496 -2411 13546 4426 END
START 6664 -28668 432 -3362 13023 1551 END
START 6128 -27652 2644 -6389 11694 -1438 END
START 5336 -26944 4704 -7286 10499 -4341 END
START 5408 -26524 6524 -5924 8277 -6938 END
START 6056 -24140 7900 -4965 6045 -9691 END
START 6660 -21692 8092 -6954 3509 -11571 END
START 6096 -19388 7852 -8283 1623 -13540 END
START 5344 -16224 7724 -8515 -559 -14655 END
START 4980 -13276 6248 -7749 -2677 -14123 END
START 4260 -10500 5008 -5792 -3862 -13050 END
START 3748 -7740 4032 -5367 -4651 -11286 END
START 2988 -5588 1976 -5891 -4584 -8635 END
START 2948 -4524 -952 -7049 -4430 -5767 END
START 2600 -3872 -3136 -5584 -2497 -3720 END
START 2752 -2612 -4080 -3447 -1077 -619 END
START 2760 -2208 -4484 -440 303 2324 END
START 1916 -2524 -3488 2700 1264 6226 END
START 1436 -4528 -3020 5199 2057 9793 END
START 396 -6052 -1988 5660 3566 12880 END
START -40 -8528 760 5548 4297 14748 END
START -792 -10968 2592 5082 4002 16622 END
START -948 -12816 3664 3654 3985 18141 END
START -1052 -14252 4620 -783 4308 18496 END
START -1564 -16296 6420 -1481 4038 18838 END
START -1500 -18704 9660 4834 408 20004 END
START -452 -20928 10820 14541 -5337 21951 END
START 96 -24488 8512 18440 -10060 22796 END
START 1420 -30508 5264 14909 -11674 20121 END
START 2680 -32768 2544 11332 -11000 13649 END
START 4544 -32768 240 9241 -13620 5349 END
START 5332 -32768 -3736 9962 -13854 -2509 END
START 5356 -32768 -6808 4419 -10526 -7678 END
START 3204 -32768 -5568 842 -7073 -14388 END
START 1744 -27324 -5640 -1986 -5247 -17801 END
START 228 -23188 -5320 -902 -1693 -18819 END
START -660 -19656 -2908 687 555 -19171 END
START -652 -16476 -2336 664 927 -18827 END
START -160 -15024 -2292 -514 2734 -18128 END
START 1164 -13360 -1516 -2946 3145 -16726 END
START 2572 -12332 -2628 -4695 3375 -14150 END
START 2920 -11860 -4196 -5944 6282 -12376 END
START 3216 -11292 -3516 -7268 9086 -10781 END
START 3756 -13720 -2100 -6034 11544 -8696 END
START 3256 -15148 956 -2778 12097 -7085 END
START 3192 -17432 4248 -2402 12381 -7766 END
START 3024 -17476 7064 -5163 11831 -10017 END
START 3324 -17464 9396 -7991 10018 -11378 END
START 3368 -16556 10916 -5069 7933 -11755 END