START 10016 -15376 -3436 4947 8697 888 END
START 10848 -15540 -2576 4835 8210 990 END
START 11240 -16224 -228 5510 6629 156 END
START 10616 -16660 2140 3998 5046 -855 END
START 10256 -17380 3424 303 3074 -2482 END
START 9684 -18132 4792 341 1038 -3682 END
START 8736 -17568 5260 1643 -1345 -4299 END
START 8620 -15504 6484 1714 -3071 -5728 END
START 8524 -12664 7048 148 -5441 -5472 END
START 8572 -10084 7492 -354 -8223 -4525 END
START 8172 -8148 6388 -646 -11661 -2291 END
START 7348 -7040 4304 703 -13826 -372 END
START 6280 -6756 3224 2565 -15238 1824 END
START 5524 -6496 1696 2892 -16694 3847 END
START 5012 -6796 -536 1430 -17642 6402 END
START 3704 -7884 -3012 1543 -17258 8182 END
START 2880 -9000 -5712 2372 -15522 9757 END
START 3120 -10144 -9244 3532 -12955 11656 END
START 3004 -10912 -11464 4035 -9713 12496 END
START 2772 -13012 -13728 2540 -6277 13355 END
START 2420 -15052 -16704 4523 -975 13494 END
START 3276 -16604 -16304 7593 4049 13712 END
START 4532 -19316 -14480 9475 8108 13956 END
START 6444 -23208 -10716 9563 10702 12447 END
START 7524 -27328 -6804 6733 11090 9941 END
START 8824 -30824 -4020 2920 11880 6257 END
START 9588 -31884 -528 -4349 11499 1393 END
START 9088 -31432 516 -9683 9876 -3320 END
START 8528 -29040 480 -9593 9034 -7378 END
START 8332 -25148 788 -9028 8058 -10879 END
START 7776 -20896 1184 -9028 6919 -13342 END
START 7252 -17292 1280 -8194 5772 -14117 END
START 7312 -14324 1692 -7534 4522 -13514 END
START 6564 -12664 1484 -6622 3073 -12913 END
START 6008 -11352 1908 -4077 1741 -12151 END
START 5852 -9988 1928 -3448 154 -10683 END
START 5472 -9512 820 -3849 -415 -9441 END
START 5612 -8368 604 -4495 -958 -8360 END
START 5492 -7288 -164 -3486 -1811 -6675 END
START 5456 -5740 -1180 -2312 -2464 -4209 END
START 5128 -5004 -1968 -2452 -2157 -1774 END
START 4424 -4992 -2964 -1984 -1673 744 END
START 4564 -5280 -3812 -1463 -1199 3473 END
START 4200 -5104 -4944 -635 -526 5692 END
START 4080 -5992 -6028 77 593 8251 END
START 3376 -6492 -6116 1221 2120 10350 END
START 3044 -6888 -5092 2279 3658 12528 END
START 2616 -7952 -3036 3944 4460 14903 END
START 2172 -9648 -916 4540 3778 17283 END
START 1172 -11908 1176 5602 3128 18837 END
START 1348 -14596 2376 6061 2107 20089 END
START 1928 -18204 2476 7381 309 20144 END
START 1932 -20960 2644 9958 -552 19526 END
START 2280 -21684 4168 10460 -793 18399 END
START 3340 -23964 5448 8104 -2865 16977 END
START 3772 -26980 2664 7871 -5834 14497 END
START 4488 -26844 1660 8636 -6607 11426 END
START 4604 -26116 3396 7695 -7287 8998 END
START 3820 -26312 5424 7184 -9996 7139 END
START 3932 -28372 2132 4800 -14740 4969 END
START 3828 -28500 -3240 1729 -14989 1626 END
START 3292 -28704 -7704 -1190 -12596 -2310 END
START 2972 -28940 -10156 -675 -8846 -6905 END
START 2588 -26664 -9876 1016 -5426 -10903 END
START 1544 -23912 -7164 2124 -1930 -13636 END
START 768 -20144 -3160 764 245 -15598 END
START 332 -17380 -836 -2845 593 -15723 END