START 11180 -17328 7096 5091 11 -1115 END
START 10300 -16224 8828 6813 -1262 -556 END
START 9240 -15388 9992 3489 -3118 -1464 END
START 7812 -14524 10960 -841 -5217 -3397 END
START 7280 -13420 9828 -1534 -7987 -4222 END
START 7140 -11440 7872 -1386 -10469 -3873 END
START 6996 -10064 5944 -1328 -12236 -2850 END
START 6408 -9404 3356 -1200 -12703 -1505 END
START 5400 -8652 2536 229 -13191 166 END
START 4364 -7576 1260 1847 -13564 2365 END
START 3756 -7780 -856 1602 -13525 4548 END
START 3216 -8488 -3000 1544 -12424 6018 END
START 2740 -9412 -4484 2413 -10595 7431 END
START 3020 -10132 -5372 3420 -8456 8980 END
START 4216 -12152 -6856 3883 -5554 10377 END
START 5924 -14256 -8996 1916 -3510 10705 END
START 7336 -16556 -10996 -950 -575 10576 END
START 8280 -19600 -12212 285 3595 10045 END
START 9728 -21520 -11208 2017 7646 9312 END
START 10100 -22812 -8672 1219 10981 7665 END
START 9952 -24216 -4864 -2192 12779 5372 END
START 9200 -25708 -764 -5152 13004 2711 END
START 8944 -24988 2256 -7098 12028 -222 END
START 9636 -23884 5168 -6411 10125 -2266 END
START 9528 -22560 8732 -4780 7586 -4037 END
START 8780 -20916 10676 -5017 4272 -6395 END
START 7996 -18140 10884 -7046 1167 -8447 END
START 7484 -14864 9240 -8096 -1436 -9827 END
START 6692 -11352 6884 -6924 -3618 -9316 END
START 6756 -9148 3884 -5253 -5251 -7536 END
START 6472 -7420 1568 -4356 -5963 -5958 END
START 6296 -7360 -1124 -3754 -6167 -4348 END
START 6512 -8020 -3064 -2389 -5457 -2452 END
START 6396 -8472 -3588 -274 -4816 -887 END
START 6192 -9540 -4116 1383 -3690 724 END
START 6416 -11124 -5264 1532 -2146 1667 END
START 6916 -12928 -5124 2395 -669 1905 END
START 7540 -14068 -5416 2677 233 2247 END
START 7852 -14804 -5200 3483 1672 2528 END
START 8184 -15616 -4420 3107 3007 2406 END
START 8440 -16652 -3144 1790 3337 1920 END
START 8380 -17264 -3000 730 3158 1197 END
START 8548 -17084 -2352 645 3393 681 END
START 8428 -16408 -2088 -476 3500 319 END
START 8284 -15924 -1796 -2291 3183 -66 END
START 7928 -14812 -2524 -3400 3191 -54 END
START 7320 -13576 -3464 -4366 3674 37 END
START 6756 -11432 -4600 -6231 5253 666 END
START 5700 -8728 -4856 -8329 6853 1713 END
START 4876 -6376 -4444 -9245 8421 3922 END
START 3264 -6284 -1912 -8545 8591 7677 END
START 1948 -7700 1476 -2386 7922 11912 END
START 1892 -9772 4548 1080 6090 14338 END
START 924 -11888 7824 4334 5044 15648 END
START 680 -14284 11632 5950 3359 16362 END
START 920 -14184 13684 5638 353 15909 END
START 848 -15580 10580 6243 -1862 15372 END
START 1180 -13328 9504 7865 -3222 15312 END
START 1096 -13720 9124 7591 -6501 17020 END
START 568 -14900 7944 8173 -8098 18589 END
START 448 -20240 6096 9997 -11786 20096 END
START 336 -26612 2508 13248 -13856 19926 END
START 504 -30976 2116 11223 -14950 16305 END
START 440 -32768 3780 9481 -14372 11467 END
START 916 -32768 2916 7900 -15798 6213 END
START 2224 -32768 -976 7181 -17275 -3 END
START 2188 -32768 -4548 5769 -16365 -6107 END
START 2676 -32768 -7928 2775 -12323 -11694 END
START 2788 -30584 -8084 -551 -8433 -17033 END
START 1348 -26588 -6808 -2036 -4820 -21861 END
START 176 -21612 -3828 -3335 -2567 -23185 END
START -628 -18508 -1052 -2680 -630 -22954 END
START -160 -16180 -864 -2002 1097 -22039 END
START 1192 -15144 -1104 -4118 1978 -21621 END
START 1596 -14296 -1104 -3477 4002 -20700 END
START 2284 -13624 1444 -2738 4575 -18481 END
START 2716 -12104 5120 -854 3441 -16295 END
START 2484 -11212 6536 -1417 1504 -14412 END
START 2836 -10956 5420 -2503 2895 -14590 END
START 3524 -9752 5724 -4983 3206 -14704 END
START 3896 -9284 6072 -5089 2056 -13085 END
START 5052 -7676 5948 -1915 475 -10686 END