START 10064 -18048 -1480 618 4819 1130 END
START 10172 -17616 -1000 43 5857 -550 END
START 9920 -16084 452 -269 5948 -2265 END
START 9320 -13532 1232 -198 4896 -1863 END
START 7724 -14640 3968 4193 2778 -1120 END
START 6872 -13704 6956 8599 -276 -976 END
START 6004 -11624 8128 6766 -3924 55 END
START 4900 -11008 8128 4002 -6432 726 END
START 4068 -8012 8160 2720 -8696 2128 END
START 3636 -6592 5180 909 -12548 5116 END
START 3380 -7380 -488 56 -15117 8532 END
START 3384 -9416 -6644 488 -13588 10749 END
START 3840 -10672 -9684 1732 -9104 11870 END
START 4716 -12848 -10320 2604 -6020 13018 END
START 6412 -16048 -12248 2942 -3217 14025 END
START 7524 -19828 -13468 4415 1317 13364 END
START 8728 -21980 -12640 4266 6042 11653 END
START 8956 -25168 -10224 2166 10294 9257 END
START 7952 -28384 -5784 94 12738 5902 END
START 8128 -30628 -2040 -2910 13085 1593 END
START 9276 -30096 900 -6426 12802 -2970 END
START 8836 -29516 4316 -8291 11762 -7568 END
START 8672 -26808 6592 -6345 10168 -11350 END
START 8640 -23448 9720 -5967 7067 -14240 END
START 7628 -18680 10932 -7571 2746 -15935 END
START 6636 -15076 10128 -8681 -1258 -16410 END
START 5764 -11940 8452 -7218 -5023 -14993 END
START 5304 -9396 6156 -4855 -8294 -13279 END
START 5216 -6672 2940 -4960 -10050 -10677 END
START 4628 -5532 292 -5686 -10299 -8424 END
START 3688 -5356 -3424 -4444 -8663 -5945 END
START 3700 -5532 -5800 -4863 -7911 -3022 END
START 3516 -5292 -8772 -6025 -6445 -1035 END
START 3292 -4952 -10272 -5106 -2924 1004 END
START 3456 -3704 -10048 -2358 906 3814 END
START 3584 -3032 -9148 -598 3227 6819 END
START 3508 -3444 -7152 1207 5323 10306 END
START 3684 -5080 -4568 2572 7508 13647 END
START 3236 -7592 -1652 4886 8231 16404 END
START 2284 -11472 904 5883 7055 18228 END
START 2188 -14800 1832 5565 6758 18942 END
START 1880 -16156 3460 3076 7588 18194 END
START 2680 -17760 6276 723 6286 17690 END
START 2872 -20056 8408 2348 1916 17105 END
START 3512 -19720 9148 6947 -2610 17856 END
START 4456 -22224 6444 7192 -6168 17211 END
START 5104 -23868 3140 5399 -7235 15277 END
START 5856 -26608 1936 3578 -9103 12760 END
START 5800 -27980 2108 4258 -11243 9623 END
START 4804 -28652 3900 4458 -14378 6194 END
START 3728 -29612 1972 4124 -18809 3019 END
START 3684 -31008 -3944 3222 -19283 -1095 END
START 3556 -31160 -7600 4096 -16108 -6043 END
START 4240 -32624 -9344 4511 -13587 -11642 END
START 3728 -30848 -8868 7077 -9915 -17704 END
START 2960 -25672 -7604 594 -7103 -19266 END
START 1060 -23384 -3744 -2501 -3275 -22505 END