START 8392 -8572 11488 -1325 -1882 -1973 END
START 7232 -8624 11888 164 -4592 968 END
START 6192 -9220 11756 2866 -8643 2555 END
START 5900 -9224 9612 5185 -10953 3467 END
START 5332 -8776 7940 4175 -11835 3277 END
START 4464 -8328 7060 3837 -12896 4268 END
START 4008 -7780 5776 3264 -14444 6259 END
START 3496 -7740 3260 3298 -15406 8749 END
START 3460 -9120 -196 4708 -14654 12031 END
START 3264 -11152 -3384 5132 -12986 13648 END
START 2676 -12692 -5600 3698 -10632 14555 END
START 2980 -14840 -7568 3132 -8157 14713 END
START 3208 -17516 -9880 3539 -4753 14522 END
START 3820 -18580 -10980 5299 368 13688 END
START 4752 -20896 -10304 5192 4565 13344 END
START 5604 -22880 -10008 5724 8194 12344 END
START 6280 -24304 -8316 5310 11888 10151 END
START 7772 -25668 -4160 2571 14411 7316 END
START 10136 -29184 -908 -1387 13296 4749 END
START 10968 -31704 -104 -5158 11679 1367 END
START 8540 -32768 464 -8065 13283 -4536 END
START 7352 -31728 6656 -10076 15130 -10923 END
START 5756 -28108 12992 -9652 13135 -15667 END
START 4840 -22420 17660 -8699 8556 -17835 END
START 3512 -17060 17624 -8382 2516 -18847 END
START 3636 -11936 13648 -9890 -2330 -18712 END
START 3408 -8412 8892 -8647 -5465 -16843 END
START 3812 -5028 3688 -7609 -6707 -13177 END
START 4272 -3572 -1056 -7904 -6351 -10105 END
START 4776 -2428 -3324 -7618 -4301 -6819 END
START 4356 -2412 -4636 -4178 -2084 -2903 END
START 3548 -2428 -4160 -1422 98 1152 END
START 2384 -3440 -3564 -1611 1475 4656 END
START 1628 -4924 -2344 -1779 3296 7691 END
START 1372 -6576 -716 -1785 4144 9898 END
START 1344 -7288 128 -2944 4428 11857 END
START 1632 -8132 756 -5264 5020 13956 END
START 2276 -10440 1652 -5595 5176 15859 END
START 2300 -13972 1796 -3478 3515 17750 END
START 2368 -15816 1780 1942 2572 18693 END
START 1892 -16324 3296 6067 3263 19287 END
START 588 -16860 6604 7612 2831 19756 END
START 120 -19392 9496 7480 -514 20671 END
START -616 -23440 10572 12031 -4106 20833 END
START -272 -24376 10104 12423 -8174 19626 END
START -180 -24988 9672 8542 -10634 16694 END
START 628 -25680 8480 5244 -13996 13978 END
START 2324 -27472 3936 5051 -17226 11904 END
START 2976 -29252 -492 7099 -17645 9098 END
START 3108 -30116 -1556 7756 -16015 5174 END
START 3024 -30612 -2244 5303 -14977 1117 END
START 2696 -30772 -3404 4736 -12801 -3857 END
START 2168 -29024 -2408 3773 -10538 -8658 END
START 1384 -26444 -1424 2536 -9324 -12436 END
START 204 -23208 -1728 2930 -8154 -14292 END
START 24 -20720 -3388 2872 -5990 -15070 END
START -120 -19932 -4588 438 -3443 -15858 END
START -4 -18360 -4372 -928 -1007 -16893 END
START 268 -16164 -5296 -2975 1916 -16629 END
START 396 -15272 -5544 -4384 5976 -16154 END
START 900 -13560 -4724 -4839 9322 -14967 END
START 1684 -13224 -4336 -7045 12648 -13683 END
START 1360 -15616 -636 -6036 15321 -12359 END
START 1624 -18656 2952 -4965 15032 -11972 END
START 1544 -23248 5532 -3325 15305 -14201 END
START 1660 -24704 8628 -4835 16326 -19350 END