START 9588 -16156 8524 -2238 -2379 -1736 END
START 8832 -15148 8400 -677 -5940 -1597 END
START 8020 -12988 6644 1821 -9020 -1606 END
START 6888 -10256 4840 854 -10891 -208 END
START 6224 -8944 3536 -821 -10671 641 END
START 4860 -7308 3928 247 -11249 2326 END
START 3472 -6612 3356 1444 -14087 4787 END
START 2468 -7700 380 2704 -16148 7726 END
START 1828 -8644 -3360 2848 -14818 9307 END
START 1420 -9072 -4832 2641 -11447 10200 END
START 1012 -9360 -5680 2524 -9330 11782 END
START 888 -11364 -7560 2781 -8210 13921 END
START 1200 -14308 -9996 5716 -5386 14773 END
START 1812 -16452 -11212 7293 -1169 15098 END
START 2500 -19944 -11628 7652 2830 14602 END
START 3048 -24064 -11004 8304 6108 13401 END
START 4108 -27444 -9260 6957 9293 11108 END
START 4828 -29588 -6888 2608 12382 7326 END
START 5240 -29608 -4132 -4115 14076 3488 END
START 5656 -29292 -1844 -8662 14422 712 END
START 6396 -29412 240 -7791 13254 -1957 END
START 7652 -28768 2220 -3765 10617 -4699 END
START 7464 -27932 3764 -3463 8011 -7815 END
START 6396 -26052 5460 -6477 5902 -10810 END
START 6160 -23312 5688 -10317 4831 -13444 END
START 6004 -19820 6420 -11562 3410 -15532 END
START 5384 -16348 7204 -8380 550 -16384 END
START 5584 -12348 6372 -5695 -2514 -15315 END
START 5384 -10244 5564 -7139 -4765 -13695 END
START 4420 -9104 4896 -7898 -6431 -12382 END
START 3564 -7644 4184 -7871 -7473 -11243 END
START 3164 -6196 2800 -7815 -9015 -8998 END
START 2744 -5720 80 -6613 -10833 -6326 END
START 2976 -5720 -4304 -4342 -10858 -4087 END
START 3768 -5640 -8692 -2980 -7916 -2658 END
START 4488 -5636 -11576 -3289 -4245 -1200 END
START 5240 -6016 -13516 -3155 -1615 519 END
START 5400 -5760 -14188 -329 1513 2649 END
START 5364 -6316 -13728 4191 5938 4993 END
START 4788 -6636 -11168 5066 9580 7514 END
START 3472 -8356 -7580 5374 11506 9204 END
START 2520 -11020 -3680 6672 11889 10928 END
START 1412 -12040 88 7498 11361 12039 END
START 2300 -12328 2684 4646 9957 12925 END
START 2724 -12784 4120 654 8053 14007 END
START 2664 -14176 4456 -80 5558 15229 END
START 2448 -15328 4700 2358 3437 15356 END
START 2744 -16276 6000 5787 794 15717 END
START 3644 -17612 6364 6359 -2247 16062 END
START 4388 -19040 6284 4506 -4105 16098 END
START 5052 -21060 6748 2936 -6794 15824 END
START 5432 -24048 6540 4100 -9483 13919 END
START 5136 -24900 6516 3913 -13024 11368 END
START 4488 -26184 3292 849 -16881 8897 END
START 4136 -29916 -2924 -483 -18587 4913 END
START 3308 -31352 -7804 1175 -16835 31 END
START 3392 -30992 -10784 1055 -14206 -4468 END
START 2812 -28996 -10596 -96 -10334 -8897 END
START 1500 -26896 -7420 -344 -7964 -12555 END
START 308 -23864 -6252 1706 -6243 -15011 END
START -540 -20276 -5768 2231 -4326 -16941 END