START 9532 -16572 4680 3222 7967 3619 END
START 9064 -18972 8184 4457 7189 2541 END
START 8624 -19052 11748 2625 4472 -1094 END
START 7884 -17672 13404 928 368 -3553 END
START 7260 -15544 14212 1177 -3879 -4592 END
START 6508 -12984 14084 1931 -8731 -4309 END
START 5624 -9316 12632 2419 -13197 -2366 END
START 4724 -7756 10568 782 -15885 343 END
START 3564 -5964 8588 1712 -17332 2583 END
START 2196 -5772 6804 893 -19453 5715 END
START 1448 -5724 3916 944 -21022 9195 END
START 1068 -6968 -592 1583 -21426 12615 END
START 952 -8972 -4936 1369 -19313 15038 END
START 952 -11112 -7248 2555 -14768 15797 END
START 1068 -13752 -8264 3963 -10501 16645 END
START 888 -16964 -9312 5189 -6695 16891 END
START 768 -19428 -9292 6507 -2009 16591 END
START 1432 -21624 -9460 7009 3301 15126 END
START 2388 -23632 -9580 6035 7447 13014 END
START 2832 -24268 -8428 5975 11965 11227 END
START 3684 -24832 -6232 4269 15727 8948 END
START 4260 -25684 -3532 1611 17235 6380 END
START 3520 -26904 -256 1163 17621 4192 END
START 3736 -27880 3020 -1107 16629 805 END
START 3784 -28148 5592 -4027 15304 -3402 END
START 3864 -27852 6472 -6125 13527 -7274 END
START 3936 -27096 7056 -7712 12789 -10898 END
START 3476 -25932 10160 -6841 11371 -14234 END
START 3052 -23336 12576 -5575 8154 -16838 END
START 2588 -19908 13936 -5743 4923 -18397 END
START 2556 -17104 14144 -6487 1590 -19247 END
START 1724 -14596 13988 -4130 -2171 -18837 END
START 2416 -12108 12464 -2134 -5865 -17971 END
START 2832 -9828 12136 -1109 -9212 -16752 END
START 3412 -7648 10040 -2449 -12968 -14377 END
START 3660 -7340 5696 -3435 -14345 -12536 END
START 3728 -6392 2704 -2472 -14038 -10104 END
START 4560 -6404 -1508 -613 -14604 -7094 END
START 4428 -8364 -6096 1564 -13810 -4117 END
START 5344 -10088 -8144 5582 -10336 -2826 END
START 6100 -11112 -11316 3383 -6399 -2722 END
START 7780 -11412 -12772 -650 -217 -3482 END
START 8724 -11040 -12312 -2692 3713 -2677 END
START 8936 -10276 -11780 -1747 6401 -391 END
START 8616 -10376 -10848 342 9673 1852 END
START 7396 -11136 -7772 445 12827 3362 END
START 6508 -11432 -4572 -448 14198 4144 END
START 6188 -10172 -2440 -3957 14616 5155 END
START 5460 -8316 -996 -7867 14634 6970 END
START 2488 -9580 1808 -8130 13497 10493 END
START 1192 -11784 5332 456 12645 13420 END
START 1052 -11436 8252 4084 11547 14456 END
START 1428 -10652 9672 766 10788 14402 END
START 468 -12164 10664 -1816 8610 14983 END
START 1256 -12072 10472 -619 5777 15876 END
START 1604 -12012 10892 3058 3852 17408 END
START 1484 -12272 12488 5578 509 19851 END
START 1484 -15768 12920 7823 -3563 21919 END
START 1428 -19636 11208 7498 -7800 22462 END
START 1848 -23488 9252 6780 -9546 20552 END
START 2336 -26288 8984 4911 -12062 17661 END
START 3044 -29036 7576 5348 -15121 14173 END
START 4196 -31456 4104 7032 -15856 10290 END
START 5728 -32768 1480 3293 -15318 5605 END
START 4412 -32768 -8 277 -13837 -1733 END
START 3796 -32768 -1328 -1337 -11514 -8410 END
START 2480 -29648 -1216 -490 -8736 -13929 END
START 956 -25720 -1584 -1253 -6339 -17377 END
START -228 -22408 -76 -1225 -5056 -19664 END
START -1304 -19780 1204 2571 -4745 -19698 END
START -1104 -17304 72 3324 -4180 -19089 END
START -360 -16920 -876 110 -2195 -19631 END
START 164 -16392 -304 -1496 200 -20624 END
START 1192 -15244 1260 -339 579 -20489 END
START 2868 -12320 572 -728 668 -19447 END
START 3680 -11796 872 -3159 1830 -18339 END
START 3368 -11032 2444 -1797 2949 -17273 END
START 3984 -7972 4188 -2103 3158 -16736 END
START 4888 -6220 4696 -3671 3773 -14319 END
START 5536 -7012 6168 -1735 4198 -12141 END