START 7212 -20536 8244 1003 6531 -1498 END
START 8008 -21676 8908 -1175 4739 -3546 END
START 8024 -22608 8672 -1028 2799 -5841 END
START 7180 -22516 9720 2877 1343 -8346 END
START 6556 -20772 11088 2412 -752 -11204 END
START 6124 -18284 12340 -1249 -3647 -13492 END
START 5664 -15312 12472 -1481 -7359 -14409 END
START 5436 -11504 10624 -162 -11743 -13348 END
START 5316 -8356 8512 456 -14504 -11859 END
START 4544 -6252 6976 1511 -15685 -8878 END
START 4152 -4396 5576 1122 -17471 -5391 END
START 4028 -3956 3664 -491 -18716 -2552 END
START 3216 -4468 1384 -1339 -18677 -257 END
START 2716 -5024 212 -112 -19022 1744 END
START 2892 -4752 -2460 807 -19055 4530 END
START 3172 -5280 -5380 295 -17663 7120 END
START 3344 -7128 -7576 -7 -15026 8622 END
START 3540 -7852 -7624 4538 -11480 10047 END
START 4216 -8228 -7940 6243 -9732 13004 END
START 5140 -11988 -11356 4520 -7639 14685 END
START 5380 -14088 -12920 6016 -1593 14590 END
START 5436 -14828 -10856 7823 2796 15173 END
START 5760 -18964 -10312 6456 3888 15783 END
START 5920 -22076 -9528 7125 6373 15316 END
START 6144 -24636 -8188 6269 9647 13144 END
START 6488 -27232 -4944 4066 12251 9680 END
START 6944 -28368 -1996 766 12948 5548 END
START 8016 -28616 396 -2665 12529 1879 END
START 8316 -27276 2156 -3204 12003 -1691 END
START 8000 -25364 3944 -2692 10403 -4777 END
START 8432 -22852 4728 -4615 7930 -7416 END
START 8008 -20464 4036 -6449 5824 -8528 END
START 7524 -18116 2860 -5936 4804 -9888 END
START 6940 -15344 2576 -5099 3804 -10366 END
START 6244 -12444 2248 -4571 2988 -9765 END
START 5736 -10704 1200 -5319 2337 -8399 END
START 5112 -9356 1012 -4535 2379 -6952 END
START 4372 -7780 1268 -4177 2517 -5226 END
START 3520 -6016 2092 -3700 2182 -2912 END
START 2528 -5028 2932 -3180 1411 372 END
START 1956 -4608 3504 -1364 24 3774 END
START 1660 -4612 3248 -1213 -1247 6836 END
START 776 -5504 3844 346 -2103 9723 END
START 136 -6664 4560 2652 -3476 12803 END
START 372 -9280 4804 5291 -4355 15434 END
START 476 -12068 5124 7930 -5280 17593 END
START 696 -15648 6008 10155 -6429 18566 END
START 1632 -19560 6408 12397 -7088 18223 END
START 2688 -22568 6944 11296 -8834 16892 END
START 3624 -25880 5204 10220 -10593 15091 END
START 3864 -27776 2920 10794 -11741 12853 END
START 3820 -28808 692 10424 -11806 9679 END
START 3996 -28860 -928 7178 -11655 6392 END
START 3796 -29368 -3876 2438 -12204 2948 END
START 3552 -30028 -7876 -212 -10822 -546 END
START 3440 -27912 -8832 150 -6665 -4476 END
START 3568 -25660 -8272 -1746 -3928 -7658 END
START 2808 -23428 -7488 -3001 -1077 -9541 END
START 2712 -21324 -6580 -4362 1421 -10886 END
START 2764 -20184 -6276 -5869 3693 -11891 END
START 2856 -19308 -7440 -7577 5406 -11647 END
START 2936 -20668 -9528 -8770 8412 -12336 END
START 3364 -21052 -10068 -7572 14023 -14256 END
START 3080 -19868 -7064 -8128 18174 -15954 END
START 2776 -20196 -2460 -10325 20863 -17593 END
START 1432 -22760 2844 -9752 21322 -18833 END
START 1164 -23236 7020 -7724 18632 -20471 END
START 944 -21904 8864 -4204 15484 -21523 END
START 1020 -19904 10124 -2594 13048 -23256 END
START 2556 -16144 10272 -5802 9552 -24328 END
START 4068 -13156 8456 -8417 7089 -24709 END
START 4900 -10084 7248 -7287 6418 -25280 END
START 5652 -7708 7336 -6806 5042 -24513 END