START 11868 -14800 676 -2869 5824 -1335 END
START 12112 -14988 568 -2376 5888 -892 END
START 11060 -16500 1836 -460 4919 -953 END
START 9628 -19756 5572 6584 3053 -568 END
START 7916 -21164 8124 9282 -466 -2330 END
START 7600 -20168 9256 4886 -2802 -5281 END
START 5884 -18612 10000 -2043 -2258 -7768 END
START 5476 -16648 10992 -5669 -2729 -10195 END
START 5912 -13964 10064 -6580 -6023 -10892 END
START 5976 -10472 7932 -4726 -9044 -10281 END
START 6184 -7684 6040 -4005 -10982 -8653 END
START 5716 -6032 5008 -2192 -12573 -6351 END
START 4876 -4660 3972 1202 -14434 -3160 END
START 3956 -4312 2392 2440 -15672 30 END
START 3040 -4364 1208 2399 -16001 2519 END
START 2220 -5008 304 2513 -15904 4912 END
START 2004 -5068 -668 3259 -16169 7217 END
START 2092 -6052 -2404 3606 -16272 10010 END
START 1604 -7964 -4996 4602 -14878 12194 END
START 1756 -10256 -7080 5641 -11904 13636 END
START 1920 -11616 -9328 6219 -8774 14059 END
START 2792 -13072 -10752 6558 -5471 15250 END
START 2920 -15868 -12340 7971 -1867 16202 END
START 2956 -17608 -11656 11212 3254 16483 END
START 2864 -19312 -9976 11501 6450 16943 END
START 2832 -23640 -10424 9135 8650 16132 END
START 2816 -26860 -9732 7718 13136 13286 END
START 3684 -28000 -5720 6053 15751 10269 END
START 5236 -29192 -1956 2583 14873 7080 END
START 5776 -29984 140 -959 14119 3992 END
START 6056 -31144 2704 -3286 12928 619 END
START 7392 -29868 4944 -4423 11122 -3377 END
START 7212 -28820 5252 -7902 8493 -6952 END
START 6416 -26384 4708 -9401 7460 -10610 END
START 5512 -24356 5428 -9884 6755 -13314 END
START 4788 -20696 6504 -7824 5083 -15614 END
START 4100 -17176 6728 -7128 2220 -16196 END
START 3916 -14720 6720 -5721 75 -16172 END
START 4284 -12492 5460 -5172 -1918 -15598 END
START 4288 -10292 3040 -4374 -2393 -14254 END
START 5096 -9308 1260 -4920 -2886 -12772 END
START 4864 -8752 -52 -4479 -3623 -11166 END
START 4612 -7552 -2232 -1911 -3962 -8778 END
START 5120 -7160 -4968 -1813 -2586 -6339 END
START 4704 -6588 -6608 -2101 349 -4935 END
START 3800 -5440 -6408 -2834 2613 -2761 END
START 3104 -4424 -5164 -21 3605 259 END
START 2912 -3520 -3460 3608 3986 4787 END
START 2368 -3736 -1936 4084 4355 8220 END
START 1316 -5040 -848 3178 4695 11469 END
START 872 -7160 -332 3280 4369 14474 END
START 436 -9104 164 4165 4612 16784 END
START 52 -11128 2112 5148 4925 18558 END
START -16 -12988 4800 4750 3538 19906 END
START -332 -15972 7228 7538 1791 20460 END
START -408 -17312 10588 10491 -890 21373 END
START 284 -19532 11672 7825 -3634 21254 END
START 736 -22704 11140 6506 -6825 20892 END
START 1896 -25424 9556 7262 -11161 19720 END
START 2744 -27564 6496 7596 -13765 17450 END
START 2752 -30392 3472 5028 -15071 14716 END
START 3024 -32768 516 2171 -16453 9998 END
START 2784 -32768 -3836 80 -16847 4922 END
START 2664 -32768 -8696 -739 -14918 -893 END
START 2596 -32768 -10424 -1528 -10504 -7153 END
START 1996 -29736 -10156 -1852 -5762 -12206 END
START 956 -25400 -7804 -76 -1474 -15032 END
START 0 -21136 -4128 1605 277 -16654 END
START -348 -18552 -4628 15 897 -16644 END
START 284 -18400 -8036 -337 3792 -16223 END
START 932 -16308 -9748 -541 8066 -15725 END
START 2452 -16088 -7568 -2924 12048 -15819 END
START 3672 -16456 -6076 -2197 13822 -14601 END
START 4276 -15704 -4056 -3130 15429 -13842 END
START 2476 -18148 164 -7190 18369 -14109 END
START 976 -20880 7028 -11603 20104 -15849 END
START -1356 -24188 11712 -11879 17794 -17901 END
START -2208 -22728 13920 -8399 13810 -20297 END
START -1288 -19540 13588 -6773 10125 -21625 END