START 7716 -21952 7960 5778 -523 959 END
START 6184 -21820 10612 2185 -1882 -2145 END
START 6076 -19028 11116 -1683 -4873 -5718 END
START 6540 -14920 9388 -4210 -8511 -6787 END
START 6288 -11040 8512 -2961 -11498 -6026 END
START 5416 -7744 7192 -1707 -14892 -3656 END
START 3864 -5744 5096 -1034 -17950 557 END
START 3400 -6336 1352 -1170 -19610 4672 END
START 2576 -7184 -2492 -1143 -18495 6859 END
START 1716 -7380 -4320 -1946 -16300 8315 END
START 1380 -7688 -5312 -470 -14885 10157 END
START 1228 -8548 -7408 282 -13719 12453 END
START 1104 -10700 -10100 1609 -10145 14170 END
START 1020 -12472 -9696 5066 -4114 14818 END
START 1208 -14744 -9660 5990 -1418 15966 END
START 2076 -17724 -10840 5374 562 16985 END
START 2840 -21204 -11224 5939 4770 16602 END
START 4376 -24336 -9084 3935 8283 15339 END
START 4912 -30984 -7000 1511 8276 13265 END
START 5964 -32768 -6048 -1619 8141 9250 END
START 5928 -32768 -5372 -6811 9964 3566 END
START 5808 -32768 -1972 -9602 12768 -3007 END
START 4804 -32768 1436 -10379 12130 -8453 END
START 4128 -31136 4164 -7922 10760 -13428 END
START 4364 -24768 5116 -8993 8766 -17184 END
START 4228 -19056 5644 -11074 6921 -18702 END
START 4404 -14984 5732 -12146 4707 -19039 END
START 4284 -11956 5540 -10385 2158 -18188 END
START 3812 -9448 4448 -5675 -578 -15664 END
START 4052 -8184 2104 -2403 -2796 -13454 END
START 3968 -6676 324 -1016 -1963 -12146 END
START 3528 -5316 -80 -2076 -1715 -10104 END
START 3564 -5116 -2520 -3887 -1864 -7268 END
START 3540 -5316 -3840 -1899 -1027 -5180 END
START 3592 -4112 -4352 1014 -344 -2320 END
START 3808 -3292 -5780 1057 948 579 END
START 3688 -2956 -6800 -105 3596 3719 END
START 2748 -3812 -6020 -296 5954 6800 END
START 2312 -4912 -3972 3541 6480 10139 END
START 1724 -6280 -2604 7495 6529 13701 END
START 560 -8216 88 10519 7575 16059 END
START 312 -9812 3888 8826 7471 17845 END
START -40 -12884 6124 5877 5034 19564 END
START -280 -16296 6824 6747 2486 20711 END
START 424 -18964 7304 13080 1005 21312 END
START 1640 -20540 8072 15573 -793 21059 END
START 2524 -22948 8428 14334 -2419 19854 END
START 2788 -26512 9220 12878 -5074 18595 END
START 3792 -29512 9224 11374 -8459 15312 END
START 4880 -30296 8168 8724 -10335 11431 END
START 5220 -30676 7352 4324 -13437 7529 END
START 4616 -31912 3780 2004 -17508 4163 END
START 4636 -32768 -1396 1824 -18706 -67 END
START 3476 -32768 -4792 2235 -16061 -6371 END
START 2288 -32768 -5064 1217 -12315 -13355 END
START 596 -28760 -2744 2936 -9015 -18763 END
START 60 -23076 -424 1608 -7898 -19807 END
START -56 -19036 708 -875 -6279 -21061 END
START -356 -16628 828 -1645 -5662 -21535 END