START 6344 -13532 9412 4851 -2261 -4688 END
START 6160 -10504 9768 5989 -3649 -3026 END
START 5820 -8764 10192 1186 -6062 -2670 END
START 5124 -7044 9232 -1742 -8961 -1632 END
START 4628 -6564 8348 -103 -11684 983 END
START 4160 -5472 6680 4529 -14048 4512 END
START 3672 -4788 5188 5280 -16038 8505 END
START 3036 -6436 3040 4341 -16623 11359 END
START 2524 -7780 1292 3437 -16070 13398 END
START 2396 -8956 -352 3313 -15905 15231 END
START 1600 -10868 -2924 4361 -15592 17492 END
START 2052 -14948 -6832 6863 -12109 18707 END
START 2276 -16652 -7276 8810 -6219 17977 END
START 2164 -17960 -5904 8053 -3336 17436 END
START 2300 -20636 -5820 6891 -1962 16982 END
START 2312 -22488 -6940 6162 1126 15735 END
START 3148 -23024 -7756 6147 6074 12810 END
START 3452 -24472 -7900 3822 9294 11098 END
START 3592 -25720 -6220 3252 11835 8919 END
START 3320 -26892 -4620 1636 13748 6745 END
START 3376 -26760 -2508 35 15707 3339 END
START 3548 -27136 480 -3220 16079 742 END
START 3592 -28048 3048 -4307 14827 -1974 END
START 4136 -27100 4060 -6102 12873 -5218 END
START 4024 -26144 3012 -9753 12348 -8683 END
START 3496 -25304 3476 -9669 12964 -11396 END
START 2920 -23988 6300 -6081 11723 -13634 END
START 3108 -21684 8264 -3806 8945 -15678 END
START 3540 -18620 8012 -5246 6328 -16958 END
START 4084 -16340 7564 -7817 4838 -17714 END
START 3564 -14228 7724 -7525 3353 -17814 END
START 3756 -12224 7364 -5111 1620 -16634 END
START 3016 -11236 8044 -1559 -810 -15118 END
START 3284 -9444 8464 853 -4036 -13493 END
START 3660 -8000 7180 162 -6662 -11297 END
START 3948 -7348 6720 -1085 -7947 -9333 END
START 4560 -6672 6620 -586 -9904 -7217 END
START 5000 -6140 3684 -253 -12044 -4172 END
START 5324 -6912 -132 -1608 -13490 -1573 END
START 6296 -9124 -5448 -1840 -13220 -55 END
START 7200 -11028 -11144 -182 -9816 711 END
START 8292 -11848 -15912 -423 -3563 818 END
START 8164 -11944 -16844 -2604 3123 531 END
START 7672 -12072 -15140 -2127 8325 633 END
START 6640 -11696 -11400 3037 11795 2588 END
START 5548 -10900 -7516 5339 13236 4606 END
START 3988 -10824 -3548 5179 14062 6064 END
START 3080 -11020 -100 2624 14278 6992 END
START 2696 -10348 1160 -1284 15554 7561 END
START 2436 -10604 3680 -3544 14704 8767 END
START 3400 -11748 5460 -2020 11701 10594 END
START 3232 -11920 5788 1044 8979 12714 END
START 3336 -11916 6056 1993 8529 13824 END
START 2896 -12296 8376 662 7110 14901 END
START 2176 -13848 10376 1289 3753 16217 END
START 2548 -15856 11324 4948 -527 17944 END
START 2016 -16968 11172 6925 -2812 18341 END
START 1900 -16872 12176 4947 -3990 17673 END
START 1576 -17816 12632 1801 -7610 17039 END
START 1480 -19628 10816 1522 -12450 17016 END
START 1652 -21968 6776 3868 -15162 16120 END
START 1844 -24212 3660 5672 -15433 14123 END
START 1924 -25816 3632 5849 -15670 11654 END
START 2396 -29532 1288 5856 -17611 8810 END
START 2580 -31832 -2332 6080 -15731 3973 END
START 2276 -31476 -2968 5581 -12029 -1849 END
START 1816 -30672 -4216 2221 -9779 -6433 END
START 1200 -28068 -5036 944 -6535 -11233 END
START 936 -24964 -5456 -170 -3550 -14010 END
START 632 -22480 -5912 -1525 -678 -15279 END
START 300 -20516 -6252 -1847 2011 -15988 END
START 980 -18792 -6416 -3363 5749 -16384 END
START 1484 -18364 -5724 -5969 8903 -16622 END
START 1740 -19884 -4528 -6198 11799 -16962 END
START 1192 -22580 -736 -3010 13831 -17690 END
START -300 -25516 3544 1716 16473 -20374 END
START -2204 -26676 9792 1847 19051 -26939 END
START -2728 -23164 14976 -3162 14600 -32768 END
START -1608 -17620 14856 -6642 9207 -32768 END