START 7424 -9432 3664 -285 6141 7601 END
START 7856 -12340 5436 -1503 4526 7567 END
START 8788 -15572 6620 576 1958 7043 END
START 9812 -17476 7524 1705 1050 5082 END
START 9640 -19020 10964 1579 1284 1302 END
START 8712 -18740 13892 -340 -1255 -2939 END
START 8340 -16580 15156 -605 -5897 -5129 END
START 7888 -13012 13756 -1095 -11333 -4973 END
START 7800 -9780 11088 -3339 -15166 -3429 END
START 8080 -9240 8008 -3038 -17665 -2434 END
START 7804 -7972 4500 -1973 -18421 -224 END
START 6768 -6796 1800 -1080 -17859 1457 END
START 6364 -5316 348 -1975 -16424 2429 END
START 4804 -5208 -364 -2422 -15782 4566 END
START 3488 -5116 -2236 -1558 -15447 8001 END
START 2956 -6572 -5120 -1960 -14060 10946 END
START 2620 -8388 -6976 34 -11140 12361 END
START 2720 -9360 -8300 439 -8923 14113 END
START 3560 -11600 -9492 1571 -5961 15761 END
START 3768 -12908 -9848 2932 -1721 16880 END
START 4208 -14696 -9424 4244 2563 17723 END
START 5036 -16924 -8524 4847 6296 18050 END
START 6328 -21500 -6464 3528 7835 17304 END
START 8264 -27712 -5484 1941 9192 15097 END
START 9608 -31912 -3756 -330 11319 10483 END
START 10396 -32768 -2136 -4493 12101 4515 END
START 9632 -32768 1224 -5569 12420 -2012 END
START 8076 -32768 4444 -3791 10335 -7383 END
START 7384 -29440 5680 -3736 7668 -11987 END
START 6460 -24244 6352 -4697 5420 -15582 END
START 6320 -19244 5268 -6779 2831 -16729 END
START 5928 -15176 4256 -6218 1395 -17323 END
START 5480 -12096 2824 -4416 122 -16213 END
START 5160 -9304 2252 -2491 -187 -14235 END
START 4500 -7264 1908 -1949 -722 -11847 END
START 4704 -6300 576 -2896 -1333 -9485 END
START 4884 -6100 -252 -2368 -826 -7272 END
START 4984 -5440 -208 -1720 -1190 -4727 END
START 5256 -5604 -1484 -671 -1296 -2124 END
START 4788 -4804 -2276 -77 -52 804 END
START 4828 -5140 -2624 -1960 1580 3019 END
START 4312 -6292 -2204 -1717 1888 5348 END
START 4256 -7088 -2216 10 1827 8144 END
START 3796 -7896 -2476 489 2780 10948 END
START 2388 -9308 -1188 1035 4389 12960 END
START 1848 -9524 2228 1367 5107 14641 END
START 1792 -10928 5252 1058 3527 16570 END
START 1632 -13672 8096 2701 1354 19613 END
START 3588 -18536 10836 7253 -1817 22776 END
START 4800 -23840 12660 10767 -5217 23139 END
START 4268 -27644 12476 11793 -10599 18785 END
START 5188 -29364 10460 7611 -15796 13437 END
START 5584 -29532 6232 2139 -19889 8335 END
START 4944 -30796 1260 1522 -22472 4370 END
START 4836 -29880 -3732 4286 -21996 1344 END
START 5032 -28308 -7776 1438 -21194 -2734 END
START 3848 -28012 -13484 -314 -17309 -6053 END
START 4208 -25400 -16940 -1337 -10648 -8761 END
START 3088 -21148 -15532 -79 -2054 -11569 END
START 1936 -17188 -11756 733 3234 -11331 END
START 2232 -14236 -10364 -374 6548 -10603 END
START 2528 -11908 -9572 -2427 9658 -9442 END
START 3372 -11384 -9944 -5281 12223 -7692 END
START 4160 -12932 -9344 -4902 15327 -5682 END
START 4284 -16656 -8500 -4765 17880 -4809 END
START 3828 -22076 -5468 -2787 21250 -7026 END
START 3460 -23860 -1624 -5303 23301 -11064 END
START 2388 -26092 3340 -6955 24080 -14953 END
START 1432 -25228 8004 -4646 22418 -17114 END
START 784 -22524 10892 -2708 17303 -19136 END
START 1864 -19896 10532 -2741 11759 -19723 END
START 2280 -17064 9532 -2150 10109 -21672 END
START 3692 -13440 9984 -1862 8149 -23550 END
START 3344 -7176 9260 -2133 4757 -21488 END
START 6352 -6772 8520 -3743 2716 -19117 END
START 6316 -4516 7428 -3042 1273 -17573 END