START 8528 -16936 2688 305 993 -3366 END
START 8484 -14660 1244 -638 1176 -1994 END
START 8932 -14152 688 -842 1640 -2053 END
START 9020 -13612 632 -1866 2097 -2195 END
START 9364 -14300 628 -1341 2886 -1886 END
START 8812 -15844 2460 794 3339 -1494 END
START 8500 -17096 5084 4266 3068 -1439 END
START 8500 -16612 8532 5519 2029 -2273 END
START 7892 -15652 11336 1381 -490 -4415 END
START 6888 -13688 12012 -1093 -4472 -5710 END
START 6096 -11260 11212 -648 -8437 -4991 END
START 5688 -8948 9676 1034 -10784 -3490 END
START 4952 -7528 8152 2040 -13329 -781 END
START 4288 -7148 5276 3611 -15536 2200 END
START 4116 -6768 1500 2631 -17305 5492 END
START 4200 -8380 -2496 1628 -16530 7900 END
START 4752 -9376 -6032 1872 -12684 9406 END
START 4804 -10604 -6096 3205 -8852 10579 END
START 4116 -12344 -5212 4831 -6299 12220 END
START 3656 -14156 -5676 5169 -4253 13460 END
START 3304 -15744 -5188 4910 -925 13555 END
START 3300 -17260 -5028 3754 1814 13206 END
START 3560 -17944 -5268 1829 4181 12334 END
START 4152 -18560 -5084 443 5973 11577 END
START 4772 -19892 -4908 -95 8018 11329 END
START 4820 -21040 -3992 167 10308 10382 END
START 5072 -21532 -2360 -273 11483 8898 END
START 4896 -22736 -212 -669 11356 7505 END
START 4692 -23812 1256 -1178 11325 5733 END
START 5004 -23780 2440 -3721 10613 2873 END
START 5052 -25140 3232 -5067 10097 -290 END
START 5496 -25396 3940 -5274 8861 -3169 END
START 5760 -25496 4124 -4707 7860 -6171 END
START 5936 -24580 4260 -4773 7177 -9147 END
START 6052 -24120 4660 -4788 6536 -11966 END
START 5484 -22232 4756 -5080 5556 -14547 END
START 5016 -20576 5376 -4729 4243 -16496 END
START 4464 -18760 5720 -3698 3000 -17426 END
START 4048 -17136 5712 -2655 2086 -17790 END
START 3608 -14732 6408 -1897 807 -18194 END
START 3136 -12456 6352 -2479 -1246 -17787 END
START 3416 -10356 5500 -2214 -3509 -16016 END
START 3616 -8624 3452 -1759 -5411 -13453 END
START 4128 -7288 1496 214 -5325 -10510 END
START 4616 -5916 396 1089 -5024 -7606 END
START 4736 -5088 -1224 -408 -5261 -5072 END
START 5252 -4428 -2776 -1853 -4835 -2508 END
START 5896 -3776 -4028 -1928 -3500 648 END
START 5808 -3412 -5436 -2158 -1158 3833 END
START 5396 -4404 -5276 -2281 1070 7300 END
START 4724 -6252 -4944 -628 2710 10847 END
START 3608 -8992 -3884 1983 4721 14195 END
START 2508 -10936 -1272 4723 6772 16405 END
START 1772 -11520 1860 4318 7160 17172 END
START 1608 -13212 3560 2198 5660 18209 END
START 1652 -15784 3552 596 4094 19136 END
START 2516 -17584 2756 1223 4191 18819 END
START 2808 -18836 4368 2777 4248 18774 END
START 2764 -20216 8404 6153 2704 19160 END
START 2676 -21516 12172 10803 -331 19481 END
START 3048 -22784 14692 10503 -5131 18334 END
START 3036 -24668 13084 5250 -11507 15544 END
START 3632 -26508 9556 2551 -15780 12373 END
START 4868 -28240 4776 1660 -18834 8994 END
START 5552 -28648 -160 2005 -18731 4050 END
START 6172 -28824 -2800 1998 -16296 -802 END
START 5744 -28392 -3076 2569 -13377 -5697 END
START 5428 -27572 -1888 2957 -11517 -9746 END
START 4260 -25592 -1076 3129 -10065 -13264 END
START 2624 -23160 -496 2402 -8302 -16120 END
START 1280 -21104 1276 1074 -7392 -17377 END
START 636 -18536 1664 891 -7756 -18133 END
START 24 -16568 1216 1610 -7548 -17660 END
START 256 -13412 336 1242 -6485 -16893 END
START 172 -11556 832 -327 -5513 -15698 END
START 904 -10036 804 -1108 -5295 -13743 END