START -764 -32744 3396 6743 6308 6772 END
START -512 -32768 3132 689 5691 1709 END
START 1076 -32768 2888 -937 7430 -3727 END
START 2292 -32768 3224 -3672 6664 -9662 END
START 1584 -31404 3968 -3644 5606 -14470 END
START 1112 -28412 4708 -4557 4539 -17903 END
START 96 -24768 6476 -5929 3638 -20096 END
START 300 -22160 7876 -7563 2163 -21811 END
START -796 -19396 8280 -7893 599 -21991 END
START -720 -17596 8096 -6780 -1137 -21645 END
START -440 -15192 7704 -5541 -2209 -21267 END
START 12 -12288 6880 -5423 -3642 -21079 END
START 688 -9772 6292 -6611 -5537 -20094 END
START 1812 -8388 5192 -6292 -6866 -18067 END
START 2288 -6116 4008 -5108 -7319 -16410 END
START 3356 -4292 2924 -5225 -7649 -14283 END
START 3808 -2848 2088 -5281 -8155 -11908 END
START 4752 -2532 1376 -4719 -8213 -9268 END
START 4888 -1152 728 -3014 -8230 -6069 END
START 4680 -272 -900 -2632 -8344 -3096 END
START 4152 280 -1716 -2667 -8574 48 END
START 3752 -468 -1764 -556 -8372 3384 END
START 3368 -268 -1804 2942 -7901 7168 END
START 3268 -444 -2380 3260 -7448 10644 END
START 2528 -1204 -3196 2597 -6681 14476 END
START 1320 -3068 -2764 3201 -5870 18034 END
START 296 -4616 -2120 6123 -5159 20968 END
START -1124 -7248 -3328 6615 -5395 24549 END
START -1764 -11220 -5276 5515 -3839 26565 END
START -3544 -15124 -4940 6822 188 27039 END
START -4072 -17800 -1760 8826 1608 27664 END
START -5816 -21388 -700 6016 114 27749 END
START -5916 -27176 -2264 7682 558 27148 END
START -6148 -30796 -1052 14684 237 25524 END
START -5080 -32768 1076 19121 -1320 22655 END
START -2968 -32768 1424 11045 -2816 18533 END
START -1608 -32768 -1540 -2607 -4072 12011 END
START -624 -32768 -5316 -3954 -5000 5883 END
START 1152 -32768 -9120 -3587 -4145 -735 END
START 508 -32768 -9780 -6209 -1513 -7365 END
START -784 -32768 -8096 -5552 2152 -13224 END
START -2504 -29532 -4284 -3257 4197 -17695 END
START -3212 -23708 -1052 -2827 4539 -20816 END
START -2852 -19744 592 -3943 3713 -22140 END
START -2292 -15980 -96 -4900 3595 -21825 END
START -2244 -14496 -204 -5807 3919 -21274 END
START -1568 -13260 -788 -4409 4202 -20753 END
START -976 -11544 -1876 -2837 5219 -19532 END
START -684 -9740 -2256 -2331 6503 -18320 END
START 244 -7620 -2904 -2920 7942 -16909 END
START 504 -6284 -3512 -1844 9868 -14470 END
START 404 -4876 -3656 -288 11467 -11375 END
START 772 -3852 -3096 2002 12605 -8022 END
START 912 -4076 -2172 3465 13273 -4154 END
START 832 -4648 -952 4452 13986 -679 END
START 908 -4924 492 6004 13866 2414 END
START 1280 -4748 1220 5063 13492 5448 END
START 1532 -5068 608 2109 13504 8490 END
START 1080 -5228 1128 -1017 13843 11061 END
START 1008 -5436 2020 -1255 13926 14545 END
START -604 -6556 3764 1867 13155 18503 END
START -1792 -8432 4344 2960 10925 22491 END
START -2912 -10504 3508 1586 10564 24754 END
START -5116 -13560 3712 -2869 11874 25493 END
START -7096 -19596 5104 -2120 11608 25879 END
START -8224 -22972 7144 4352 10921 25403 END
START -7512 -22208 9528 4157 8658 22915 END
START -7496 -23044 12468 -1567 6820 20204 END
START -6380 -27744 10844 -9283 1146 17329 END
START -4352 -31420 7348 -7273 -3850 15231 END