START 3608 -4256 -220 -564 822 781 END
START 2416 -2680 -680 -2039 2350 3554 END
START 588 -404 -456 -3625 2468 5658 END
START 36 -2476 1460 -1874 427 8679 END
START -440 -2624 1852 7049 39 11898 END
START -492 -1064 2684 10386 -1052 16298 END
START -1368 -1552 2748 8955 -2797 20737 END
START -3012 -5500 1112 10418 -3689 24846 END
START -3244 -10100 -92 13219 -3229 27834 END
START -3708 -14888 180 14274 -2621 28906 END
START -3448 -21452 1396 11458 -3859 29731 END
START -2900 -29668 -112 7892 -4470 27710 END
START -2372 -32768 -2180 8229 -4036 23821 END
START 344 -32768 -2604 9873 -3822 18701 END
START 2332 -32768 -3308 7893 -4801 12032 END
START 3852 -32768 -5352 3031 -5624 5501 END
START 3396 -32768 -7948 -2922 -3946 -1045 END
START 2104 -32768 -8036 -8247 -1374 -7644 END
START 920 -32768 -5744 -10364 8 -12882 END
START -320 -27944 -3496 -5972 766 -16495 END
START -960 -21488 -2076 -7152 509 -17829 END
START -700 -19348 -2260 -9909 1552 -18445 END
START -1236 -17804 -2496 -9802 2678 -18799 END
START -1920 -14444 -3272 -8329 3221 -18365 END
START -1448 -12448 -3932 -7979 4780 -17652 END
START -1248 -9920 -5412 -7436 8365 -16487 END
START -1548 -7272 -4908 -8829 11359 -14939 END
START -2072 -5452 -3880 -7216 12896 -12604 END
START -1892 -3528 -3404 -4906 13004 -8802 END
START -1428 -1708 -2040 -530 13317 -4789 END
START -1204 -748 -448 1859 13598 -1201 END
START -968 -1240 388 3826 13543 1812 END
START -1092 -1908 2032 5442 11714 5537 END
START -820 -2800 3448 7062 9930 9158 END
START -456 -4684 4620 8770 9747 12571 END
START -500 -6740 5016 9406 10236 15416 END
START -452 -9296 4800 7552 10052 17613 END
START -576 -11808 4480 6624 10007 19117 END
START -196 -14288 5152 9222 10544 19581 END
START -52 -15600 6652 12796 9910 19984 END
START -760 -18760 8568 13704 8316 20689 END
START -280 -22516 8672 9342 7324 19888 END
START -800 -25568 10140 3787 6969 17585 END
START -744 -29784 11088 2188 2778 15869 END
START 632 -32768 8104 1489 -3240 13278 END
START 2292 -32768 3412 -252 -4116 8607 END
START 2896 -32768 1180 -4257 -2087 2656 END
START 2368 -32768 592 -7195 -1381 -2682 END
START 1716 -30376 1028 -5513 263 -7139 END
START 500 -27256 2892 -6346 877 -10859 END