START 1216 -23208 -996 5911 6717 1840 END
START 2504 -24684 -504 4469 5587 295 END
START 3676 -27320 268 507 5679 -1236 END
START 4932 -28848 1544 -2791 6234 -4458 END
START 4592 -30060 2312 -6264 5633 -8054 END
START 3468 -30476 3120 -7554 4149 -11552 END
START 2768 -29088 3684 -7048 3336 -14854 END
START 1924 -25520 3964 -8624 3314 -18135 END
START 1108 -21828 4628 -9940 3379 -20158 END
START 756 -16776 4956 -10498 2494 -20286 END
START 748 -12796 4900 -9493 1537 -19824 END
START 772 -9044 4344 -7195 -443 -18153 END
START 608 -5972 4048 -5013 -2437 -15620 END
START 1052 -3028 3112 -3670 -3297 -12481 END
START 1004 -1952 2960 -2319 -3647 -9596 END
START 1268 -448 2384 -563 -4663 -6571 END
START 1528 1180 1300 420 -4909 -2591 END
START 1176 1088 388 783 -5003 1394 END
START 1180 748 -1468 1530 -4960 5387 END
START 1388 -188 -3140 3100 -4022 9000 END
START 1392 -1536 -4144 5952 -2365 12285 END
START 676 -2896 -3164 8494 -619 16040 END
START -108 -7252 -2740 10528 39 19614 END
START -1368 -10372 -1164 14624 1097 21794 END
START -2440 -12248 832 16198 2738 23112 END
START -2628 -14068 1980 12990 4489 23788 END
START -3840 -16896 3316 11081 6469 25193 END
START -4816 -19756 6224 14830 5960 25558 END
START -4204 -21592 5800 15510 2800 26445 END
START -2568 -23996 3296 14650 3396 26241 END
START -1760 -27392 4516 11082 4470 24942 END
START -2796 -32768 5984 6033 2442 22248 END
START -4328 -32768 4088 -1873 2189 16429 END
START -4488 -32768 3784 -5570 2678 8782 END
START -4572 -32768 4644 -4723 98 1030 END
START -3172 -32768 3424 -4053 -1487 -5903 END
START -2460 -32768 3032 -6896 -1157 -11275 END
START -2568 -28700 3012 -8352 -1158 -15006 END
START -3176 -25992 3656 -7662 -1689 -17500 END
START -3848 -23088 3740 -6667 -2707 -19221 END
START -4004 -19972 3996 -7594 -2957 -19929 END
START -3892 -18680 2092 -9459 -3452 -19798 END
START -3460 -17128 -624 -9205 -2242 -19979 END
START -3412 -15316 -1412 -8246 -229 -19855 END
START -2928 -12928 -2188 -7360 1913 -19112 END
START -2432 -11264 -2448 -7649 3594 -18047 END
START -2340 -9400 -2640 -6844 5186 -16512 END
START -1380 -7864 -3248 -5283 7611 -14691 END
START -1124 -5952 -3568 -4635 10315 -12760 END
START -1240 -5572 -2808 -4077 11707 -10372 END
START -1364 -5652 -2700 -28 11638 -7081 END
START -932 -4804 -2284 3148 12806 -4634 END
START -544 -3592 -1612 2895 14937 -2271 END
START -212 -3876 -628 938 15737 724 END
START 272 -4092 -576 903 16575 4107 END
START 208 -4188 1116 2753 16912 7679 END
START -392 -4128 3964 6097 16411 10634 END
START -1104 -4916 7136 8569 14572 14250 END
START -48 -6136 7644 9892 12746 17676 END
START -2588 -8784 9608 10690 11081 19707 END
START -4132 -9892 11580 10028 9014 22138 END
START -4556 -11892 12328 7047 7264 24402 END
START -4504 -15236 10732 -960 4437 25805 END
START -5180 -21048 8508 -814 3061 25891 END
START -5128 -24748 8504 3261 2649 23787 END
START -4004 -27672 8552 1715 2652 20515 END
START -3712 -32480 8052 -2354 1994 16095 END
START -3080 -32768 8176 -1799 1405 10322 END
START -2368 -32768 8412 -509 582 3990 END
START -1764 -32768 9528 -1076 -1455 -2043 END
START -2256 -32456 9364 -1362 -3944 -7599 END