START 3704 -20424 -9076 4727 7699 4661 END
START 596 -23696 -4948 4839 10348 4575 END
START -348 -28152 -1068 1389 10287 2165 END
START 216 -32240 828 -6723 9060 -1127 END
START 96 -32768 2480 -9293 10295 -5789 END
START -332 -32768 5040 -10571 9602 -10382 END
START -912 -30156 7796 -9558 8001 -14150 END
START -180 -26024 10224 -9310 5900 -16890 END
START -120 -21472 11084 -12075 3672 -18822 END
START 304 -15892 10232 -13069 1687 -18979 END
START 200 -12120 9020 -10691 -804 -17901 END
START 444 -7492 6744 -9444 -2751 -16356 END
START 1272 -4792 5152 -11009 -3653 -14420 END
START 816 -2756 3292 -10123 -4420 -11788 END
START 1316 -460 1244 -7520 -4664 -8933 END
START 1288 1048 228 -4868 -5164 -5326 END
START 1416 2460 -820 -854 -5248 -1092 END
START 1420 2616 -1656 1612 -4401 3081 END
START 1088 1976 -2132 2531 -4122 7478 END
START 520 -568 -2436 4160 -4155 11323 END
START -272 -3376 -1664 8196 -3384 14534 END
START -1184 -5400 -1228 9470 -2661 17942 END
START -1928 -10808 -396 9537 -1598 19839 END
START -2264 -15796 1076 12206 -1079 20931 END
START -2312 -18776 3208 16239 -1780 21235 END
START -1300 -21160 3428 13709 -2378 21401 END
START -1540 -24596 2300 10060 -2069 21105 END
START -1048 -27196 2608 11160 -2507 19526 END
START 80 -28740 616 9358 -3771 17761 END
START 360 -32768 -1792 5934 -4130 14718 END
START 680 -32768 -4516 1751 -3672 10383 END
START 1040 -32768 -4752 -654 -2718 5527 END
START 1024 -32768 -5008 -3041 -2204 807 END
START 688 -32768 -4580 -7336 -1071 -3724 END
START -120 -31968 -3808 -9968 622 -8071 END
START -860 -29052 -2964 -10265 1926 -11723 END
START -1840 -25964 -2304 -9268 2400 -14356 END
START -2040 -23124 -2048 -8050 3186 -16476 END
START -2340 -20676 -1960 -8655 3668 -17943 END
START -3068 -18372 -2864 -6227 4560 -18671 END
START -3356 -14784 -3660 -5971 6831 -18828 END
START -3500 -12324 -3104 -6563 9274 -18663 END
START -3672 -10444 -4200 -7027 10276 -17706 END
START -3352 -8880 -5056 -3800 11923 -16522 END
START -3072 -6028 -4568 -719 14347 -15016 END
START -2572 -2804 -3828 118 16417 -11947 END
START -1768 -1936 -2788 854 17435 -8176 END
START -1036 -1308 -1916 3088 18002 -4246 END
START -644 -1056 -248 5149 18224 384 END
START -460 -872 2156 5301 17675 4677 END
START 104 -2116 3440 5421 16336 9757 END
START -628 -4020 4764 7914 15371 14055 END
START -1428 -5556 7468 9461 14682 17100 END
START -1776 -7508 8816 4069 12973 19627 END
START -2856 -10684 9596 -1407 11546 21786 END
START -3940 -14740 9748 546 8822 23714 END
START -4100 -16852 9864 4239 6708 23800 END
START -3504 -18000 10084 2623 5097 23478 END
START -2916 -21208 7452 -2565 3561 22555 END
START -2952 -25968 5524 -1766 2892 20266 END
START -2572 -28244 4980 2288 2108 17242 END
START -1740 -30296 4912 4494 1218 13863 END
START -1544 -32648 5708 4694 972 9857 END
START -1504 -32768 6272 2539 913 4481 END
START -1440 -31748 7112 -142 235 -399 END
START -1384 -28460 6324 -3201 -1577 -4237 END
START -2400 -25424 5904 -4697 -2639 -7102 END
START -2596 -23088 5860 -4490 -3470 -9525 END