START 1008 -20416 -2152 2256 2597 6462 END
START 2048 -22964 -2084 447 3028 5091 END
START 2816 -24608 -3772 -362 5291 2980 END
START 2424 -27448 -4120 -561 8157 1417 END
START 3836 -30048 -3888 -2238 9228 -1910 END
START 4364 -32608 -3284 -4327 9653 -5285 END
START 2660 -32000 -2412 -3934 10216 -9907 END
START 1240 -30192 696 -5244 9753 -14318 END
START -220 -26960 3940 -6012 8848 -16949 END
START -1372 -23180 6928 -5882 6182 -18307 END
START -1404 -19392 8552 -6020 2832 -19218 END
START -916 -15860 7988 -7610 289 -19150 END
START -512 -12236 6432 -9061 -912 -18712 END
START -100 -9620 5620 -8322 -1954 -18188 END
START 876 -7284 5128 -5839 -4027 -16154 END
START 1956 -4932 3836 -4541 -6200 -13283 END
START 2632 -3800 2212 -4643 -6729 -10751 END
START 3492 -2876 -136 -4070 -6267 -8452 END
START 2516 -2640 -240 -2299 -6563 -5778 END
START 2676 -1652 -1344 347 -6543 -2526 END
START 3116 -232 -2424 -462 -6112 752 END
START 3016 -952 -3396 -875 -5971 3818 END
START 2660 -1856 -4016 2015 -4799 6807 END
START 2652 -1440 -3688 5240 -3816 10442 END
START 1896 -2824 -3408 6407 -3261 14224 END
START 1324 -5564 -3880 7898 -2248 17735 END
START 96 -8496 -3588 9303 -1196 20420 END
START -1080 -11332 -3588 10336 516 21580 END
START -916 -13460 -2992 10893 2387 22517 END
START -2244 -15516 -292 13225 4540 23828 END
START -3784 -18152 3992 13621 5023 24449 END
START -4500 -20396 5304 11137 4021 24498 END
START -4568 -23576 4252 10068 2551 23790 END
START -3632 -25264 4644 12733 2385 22712 END
START -2812 -26528 5620 8773 738 21027 END
START -2200 -30352 3748 3718 -2004 19043 END
START -2144 -32740 760 119 -3198 15568 END
START -2264 -32768 -2004 -1684 -4215 11142 END
START -1948 -32768 -4376 -1766 -3313 5618 END
START -1836 -32768 -4508 -3383 -931 -453 END
START -2020 -32768 -3100 -4693 1083 -6174 END
START -2324 -30264 -1460 -5396 2083 -10680 END
START -2764 -27240 948 -4920 2137 -13215 END
START -3076 -24728 2604 -5548 375 -15330 END
START -3268 -22808 2032 -7051 -623 -16899 END
START -3712 -20744 900 -9646 -438 -17974 END
START -3956 -19100 -128 -11476 723 -18459 END
START -4600 -17336 232 -10520 1888 -18238 END
START -3888 -14920 396 -9984 1758 -17729 END
START -3052 -14440 -2232 -10241 1583 -16478 END
START -2480 -13632 -4660 -9131 3546 -15859 END
START -1916 -11948 -5792 -8053 5513 -15214 END
START -1732 -10808 -5416 -5692 7674 -13959 END
START -1124 -9280 -5364 -3581 8880 -12524 END
START -336 -8196 -5804 -2833 10523 -10727 END
START -60 -7228 -5536 -2307 12786 -9033 END
START -244 -6560 -4244 -1033 13864 -6978 END
START 272 -6356 -3424 -42 13913 -4431 END
START 984 -5904 -2556 1736 14459 -1762 END
START 1244 -5448 -1752 2168 14492 1284 END
START 1680 -5728 -1264 2078 14151 3964 END
START 1556 -6852 -476 2607 14190 6368 END
START 1260 -7196 1044 5373 13842 8693 END
START 820 -7132 2956 7665 13314 10962 END
START 356 -6308 5444 6681 13424 13174 END
START -220 -6132 7800 1713 11728 15781 END
START -356 -6204 7296 -1521 10530 18555 END
START -2040 -8388 7672 -598 8206 22104 END
START -3480 -11196 7420 4996 4263 25776 END
START -4764 -14116 7156 8545 3431 27758 END
START -6112 -18484 8064 1771 4777 27037 END
START -6808 -26800 7940 -8433 3758 23861 END
START -5916 -32768 6412 -6884 1264 19980 END
START -3248 -32768 4724 -1421 -2593 15585 END
START -1016 -32768 3200 187 -4227 9487 END