START 2412 -32768 -2820 -67 6864 6476 END
START 2484 -32768 -1672 -748 8686 236 END
START 2156 -32768 692 -29 8893 -6737 END
START 2560 -32348 3736 -1038 8565 -11649 END
START 2200 -28612 6172 -5203 8590 -15853 END
START 464 -25824 7504 -8372 6359 -18905 END
START 36 -21328 7088 -9299 3017 -20361 END
START 1516 -17848 6380 -9905 670 -20368 END
START 2644 -15172 5148 -8634 -438 -19668 END
START 2100 -12252 3984 -6297 -1459 -19266 END
START 2488 -8884 3172 -6186 -1833 -17625 END
START 2860 -6608 2960 -7636 -3013 -15751 END
START 3436 -5388 1956 -7923 -4197 -13178 END
START 3644 -3904 844 -5634 -5097 -10403 END
START 4004 -2828 -172 -3455 -4552 -7690 END
START 3956 -1520 -1164 -3066 -4150 -5084 END
START 3792 -1076 -1948 -3567 -4091 -1964 END
START 3628 -1720 -1832 -909 -4397 822 END
START 3712 -1696 -2016 2696 -5174 3692 END
START 3192 -2400 -2064 4284 -5160 6576 END
START 3320 -4008 -2756 4464 -5403 9736 END
START 3548 -5252 -3724 5271 -3999 12359 END
START 2204 -6912 -2380 6008 -2334 14409 END
START 2104 -7664 -1416 4766 -2632 16668 END
START 1412 -11124 -2776 4278 -3313 18909 END
START 724 -13444 -4108 7958 -1816 19709 END
START -276 -14404 -2536 11699 318 20342 END
START -1144 -14444 228 13445 2320 20933 END
START -2128 -15584 1776 12136 1992 23104 END
START -3380 -21184 2044 13608 1301 23244 END
START -3576 -22520 2472 17561 2793 21654 END
START -1936 -22508 3428 10429 2636 20911 END
START -1584 -26048 3536 3639 1689 19784 END
START -1224 -28592 1672 -1645 -68 18469 END
START -1728 -32752 -32 -206 -2503 15687 END
START -2540 -32768 -2540 1338 -3969 11533 END
START -2240 -32768 -4340 -1307 -3018 6275 END
START -1980 -32768 -4864 -4240 -155 -431 END
START -1520 -32768 -4212 -5677 1212 -6356 END
START -1448 -32260 -2640 -3798 2365 -11086 END
START -1500 -28436 328 -2885 2196 -14741 END
START -2380 -25488 2604 -3758 888 -17402 END
START -2612 -22268 2856 -7507 18 -18799 END
START -2640 -20212 1672 -9898 -343 -19469 END
START -2236 -18524 148 -9804 55 -19744 END
START -1936 -17192 -852 -8356 549 -19795 END
START -1492 -15460 -1912 -7004 2130 -19979 END
START -1312 -13052 -2384 -8034 4058 -19354 END
START -1084 -11928 -2764 -8941 5579 -18717 END
START -1156 -10224 -3344 -7883 7167 -17675 END
START -552 -7792 -4344 -7371 9312 -15712 END
START 72 -6188 -4960 -8666 11728 -13226 END
START 360 -5044 -3800 -7382 13164 -10454 END
START 1112 -4152 -2312 -3591 12336 -6430 END
START 1536 -4132 -2456 680 11064 -2673 END
START 1748 -4548 -2544 2183 11426 410 END
START 1380 -5064 -1632 2135 11606 2575 END
START 1372 -5568 -844 2284 11169 5351 END
START 1420 -6356 -476 3536 11346 8180 END
START 1028 -6176 844 4090 11059 10548 END
START 580 -6972 2324 3343 10250 13018 END
START -48 -8192 3604 2654 8858 15676 END
START -444 -10020 3392 1828 6879 18009 END
START -468 -10488 2964 1082 7051 19211 END
START -1940 -11656 4052 453 6897 20685 END
START -2664 -12236 5212 2171 4326 23378 END
START -2784 -13860 4020 2168 1429 25893 END
START -3572 -16196 2892 -1121 1276 26957 END
START -4176 -21560 1648 -4423 908 26561 END
START -4744 -26876 1192 -1256 310 25293 END
START -4864 -31708 1240 2184 -1065 22487 END