START 6024 -64 -316 -1334 146 3731 END
START 5688 -124 -304 -963 86 6545 END
START 4856 940 -388 -98 -1005 10301 END
START 3920 716 -36 629 -1689 13696 END
START 2996 -552 -972 1578 -1991 17932 END
START 1868 -2652 -1796 4566 -729 22169 END
START -200 -3344 -1496 8878 2121 25464 END
START -2192 -3700 944 12409 3770 28683 END
START -5440 -9192 2592 14273 2169 32767 END
START -7736 -14780 2032 15016 1632 32767 END
START -10124 -20816 4536 12820 4198 32767 END
START -10116 -25908 5352 4861 4041 30611 END
START -8680 -29652 4856 2393 2471 26847 END
START -6900 -29080 4292 3689 12 24720 END
START -5484 -27988 3636 1952 -1245 22037 END
START -5352 -29140 1888 -2800 -3104 20288 END
START -5072 -30968 -968 -4696 -3529 17054 END
START -6176 -32536 -316 -5130 -2747 13055 END
START -6016 -32768 -880 -4041 -3820 8237 END
START -5004 -32768 -3184 -3437 -3032 3306 END
START -4168 -30600 -4588 -3032 7 -1589 END
START -4816 -28536 -2220 -1845 1951 -5798 END
START -5048 -26600 204 612 1381 -8454 END
START -5268 -25200 1712 1638 331 -10735 END
START -5216 -23688 2280 -713 -550 -12842 END
START -4756 -22608 1524 -5076 -866 -14802 END
START -4684 -22568 964 -5525 -548 -15925 END
START -4312 -21256 120 -3620 -1710 -16314 END
START -4320 -20540 384 -3372 -2090 -16502 END
START -4596 -20868 860 -3975 -1426 -17844 END
START -3776 -20708 448 -7368 -1505 -18825 END
START -3280 -19292 -720 -7525 -1788 -19295 END
START -2288 -18012 -2468 -6968 -1784 -19300 END
START -1512 -16124 -3260 -5689 340 -19760 END
START -1496 -15284 -2928 -6114 1701 -19407 END
START -1036 -14104 -3024 -5362 2625 -18941 END
START -956 -12568 -2244 -4077 3145 -18023 END
START -368 -10824 -3088 -4066 3621 -16502 END
START 264 -9220 -4016 -3846 5377 -15391 END
START 816 -8200 -4772 -4294 6569 -13865 END
START 1524 -7032 -5368 -3385 8867 -12222 END
START 2240 -5428 -4608 -3152 10915 -10548 END
START 2656 -4388 -3988 -2792 11967 -7785 END
START 2868 -3812 -3548 -1022 12888 -5160 END
START 2756 -2900 -2388 -53 12695 -2264 END
START 2924 -3512 -1304 652 12270 747 END
START 3464 -3680 -1036 441 12078 3888 END
START 3092 -4280 -272 1199 13390 6656 END
START 2312 -4680 1568 819 13384 9381 END
START 1772 -6012 3012 840 12703 12147 END
START 1608 -6416 4172 59 10624 15072 END
START 976 -7236 4348 -133 8669 18011 END
START 208 -9624 4140 -24 7576 20821 END
START -1040 -11764 4900 3441 7617 22401 END
START -1680 -11228 6316 1105 6637 23895 END
START -2788 -12132 7036 -4239 4890 25377 END
START -2188 -14672 3872 -7937 2456 27253 END
START -2184 -17000 896 -7898 2348 28197 END
START -3280 -19724 96 -8423 2605 27698 END
START -5780 -24128 2960 -5951 1031 27483 END
START -7952 -28152 5004 -1334 -3735 26649 END
START -10052 -32768 4972 1613 -7793 24380 END
START -8800 -32768 1924 -1565 -11052 18882 END