START 3704 -6148 -1220 7 -528 7661 END
START 2724 -5836 -1844 3053 -739 10733 END
START 1980 -6416 -1688 4016 -594 12963 END
START -308 -6300 -468 6461 -577 14802 END
START -2132 -7548 1888 9793 -1940 17104 END
START -3344 -8940 2224 11231 -3624 21038 END
START -4304 -12628 696 12339 -3168 23095 END
START -4768 -15484 40 13438 -2003 23787 END
START -4544 -17448 724 13894 -880 23703 END
START -4224 -19124 1632 12262 -1037 23281 END
START -4684 -22456 1684 8740 -1355 23266 END
START -5596 -26920 1880 6966 -1313 21987 END
START -6192 -29724 2596 6196 -2656 19634 END
START -5180 -31560 2868 2856 -3787 16518 END
START -4676 -32768 880 -2674 -4381 12311 END
START -3328 -32768 -1948 -6538 -4996 7755 END
START -2972 -32768 -4936 -7626 -4466 2864 END
START -2508 -32768 -6676 -6878 -2318 -2139 END
START -2656 -30600 -6012 -6664 994 -6814 END
START -3740 -27948 -3276 -7526 2789 -10494 END
START -4476 -25208 -1416 -8257 2953 -12969 END
START -4780 -23700 -1172 -8069 2822 -14649 END
START -4912 -21860 -1760 -8258 3043 -16046 END
START -4992 -20264 -1636 -6608 3664 -17089 END
START -4752 -17844 -1216 -6374 3813 -17695 END
START -4036 -16316 -1560 -6549 3943 -17552 END
START -3644 -14608 -1520 -5904 5221 -17270 END
START -3156 -13068 -652 -5318 5901 -16265 END
START -2728 -11760 -408 -5024 5384 -14796 END
START -1756 -11832 -2188 -5162 5008 -13870 END
START -1268 -10280 -3560 -4726 6792 -12894 END
START -652 -8928 -3840 -6107 8695 -11287 END
START -212 -8816 -3988 -5190 9738 -9749 END
START -12 -8248 -3440 100 10217 -7673 END
START 560 -6972 -3276 2402 9471 -5253 END
START 820 -6516 -3304 2400 10313 -3450 END
START 976 -6380 -2400 2539 11555 -1286 END
START 856 -6148 -712 2986 11494 1217 END
START 788 -6400 824 3604 10201 3555 END
START 816 -6904 1336 4064 8919 6566 END
START 848 -7816 1580 4267 9070 8361 END
START 536 -8376 1948 3015 8793 10565 END
START 64 -9588 2356 2840 7650 13010 END
START -40 -10512 2600 5273 6547 15256 END
START -688 -11424 2560 6999 6484 16697 END
START -1396 -11860 3644 6015 6872 17985 END
START -2028 -12688 4212 1428 6562 19030 END
START -3088 -14376 4092 -1299 5845 20071 END
START -3860 -16736 3176 -956 4599 20940 END
START -4776 -19168 2980 1118 3048 21509 END
START -5672 -23988 2300 2642 1003 21670 END
START -5080 -29160 704 3892 210 19931 END
START -3544 -32768 -452 321 240 15489 END
START -2492 -32768 8 -3524 199 9292 END