START -6100 -10776 -708 3826 9136 -259 END
START 1268 -28472 1308 4265 8786 6851 END
START 1496 -31376 2540 503 9445 3259 END
START 2596 -31948 3768 -5225 8949 -1353 END
START 3796 -30656 3632 -7911 8444 -5855 END
START 4148 -28920 4400 -6224 8572 -9368 END
START 3748 -26672 5800 -3441 7417 -12217 END
START 3632 -24840 6828 -3389 6325 -14781 END
START 2680 -22132 7352 -5915 4994 -17277 END
START 2936 -20964 8028 -7523 2360 -19063 END
START 2808 -18932 7572 -6316 192 -19941 END
START 3208 -16364 6868 -5549 -2332 -19680 END
START 3880 -14736 5180 -6849 -4020 -19089 END
START 3604 -13892 4700 -5700 -5411 -18972 END
START 4448 -11772 3852 -2932 -7056 -17921 END
START 4920 -10548 1836 -2790 -8028 -16628 END
START 5172 -9424 536 -2063 -6860 -15237 END
START 5368 -8216 344 -1888 -6726 -13940 END
START 4844 -6432 -40 -1446 -7521 -12247 END
START 5900 -5096 -524 -2047 -8693 -9748 END
START 5832 -3852 -1904 -2422 -7044 -7620 END
START 5868 -2768 -1688 -3636 -5390 -5098 END
START 4996 -2488 -1836 -2702 -7270 -1811 END
START 5088 -2668 -3180 852 -7123 882 END
START 5260 -2520 -4248 2130 -6127 4730 END
START 5220 -2604 -4208 1739 -4160 7537 END
START 4456 -3248 -2768 178 -4430 10371 END
START 4508 -4516 -3264 1575 -5088 13234 END
START 3272 -5112 -4320 3721 -4349 16050 END
START 2452 -7080 -4704 4259 -3171 18567 END
START 1160 -8560 -4308 5109 -1663 20841 END
START 624 -10972 -3332 4478 -411 22569 END
START -828 -13056 -2092 4408 1500 23629 END
START -2036 -14336 820 3223 2250 24560 END
START -3988 -18872 2584 4729 -121 25278 END
START -3532 -23344 328 10452 -1676 24763 END
START -1968 -25580 -2136 12099 -1503 22926 END
START -532 -27124 -2584 9897 1402 20309 END
START 988 -29748 -780 6186 383 17264 END
START 2876 -32376 -2072 8811 -1356 14099 END
START 3356 -32768 -2912 8034 -2364 10450 END
START 3412 -32768 -4300 2796 -2255 5570 END
START 3724 -32768 -4608 -3056 -2704 374 END
START 3368 -32584 -5268 -4887 -2295 -4578 END
START 2960 -30188 -6112 -4019 -518 -8594 END
START 2020 -26976 -4488 -4789 827 -11717 END
START 1756 -26056 -2936 -5640 666 -14258 END
START 788 -24632 -2908 -4338 686 -16692 END
START 52 -22884 -4540 -4306 1665 -18397 END
START 8 -20156 -3944 -5118 3721 -19990 END
START -832 -16908 -1776 -6009 4896 -20692 END
START -592 -15220 -852 -5180 5203 -20249 END
START -524 -12656 -816 -3958 5387 -18935 END
START -408 -10308 -860 -4932 6120 -17113 END
START -76 -9908 -1680 -5572 6297 -14947 END
START 168 -9076 -1812 -2506 7292 -12917 END
START 816 -8228 -1976 -649 7169 -10618 END
START 1252 -6724 -2024 -172 8211 -8616 END
START 1836 -6268 -1652 -1486 8988 -6282 END
START 2232 -5780 -2176 -2338 9254 -3665 END
START 2380 -6016 -2496 -17 9494 -397 END
START 2232 -6260 -2196 2638 10212 2274 END
START 2304 -6316 -1300 3173 10368 4988 END
START 2196 -6708 -352 2200 10947 7241 END
START 2204 -6264 1128 127 10664 9526 END
START 1832 -5948 1668 -2273 10021 12776 END
START 708 -7564 2936 -113 9325 15739 END
START -112 -9160 4124 3371 7271 18558 END
START -684 -9180 4628 3849 5323 21048 END
START -1024 -10000 3348 -672 4377 23416 END
START -1852 -13412 2736 -2631 4882 25060 END
START -3376 -16000 4336 62 3719 26384 END
START -3924 -19276 5628 562 1766 26766 END
START -5080 -25996 5024 -448 51 25662 END
START -4700 -32768 3140 3246 -1060 22116 END
START -1224 -32768 2792 4879 -760 16137 END
START 1020 -32768 3760 2242 -490 9931 END