START 1916 -6008 1508 2856 877 5959 END
START 712 -5188 1060 3009 703 8802 END
START 20 -6484 804 5034 1192 11286 END
START -180 -6828 388 5508 1277 13714 END
START -536 -7796 440 5512 1640 15708 END
START -1140 -8876 1348 6286 1851 17501 END
START -1928 -11516 2120 7288 1220 19572 END
START -3152 -14956 1592 9726 179 20975 END
START -3388 -17324 1668 11814 598 21325 END
START -4140 -18028 3956 11469 1883 20756 END
START -4592 -18880 5556 8493 1389 20788 END
START -4652 -21024 4744 5017 -573 20874 END
START -5012 -24516 3196 4694 -1333 20350 END
START -4532 -26012 2024 4695 -1977 18877 END
START -4104 -26292 1632 1521 -904 15991 END
START -4144 -26176 2848 -3341 391 12619 END
START -4700 -27312 3384 -5850 -1081 10038 END
START -4396 -28724 1600 -2235 -2486 7026 END
START -3664 -27092 784 -2076 -1844 3413 END
START -3588 -26936 644 -4042 -1094 -189 END
START -3220 -26332 340 -3993 -620 -3324 END
START -3016 -24980 884 -4068 237 -6075 END
START -3252 -24164 2488 -3967 331 -8433 END
START -3636 -23284 3032 -5064 -1173 -10042 END
START -4152 -23100 2448 -5890 -2088 -11575 END
START -4700 -22116 1676 -6570 -1384 -13232 END
START -4464 -21232 932 -7788 -752 -14756 END
START -4376 -20324 864 -7612 -1000 -15722 END
START -4224 -19608 356 -6715 -1232 -16274 END
START -4324 -18336 -592 -6891 -638 -16734 END
START -3904 -17600 -868 -7309 620 -17306 END
START -3560 -16848 -780 -7034 1338 -17468 END
START -3488 -15832 -664 -6525 1640 -17235 END
START -3236 -14764 -924 -5917 1837 -16694 END
START -2644 -13692 -1776 -6114 1782 -16086 END
START -1632 -12644 -3724 -5961 2619 -15146 END
START -996 -10832 -4716 -5835 5364 -14559 END
START -336 -9156 -4348 -5441 7786 -13515 END
START 524 -8192 -3704 -4369 8930 -11652 END
START 1400 -7668 -2728 -2571 9122 -9197 END
START 2124 -7072 -2108 -1186 9012 -6683 END
START 2984 -6772 -2424 -1841 8857 -4540 END
START 3500 -6228 -2564 -2288 9758 -1995 END
START 3388 -6600 -2088 -2216 10541 718 END
START 3316 -7740 -1188 264 10799 3313 END
START 3328 -8196 -560 2228 10911 5185 END
START 3500 -8016 248 3047 11242 6984 END
START 3000 -7468 1712 3524 11598 8720 END
START 2400 -6868 2980 3072 11334 11040 END
START 2084 -6708 3604 973 10145 13734 END
START 1580 -8280 3652 632 8868 16625 END
START 524 -10272 3388 3400 8553 18909 END
START -208 -11528 4344 6409 8368 20219 END
START -824 -11472 4628 5891 7354 22122 END
START -944 -14372 3072 3568 6489 23778 END
START -2556 -18268 3824 4516 6682 24274 END
START -4104 -22956 6684 7512 5156 24117 END