START 292 -15600 -4260 734 7376 9261 END
START 340 -16728 -3688 4793 8032 10391 END
START -416 -19416 -3520 7336 7776 11035 END
START -820 -25396 -2700 7931 8754 9481 END
START -368 -30464 -480 5764 10018 5538 END
START 1304 -32668 988 -2781 11057 -27 END
START 1224 -32768 2488 -9102 11177 -5218 END
START 216 -32768 3920 -7865 9229 -9371 END
START -152 -32768 5288 -5578 7448 -13773 END
START -736 -30764 6292 -4804 7482 -18492 END
START -1288 -25912 7572 -6858 6963 -21539 END
START -1416 -21212 8276 -7936 5347 -23304 END
START -428 -17224 7868 -8502 2289 -23212 END
START -460 -13800 6928 -6865 -301 -22398 END
START -288 -10104 5812 -5660 -2036 -21108 END
START 132 -7400 4856 -5469 -3047 -19495 END
START 604 -4588 4572 -4951 -3581 -17349 END
START 1216 -2416 3312 -5009 -5100 -14370 END
START 1816 -844 2452 -4962 -6259 -11214 END
START 2232 516 1420 -4052 -7021 -7569 END
START 2228 1652 660 -2029 -6929 -3895 END
START 2304 2264 364 -747 -8128 240 END
START 2144 1608 -412 -104 -9425 4452 END
START 1784 -756 -932 2925 -9887 8506 END
START 1348 -1840 -2600 5674 -8565 11975 END
START 1096 -2964 -3304 4364 -7272 14947 END
START -64 -5320 -3364 2722 -5069 17455 END
START -1732 -9228 -3544 2467 -2806 19580 END
START -2316 -11676 -3300 2829 -1225 20842 END
START -2524 -13232 -2664 3492 208 22215 END
START -3796 -15368 -1872 5093 1167 23906 END
START -4572 -18744 -2844 7147 418 25622 END
START -3408 -23544 -5276 9788 369 26619 END
START -2928 -28424 -5984 15873 2598 25632 END
START -2444 -29808 -2364 18989 4890 22944 END
START -2124 -32396 376 11111 4435 18914 END
START -1248 -32768 -748 1662 1552 14731 END
START -736 -32768 -1808 111 -2129 10363 END
START 60 -32768 -3596 -1366 -4544 5263 END
START 836 -32768 -4864 -5655 -4815 -933 END
START 1456 -32768 -7180 -7221 -3155 -6565 END
START 1512 -30424 -7288 -6010 -526 -10934 END
START 232 -27372 -4240 -5230 1518 -14543 END
START -1208 -25056 -800 -5280 1043 -16452 END
START -1864 -22888 240 -5438 -455 -17590 END
START -1848 -20872 -1536 -8570 -1535 -18166 END
START -2428 -19792 -3184 -8967 -430 -18914 END
START -3100 -18560 -4288 -7321 808 -19208 END
START -3032 -16108 -4172 -3685 3815 -19326 END
START -3380 -12940 -2712 -4677 5345 -18692 END
START -2576 -11008 -2676 -6493 6020 -17607 END
START -1948 -9096 -4388 -5642 7574 -16132 END
START -1760 -7120 -4560 -4603 9082 -14043 END
START -1352 -5600 -3640 -2736 9765 -11385 END
START -1160 -4432 -3348 1017 10315 -8086 END
START -384 -3172 -2944 1929 10773 -5033 END
START -320 -2732 -1928 2136 10817 -1663 END
START 204 -3016 -1548 4121 10897 1938 END
START 176 -3852 -416 4388 10618 5122 END
START 340 -4004 1012 4165 10084 8043 END
START -96 -4492 2484 2913 9109 11061 END
START -616 -5736 3288 2724 7522 14325 END
START -696 -7448 2824 1693 5539 17552 END
START -1248 -9328 1760 2541 5547 19785 END
START -2068 -10216 2324 2280 5543 21499 END
START -3108 -11004 3720 3733 5247 23591 END
START -3656 -11272 4204 4591 4323 26548 END
START -4684 -10952 5012 2477 3716 29305 END
START -7768 -16960 5676 -1108 2031 30849 END
START -8548 -23188 2168 -2614 -909 31038 END
START -8404 -31120 -776 -661 -1772 28871 END
START -8376 -32768 -1428 546 -663 23725 END
START -6524 -32768 -3484 -6096 -581 15379 END