START -468 -32768 2160 -4013 10199 2928 END
START 536 -32768 2640 -3256 7999 -881 END
START 1420 -32768 2368 -1037 6694 -6054 END
START 2500 -30752 2064 -2084 7274 -10698 END
START 1848 -27948 3856 -3092 7357 -14758 END
START 1156 -25064 5124 -3320 5911 -17399 END
START 1436 -21284 5672 -3879 4362 -18826 END
START 1456 -18808 6120 -4210 3257 -19487 END
START 1260 -17164 6708 -3851 771 -19471 END
START 1144 -14592 6456 -3211 -1777 -18763 END
START 1980 -12920 5172 -3800 -3721 -17835 END
START 2348 -11268 4948 -3420 -4189 -17115 END
START 1864 -9720 4976 -2335 -5555 -16178 END
START 3052 -7508 3952 -3424 -7195 -14380 END
START 3820 -5728 2780 -4778 -7974 -12689 END