START -5136 -9076 -2172 9970 6324 6114 END
START 428 -22688 -2828 8129 5840 13794 END
START 1896 -26208 -5076 5196 8988 11844 END
START 1836 -31144 -3764 4290 13741 8063 END
START 3396 -32768 -748 1034 13303 2159 END
START 4460 -32768 1132 -2423 12104 -3840 END
START 4248 -32768 3792 -3154 10149 -9401 END
START 3728 -32768 5632 -4438 8174 -13559 END
START 2176 -31168 7956 -8087 6414 -17824 END
START 1400 -26936 9592 -10293 4781 -21396 END
START 52 -22012 10232 -10855 2979 -22860 END
START -520 -18260 10456 -9525 566 -22947 END
START 216 -14380 9564 -8872 -2445 -22499 END
START 748 -11192 8040 -8523 -5033 -20968 END
START 872 -9472 6072 -6820 -6643 -19444 END
START 1444 -7444 3852 -4508 -6472 -17498 END
START 2292 -5072 2908 -5331 -6641 -15876 END
START 2168 -3548 1924 -5701 -7271 -13386 END
START 2756 -2168 1184 -4500 -6926 -10515 END
START 2800 -944 296 -2994 -7342 -6866 END
START 2692 -1360 -1428 -1826 -7112 -3668 END
START 2784 -1804 -1860 641 -7071 -892 END
START 3000 -2080 -2572 3559 -7338 2480 END
START 3604 -2152 -3360 3933 -6827 5708 END
START 3780 -3272 -3964 3088 -5648 8695 END
START 3248 -4348 -4324 985 -4859 11865 END
START 2780 -6164 -3664 2756 -3332 14054 END
START 1540 -7092 -2984 7198 -2760 17128 END
START 68 -8732 -2684 9464 -1676 19745 END
START 24 -12224 -4080 7799 -1803 22080 END
START 480 -17480 -5784 7089 615 22444 END
START -212 -21028 -3504 11453 4525 21763 END
START -1060 -22436 2112 16260 5168 20657 END
START 348 -22592 4376 12758 3581 19608 END
START 1560 -25104 2644 5689 2011 18480 END
START 2424 -26580 2764 6888 2060 16530 END
START 4040 -27440 3988 6834 -1511 15142 END
START 5396 -30984 1012 6129 -5109 12968 END
START 5996 -32768 -3784 2125 -5576 8911 END
START 5716 -32768 -5588 -2679 -4439 3242 END
START 5248 -32768 -6796 -4354 -3285 -2495 END
START 4812 -32768 -7096 -4826 -1399 -7829 END
START 3876 -29968 -5292 -4814 897 -12130 END
START 2100 -27008 -2708 -5042 1804 -14888 END
START 704 -24116 -992 -6162 1796 -17153 END
START -60 -21176 -968 -7044 1641 -18560 END
START -212 -18816 -2492 -7358 2503 -19129 END
START -936 -16060 -2064 -6647 4121 -19238 END
START -1064 -13848 -1548 -5725 4529 -18370 END
START -808 -11548 -1636 -4641 5678 -17263 END
START -804 -9276 -1668 -5053 7167 -15422 END
START -56 -7320 -1912 -5533 7772 -13257 END
START 716 -5896 -2556 -5707 8013 -10344 END
START 1064 -5024 -3440 -4213 9619 -7301 END
START 1320 -4384 -3004 -1828 10993 -4380 END
START 1132 -3284 -1628 311 11901 -868 END
START 1148 -2856 -372 1626 12007 3019 END
START 612 -3404 1116 2875 11852 6624 END
START -268 -3268 3100 2932 11158 10463 END
START -1648 -4480 3836 2123 9187 14186 END
START -2284 -6220 4336 2141 7142 17764 END
START -3088 -7780 4116 2313 5248 20839 END
START -3676 -8544 3800 580 4705 23107 END
START -5164 -11712 4120 1319 3568 25422 END
START -6812 -16800 4428 7378 2936 27372 END
START -6252 -22408 6000 12112 3717 27393 END
START -3632 -26020 6692 8964 5034 24858 END