START 2164 -1924 1008 5064 763 13590 END
START 1448 -2688 828 5503 -274 18281 END
START 300 -5648 576 7036 -2167 21928 END
START -652 -9040 -464 9079 -4053 24441 END
START -2424 -12932 -1068 11699 -3430 25561 END
START -3348 -15920 -604 11328 -625 25370 END
START -4224 -19116 1152 8411 4 24090 END
START -3764 -21820 1120 7534 -394 23535 END
START -3008 -24004 -136 8104 -282 23171 END
START -2816 -24540 508 9224 796 21649 END
START -3064 -25180 3380 8733 64 20072 END
START -2756 -24704 5220 5338 -2201 19628 END
START -3800 -25912 4608 209 -5206 18895 END
START -3932 -29000 704 -2225 -8642 17254 END
START -3628 -30836 -4696 -3118 -9487 14367 END
START -3000 -31408 -7468 -4037 -6159 9519 END
START -3068 -31288 -7036 -5237 -2611 4064 END
START -2704 -30128 -6192 -5292 -225 -509 END
START -3120 -28640 -5700 -4895 1724 -4360 END
START -3660 -25964 -4300 -3609 3790 -7929 END
START -3940 -23960 -2132 -3712 4652 -10413 END
START -4216 -22780 28 -3461 4408 -11858 END
START -4124 -21480 440 -4475 3104 -12762 END
START -3588 -21364 -256 -4038 2429 -13781 END
START -3320 -20608 -656 -3687 2306 -14892 END
START -3568 -19996 -448 -4518 2282 -15681 END
START -3080 -18712 -328 -5336 2156 -16281 END
START -2788 -18064 -620 -5613 1720 -16493 END
START -2520 -17220 -1420 -5261 1460 -16283 END
START -2412 -16236 -1908 -4657 2598 -16134 END
START -1952 -15348 -2716 -4300 3652 -16178 END
START -1036 -14616 -3380 -4997 3949 -15925 END
START -876 -13824 -4892 -4371 4638 -15019 END
START -264 -11656 -6032 -4536 6589 -14597 END
START 428 -9716 -5820 -5111 9182 -13581 END
START 848 -8728 -5700 -5148 10417 -11611 END
START 1188 -7584 -4524 -1747 11132 -9557 END
START 1536 -6952 -3540 522 11035 -7103 END
START 1396 -5980 -2240 2381 11025 -5000 END
START 2192 -5556 -2364 1558 10837 -2220 END
START 2284 -5244 -2152 457 11707 151 END
START 2524 -5256 -948 -409 11961 2632 END
START 2024 -5476 696 1809 11545 5485 END
START 2032 -5280 1328 4092 10214 8976 END
START 1632 -6028 2240 4320 8878 12043 END
START 1192 -7232 3252 4398 7516 14840 END
START 736 -8236 3672 5509 6806 17469 END
START 372 -9176 4272 6343 6175 19362 END
START -584 -10524 4948 6388 4734 21618 END
START -1416 -11644 5724 7036 4328 23265 END
START -2408 -13256 6352 4360 4230 24363 END
START -2836 -15308 5476 443 3990 24637 END
START -4112 -17944 5740 762 3472 24843 END
START -4956 -20120 6304 3972 1551 25286 END
START -5404 -20940 7388 4419 -674 25397 END
START -5876 -25328 5400 -4899 -3132 24419 END