START 2860 -2572 -712 2711 3813 562 END
START 2824 -732 96 2569 3051 5468 END
START 2524 -628 -172 2429 1988 9739 END
START 920 -644 -380 3200 1446 13705 END
START -276 -980 952 4761 1595 16558 END
START -1840 -2140 2864 5600 1562 19876 END
START -4348 -4600 3384 6761 660 24873 END
START -6000 -9268 1900 10537 246 28376 END
START -7048 -13136 1640 15255 1560 30693 END
START -6796 -16184 2908 11985 3967 31062 END
START -7132 -23724 2084 5771 3750 30249 END
START -7372 -30516 2628 9525 3767 27131 END
START -5408 -30560 4736 11664 3767 23232 END
START -3196 -30412 5832 6647 1829 20358 END
START -1732 -32768 1864 821 -437 17573 END
START -1828 -32768 460 -359 267 13082 END
START -3084 -32768 2248 -85 -119 8086 END
START -3824 -32768 4560 -968 -1313 3051 END
START -4204 -32768 4168 -5832 -2787 -2026 END
START -3776 -31732 1468 -6885 -2779 -7037 END
START -3476 -28812 540 -6035 -2189 -11168 END
START -3356 -26260 1928 -3756 -2220 -13417 END
START -4604 -24848 3784 -3989 -2846 -15769 END
START -5424 -23184 3668 -5618 -4431 -17556 END
START -5108 -20844 1536 -7799 -4738 -19067 END
START -5192 -18796 -240 -8871 -3440 -20211 END
START -4880 -17044 -1524 -8941 -2171 -21025 END
START -3848 -15140 -2848 -7584 -884 -20903 END
START -3160 -12872 -4288 -7861 814 -18841 END
START -2884 -11340 -4344 -7031 4178 -17877 END
START -1980 -10376 -3724 -7350 5879 -16327 END
START -2116 -10308 -3448 -4796 5982 -13909 END
START -1368 -9024 -3624 -1930 6292 -11709 END
START -540 -8628 -4532 -2324 7690 -9874 END
START -148 -8476 -4600 -2905 10997 -8661 END
START -292 -7932 -3584 -4436 13295 -7455 END
START -64 -7344 -2960 -4082 13950 -5215 END
START 852 -6636 -2892 -2921 13487 -2540 END
START 1580 -6136 -3220 -1589 14732 71 END
START 1708 -5344 -1808 -1645 16534 2324 END
START 1396 -5108 828 -908 16742 4915 END
START 996 -4620 3136 2069 15872 7968 END
START 40 -4284 5088 4072 14344 11224 END
START -620 -4448 7348 6824 12394 15671 END
START -1252 -6016 8872 4671 8529 19957 END
START -1964 -8976 7444 2269 5341 23160 END
START -3264 -11828 5920 2574 5838 24804 END
START -4460 -15684 6804 -44 5685 24823 END
START -4992 -18460 8700 2636 4550 25030 END
START -5072 -22712 8748 3802 1612 25353 END
START -3704 -27324 7204 2935 -627 22719 END
START -1804 -30136 4760 -1208 -391 18262 END
START -1728 -32768 4884 -1617 -907 13984 END
START -1628 -32768 4364 -1426 -3352 8799 END
START -1824 -32768 3248 -3109 -5316 1515 END