START 1272 -30444 932 -193 6364 4204 END
START 720 -32768 2140 343 6044 395 END
START 1732 -32768 2496 -1472 5103 -5160 END
START 3072 -31784 2744 -4285 5413 -10361 END
START 2656 -28556 3680 -6218 5909 -14158 END
START 2084 -25316 5460 -6767 5058 -16550 END
START 1748 -22540 6596 -6891 3141 -17772 END
START 1700 -20616 7200 -5909 672 -18150 END
START 1980 -17416 6340 -6131 -1545 -18139 END
START 1808 -15516 5452 -7154 -2785 -18184 END
START 1772 -13588 4772 -6728 -3580 -18045 END
START 2040 -11488 3888 -6111 -4792 -17348 END
START 2504 -9424 2580 -5068 -5585 -16009 END
START 3256 -7476 1208 -5437 -5104 -14464 END
START 3504 -6288 860 -5584 -4401 -12859 END
START 3860 -5324 1224 -2872 -5472 -10521 END
START 4512 -3976 280 -534 -6474 -7678 END
START 5144 -3064 -1324 -1280 -6057 -5183 END
START 4952 -2860 -2420 -2659 -4572 -2468 END
START 4528 -2824 -3000 -2716 -3687 -71 END
START 4528 -2936 -3488 252 -3099 2805 END
START 4368 -2524 -3256 1911 -3159 5727 END
START 4196 -2628 -3712 1908 -2673 8908 END
START 3696 -3720 -4120 1361 -1770 11859 END
START 2804 -6220 -4280 2371 -1658 14859 END
START 1796 -8304 -4108 6781 -1618 17828 END
START 1480 -9860 -3364 8429 -326 19734 END
START 484 -12768 -2928 6650 684 20978 END
START -764 -14740 -1872 5761 2304 21189 END
START -1912 -16140 68 6314 3089 21571 END
START -3332 -17264 2900 9270 2207 22163 END
START -3256 -18100 2952 10170 34 23371 END
START -3180 -20832 1248 10105 585 23448 END
START -3884 -25168 2048 9853 655 22376 END
START -3224 -28596 3800 12236 -548 20544 END
START -1928 -31832 4148 9221 -3093 17680 END
START -376 -32768 1376 2469 -4831 13500 END
START 704 -32768 -1944 -1561 -4866 7836 END
START 1444 -32768 -3704 -2955 -4243 2111 END
START 1344 -32768 -5236 -4772 -2952 -3503 END
START 328 -32768 -5200 -5788 -118 -8979 END
START -916 -30356 -3304 -5738 2258 -13474 END
START -2072 -26544 -352 -4799 2834 -16321 END
START -2676 -23584 1528 -4797 2380 -18072 END
START -2444 -21384 1384 -6049 1699 -19176 END
START -2392 -19424 352 -6917 1561 -19448 END
START -2196 -17600 -1176 -6550 2175 -19709 END
START -1876 -15536 -1440 -4993 3489 -20189 END
START -1552 -12672 -800 -4076 4471 -19561 END
START -968 -11224 -1396 -4657 4811 -18173 END
START -420 -9872 -2408 -4515 6673 -16915 END
START 828 -8640 -3444 -3581 8029 -15317 END
START 596 -6496 -2576 -2456 9475 -12855 END
START 1020 -5200 -2516 -2518 10043 -10202 END
START 1712 -4176 -2792 -2370 10662 -6993 END
START 2256 -3700 -2992 -733 11500 -3395 END
START 2480 -3224 -3068 851 12811 176 END
START 2044 -3144 -1136 2315 13634 3243 END
START 1512 -3440 184 2681 13021 7225 END
START 1232 -3944 992 3561 13255 10238 END
START -700 -4132 3424 2582 12858 13342 END
START -1800 -5608 5696 1999 10601 17129 END
START -2968 -7424 5408 -516 7792 20573 END
START -4472 -10504 4400 -1389 7111 22224 END
START -5132 -13052 4256 -1992 6617 23171 END
START -5504 -15240 3644 -3671 5782 24484 END
START -5552 -18600 3816 -1427 5871 24636 END
START -5164 -21364 5296 -49 5611 25258 END