START 5324 -2688 -1016 -2595 2969 -3598 END
START 3920 2480 496 -644 2828 4231 END
START 2940 3724 1452 1006 3062 7784 END
START 1548 4908 2524 1608 1525 12228 END
START 392 1344 2060 2740 205 17289 END
START -620 -68 628 2921 1018 21500 END
START -948 -3108 -396 2138 376 24290 END
START -3092 -5860 792 5904 -1063 27940 END
START -4404 -9932 1324 10654 -2906 31234 END
START -4908 -16056 -704 13235 -1366 32767 END
START -4736 -19808 -648 11772 2155 31117 END
START -5084 -21724 2244 7955 3148 29163 END
START -4120 -22504 4912 6433 3019 28525 END
START -3184 -24872 4628 5550 2018 28383 END
START -1996 -29116 2268 5733 1451 26978 END
START -1764 -32344 1028 5525 2092 24148 END
START -1444 -32768 2800 5792 1579 21203 END
START -1056 -32768 4896 3073 -618 17753 END
START -832 -32768 3844 -2009 -5261 13838 END
START -952 -32768 -1744 -5036 -6529 7328 END
START -584 -32768 -4228 -6589 -3690 157 END
START -772 -32768 -4360 -6308 -1666 -6297 END
START -540 -31540 -2864 -4683 -479 -10811 END
START -1856 -28608 -1256 -5366 514 -14343 END
START -3008 -26840 1180 -6540 1116 -17307 END
START -4156 -25472 3652 -5305 -1166 -19445 END
START -4180 -22876 3516 -4044 -3792 -20600 END
START -4324 -20792 2616 -5978 -4217 -21626 END
START -3768 -18452 1512 -9213 -4594 -22221 END
START -3336 -16864 -60 -9461 -4168 -22609 END
START -2512 -13900 -2408 -9506 -3104 -21820 END
START -1628 -12212 -4184 -8014 584 -21183 END
START -1092 -11100 -3184 -5552 1668 -19773 END
START -320 -10132 -4092 -2467 2549 -18904 END
START 360 -7620 -5604 -2610 4633 -16664 END
START 672 -6020 -6608 -5025 8366 -14832 END
START 796 -4396 -6348 -5950 12524 -12665 END
START 1208 -2676 -5252 -4793 13622 -9184 END
START 1056 -1948 -4396 -911 14867 -4749 END
START 1056 -2028 -3376 1545 15537 -235 END
START 1008 -2376 -1568 4489 17410 2917 END
START 640 -2564 900 5109 15693 6579 END
START 404 -3324 1980 3630 14306 10323 END
START -200 -4672 3424 2772 13022 13795 END
START -996 -6504 4140 4166 12019 17002 END
START -1696 -7964 6152 5229 9646 19659 END
START -1908 -8872 7160 2446 5791 22701 END
START -3020 -10952 7324 2730 4296 24837 END
START -3372 -12000 8216 387 2427 26690 END
START -3484 -13288 7704 -4767 -242 27943 END
START -3604 -15412 5028 -7559 -1502 29513 END
START -4852 -20800 3976 -6320 -1084 30399 END
START -5644 -28076 5272 -688 -4071 30152 END
START -5840 -32768 7176 2497 -9861 26978 END
START -5192 -32768 -660 -1142 -9236 19363 END
START -2492 -32768 1048 -9769 -3745 8454 END
START -624 -32768 1616 -13291 -4894 267 END