START 2308 -26020 -4620 10374 4149 10688 END
START 3552 -25544 -5972 1561 4310 9850 END
START 2032 -30012 -5520 -4358 8126 5759 END
START -268 -32768 -2512 -1746 8689 1367 END
START 408 -32768 -1328 -1211 6896 -3384 END
START 428 -31696 -52 -5408 7306 -7872 END
START 292 -30276 544 -9011 8739 -12187 END
START 300 -26900 1540 -9268 9470 -15383 END
START 556 -23228 2244 -9286 8829 -17696 END
START 468 -20488 3300 -7695 7628 -18858 END
START 872 -17640 3780 -5412 5752 -18646 END
START 1300 -14720 4060 -5687 3776 -18532 END
START 1804 -13292 3488 -6693 1424 -17999 END
START 2500 -11888 3384 -4447 90 -17219 END
START 2572 -9364 2448 -3426 -1296 -15622 END
START 4008 -7768 1912 -3953 -2143 -13966 END
START 4176 -6652 1348 -4711 -3099 -12287 END
START 4364 -5944 208 -4118 -3771 -10434 END
START 4848 -5128 -492 -1424 -3987 -8222 END
START 5148 -3672 -976 -809 -4561 -6068 END
START 5208 -3808 -2060 -1285 -4827 -3707 END
START 4920 -3668 -2492 174 -4070 -1525 END
START 4776 -3764 -2476 2357 -4631 980 END
START 5004 -3988 -3240 3781 -5070 3975 END
START 4596 -5060 -3464 4373 -4646 6428 END
START 4620 -5956 -3632 3996 -4879 8881 END
START 3780 -7452 -4008 3946 -4733 10941 END
START 3100 -9176 -3892 5115 -4239 12493 END
START 2772 -9872 -3920 5895 -3725 13793 END
START 2060 -10844 -3160 5899 -3565 15433 END
START 1696 -12568 -3460 5716 -3490 16963 END
START 1384 -14764 -3956 5500 -3309 18047 END
START 72 -18148 -4020 6770 -2059 18228 END
START -372 -18012 -3836 8177 -262 17598 END
START -924 -17480 -1804 8890 1520 17316 END
START -1360 -17496 -184 6843 1897 17576 END
START -2056 -19432 272 6273 992 18279 END
START -2176 -22040 224 10017 -328 18323 END
START -2196 -23648 384 13478 -1818 17615 END
START -960 -24128 -336 10918 -2416 16352 END
START -636 -25720 -876 3397 -2167 13953 END
START -820 -27344 -1504 -1823 -2516 11095 END
START -1124 -28592 -1292 -1366 -4216 8799 END
START -1024 -29496 -2828 -1507 -5831 6221 END
START -1288 -30608 -4724 -2845 -5174 2515 END
START -1232 -30688 -6248 -4034 -2663 -1774 END
START -1272 -29224 -5976 -4324 219 -6171 END
START -1284 -27376 -4252 -3097 1775 -9638 END
START -1796 -25424 -2276 -2737 2493 -12193 END
START -2076 -23680 -1228 -4679 2368 -14320 END
START -2684 -21908 -688 -6445 2372 -16096 END
START -2320 -20940 -2388 -6952 2503 -16886 END
START -2200 -19336 -2668 -5390 3689 -17669 END
START -2224 -17860 -2220 -5097 4443 -17911 END
START -2296 -15392 -2480 -4959 5114 -18135 END
START -1772 -13748 -2740 -5968 5783 -17723 END
START -1064 -11560 -2792 -5664 6896 -16365 END
START -636 -10392 -3704 -5113 7336 -14650 END
START -332 -9024 -4392 -3269 8786 -12966 END
START -48 -7816 -4404 -2240 10145 -11139 END
START 124 -6756 -4020 -1947 11293 -8700 END
START 548 -6124 -3700 -1291 12304 -6362 END
START 468 -5832 -2608 941 13087 -3474 END
START 1040 -5696 -1560 1594 12958 -662 END
START 1372 -6128 -1104 1207 12760 2006 END
START 1464 -6512 -544 2190 12808 4501 END
START 1808 -6988 88 2108 12636 7097 END
START 1408 -7276 1340 2310 13243 9323 END
START 880 -6684 3536 804 13051 11534 END
START 784 -6860 3656 -3424 11342 13914 END
START 728 -6332 2888 -6784 10166 16822 END
START 132 -6972 2308 -8914 9350 19982 END
START -1896 -9292 2392 -8235 7887 23643 END
START -3272 -14088 2348 -1125 5141 27012 END