START -2200 -13692 -3660 6016 4633 24665 END
START -4044 -14676 -928 8516 6651 25033 END
START -5004 -17840 1512 9327 5174 26239 END
START -5720 -22060 2816 13322 3825 26855 END
START -5580 -26204 3200 15308 1924 26369 END
START -4156 -29440 3288 13765 182 24377 END
START -3000 -32768 2312 6144 -302 20347 END
START -2460 -32768 1728 -1849 -1823 15323 END
START -1880 -32768 -912 -2768 -4292 10060 END
START -1308 -32768 -4828 -1836 -4365 3513 END
START -420 -32768 -5776 -3273 -1537 -3317 END
START -436 -32600 -4312 -4028 1714 -9565 END
START -2264 -28036 -1280 -3958 3229 -13836 END
START -3028 -25024 2024 -2105 2935 -16316 END
START -3564 -21584 3712 -2266 1904 -17814 END
START -2904 -18584 3268 -4873 488 -18548 END
START -2888 -18428 2644 -5400 -545 -18614 END
START -2640 -17352 884 -4054 -901 -18813 END
START -2020 -14596 1124 -3399 -284 -18744 END
START -1084 -13820 1600 -3792 -443 -17627 END
START -436 -12640 2472 -3353 -1008 -16718 END
START 76 -11616 2720 -3427 -2267 -15339 END
START 908 -10552 1732 -4669 -3844 -13197 END
START 2040 -11424 -1136 -5293 -4113 -11271 END
START 3140 -11284 -2576 -3405 -2132 -10340 END
START 3952 -11236 -2308 -3271 -2060 -8896 END
START 4964 -13012 -3332 -1727 -1660 -7526 END
START 5552 -14912 -4796 435 -379 -7074 END
START 5432 -13872 -5852 -2011 1912 -7225 END
START 5768 -14284 -6112 -4415 4614 -7604 END
START 5716 -12816 -6272 -3837 7884 -7838 END
START 4956 -10300 -6460 -4815 10933 -7254 END
START 4828 -8540 -5140 -5910 12671 -6364 END
START 5000 -6604 -3732 -5210 13456 -3666 END
START 4472 -5588 -2072 -2917 13377 -431 END
START 3744 -4772 -1176 238 13162 2909 END
START 3292 -4812 224 1251 11887 6560 END
START 2452 -5632 1232 2153 11165 9106 END
START 1208 -4616 2440 2428 11912 11516 END
START 788 -5280 3744 -844 9924 14222 END
START -104 -6940 2912 -2608 7812 17741 END
START -852 -9376 2912 1337 7232 20207 END
START -1508 -10944 3992 5435 5400 22861 END
START -1744 -11400 4980 6991 4365 25088 END
START -2328 -13196 4352 3786 4539 26226 END
START -3788 -15836 5256 -1778 5032 26343 END
START -4988 -19456 6612 -2934 2925 26174 END
START -5548 -24748 6860 2038 -1973 26531 END
START -5188 -28080 5608 6301 -5968 25854 END
START -5512 -31400 3960 4498 -6610 22435 END
START -4036 -32768 3760 -1612 -5405 15805 END