START 808 -15824 -1392 337 3536 5474 END
START 1120 -17056 -1424 -5 3765 6307 END
START 1592 -19064 -1904 1150 4464 5644 END
START 2528 -21548 -2544 1412 4561 4476 END
START 3668 -28084 -2884 1904 4994 2156 END
START 4476 -31392 -1940 1768 5926 -1869 END
START 3508 -31900 908 -626 6907 -6283 END
START 2592 -30784 3712 -5324 6927 -10621 END
START 1212 -28364 6640 -6489 5503 -13550 END
START 972 -24636 6708 -5580 2659 -15544 END
START 1380 -20552 5936 -6205 901 -16666 END
START 1728 -16708 4796 -7382 -414 -17390 END
START 2028 -13776 4376 -7076 -2084 -16980 END
START 1972 -10636 3288 -6132 -3660 -15325 END
START 2104 -8780 1876 -5894 -4182 -13855 END
START 2280 -7196 1056 -4686 -3538 -12275 END
START 2612 -5032 808 -4230 -3701 -10359 END
START 3300 -3488 524 -3854 -4772 -7601 END
START 3740 -2868 -740 -4260 -5530 -4619 END
START 3708 -1856 -1700 -2814 -4023 -2051 END
START 3452 -716 -1736 -3004 -3676 948 END
START 3216 -1164 -2676 -3063 -3877 4352 END
START 2648 -1960 -3288 -230 -3539 8555 END
START 2064 -3204 -3084 3125 -2880 11822 END
START 1496 -4256 -2204 3983 -1848 14733 END
START 224 -6020 -704 3959 -1614 17377 END
START -976 -9456 -1192 4088 -3518 20244 END
START -1952 -13772 -3020 7878 -3136 21569 END
START -3280 -15972 -1944 10214 -1203 21614 END
START -4200 -17820 404 9022 914 20711 END
START -4172 -18400 1928 6827 817 20116 END
START -3124 -20612 504 5450 -594 20305 END
START -2944 -21136 -372 7291 93 19760 END
START -4248 -21936 1016 7781 897 18737 END
START -4648 -22840 1816 5595 -248 17989 END
START -4544 -24724 36 2868 -2346 17469 END
START -4224 -28032 -1732 4985 -3571 16391 END
START -3804 -30384 -2844 4003 -3741 13481 END
START -3784 -32488 -3320 -442 -3211 9005 END
START -2712 -31648 -4608 -4153 -2091 3930 END
START -1968 -30464 -5424 -4061 -594 -108 END
START -2080 -29116 -4928 -2288 914 -3602 END
START -2864 -28168 -2980 -1933 1975 -6703 END
START -3836 -27904 -464 -499 1685 -9598 END
START -3660 -25796 336 -1303 930 -12283 END
START -2948 -24296 408 -4416 1042 -14543 END
START -3032 -23656 692 -5366 351 -15803 END
START -3136 -22488 -216 -5943 -1100 -17255 END
START -2972 -20492 -1748 -7542 -681 -18485 END
START -2996 -19188 -3284 -8642 193 -18965 END
START -3028 -18368 -4048 -7114 1755 -18991 END
START -3228 -16420 -4040 -3776 3384 -18804 END
START -3716 -14352 -3536 -3093 4748 -18418 END
START -3360 -12832 -3136 -4802 6447 -18081 END
START -2896 -12252 -3316 -5501 7507 -17324 END
START -2448 -10536 -3720 -3511 8557 -16235 END
START -1824 -8572 -3972 -1943 10065 -14767 END
START -1048 -6400 -3648 -2241 11676 -12879 END
START -436 -5192 -3200 -2184 13108 -10693 END
START 28 -4556 -2500 198 13164 -7838 END
START 1080 -2940 -1608 3255 12813 -4347 END
START 2020 -1888 -1020 2401 12705 -777 END
START 1904 -2680 960 2359 12484 2940 END
START 1600 -3164 2468 5726 11222 6882 END
START 1672 -3188 3408 6644 9467 10720 END
START 1264 -3548 3868 5693 9282 13517 END
START 188 -4152 5072 2970 8850 16260 END
START -1084 -4792 5344 1061 6988 20219 END
START -2420 -7320 5680 4437 5546 24404 END
START -3612 -8888 5624 7010 4412 27774 END
START -4012 -11988 4520 3325 4301 29510 END
START -5396 -16044 3668 -738 5937 28984 END
START -7344 -21640 4544 -1464 5857 28307 END
START -8740 -28836 7400 4518 3674 26729 END
START -6960 -32528 8792 4340 734 23186 END
START -5388 -32768 8296 -2534 -1947 17653 END