START 468 -19628 -4892 4154 3279 10377 END
START 776 -23496 -6764 5090 5976 9995 END
START 2332 -26312 -6904 2996 9515 8011 END
START 2156 -31988 -4636 -198 11161 4309 END
START 3472 -32768 -2516 -2711 11944 -799 END
START 3200 -32768 -424 -5056 12327 -6112 END
START 1864 -32768 3200 -5316 11786 -10973 END
START 1300 -30332 5788 -5072 9991 -14996 END
START 1908 -25368 6548 -7330 7134 -17446 END
START 2028 -21448 6844 -8394 5674 -18611 END
START 2244 -17408 6868 -8819 3375 -18751 END
START 2236 -14852 5964 -8189 1339 -18205 END
START 2588 -12440 5320 -7207 -255 -17404 END
START 2556 -10968 5264 -6234 -1629 -16550 END
START 2536 -9628 4616 -4843 -3700 -14798 END
START 3208 -8344 3108 -5034 -4714 -13172 END
START 3588 -6784 1860 -6072 -4700 -11281 END
START 4028 -6440 1484 -5863 -5015 -9918 END
START 4172 -6100 1264 -2766 -6740 -7638 END
START 4624 -4696 -220 -1102 -8007 -4909 END
START 4568 -4140 -1104 -1387 -7085 -2875 END
START 4648 -3904 -1728 -2715 -6706 -802 END
START 4316 -5028 -2780 -1157 -7091 1401 END
START 4492 -4928 -3764 2762 -6970 4289 END
START 4976 -4576 -3988 2038 -5963 6530 END
START 4300 -4320 -3408 1292 -4653 9045 END
START 3368 -5264 -2584 1378 -4364 11860 END
START 2256 -6420 -3284 2358 -5323 15021 END
START 1348 -8696 -4576 6247 -5057 17502 END
START 164 -9052 -4140 8745 -2964 19212 END
START -1404 -10272 -2412 8612 -741 20608 END
START -2668 -12724 -1152 8273 -244 22177 END
START -2844 -15004 -768 7849 -413 23596 END
START -3508 -19696 -620 10794 -387 23718 END
START -3872 -23372 -548 14615 -848 22983 END
START -3004 -26240 -1344 12696 -778 21155 END
START -1896 -28828 -1004 8532 416 18407 END
START -932 -32328 692 6631 -1387 15533 END
START -480 -32768 16 5251 -4617 11921 END
START -68 -32768 -3168 -235 -6211 7443 END
START -16 -32768 -6616 -4478 -4665 1662 END
START 428 -32768 -8856 -6546 -2071 -3607 END
START 308 -30720 -8660 -5809 1105 -8013 END
START -604 -27696 -5756 -3245 3305 -11498 END
START -1344 -24840 -2068 -2589 3794 -13947 END
START -1732 -22360 -628 -5372 3256 -15677 END
START -1500 -20268 -588 -7467 2860 -16576 END
START -1948 -18960 -1836 -6739 2377 -16969 END
START -1708 -17280 -2780 -4893 3576 -17014 END
START -1728 -15860 -2744 -4980 4579 -17343 END
START -972 -14088 -2620 -4858 5455 -17186 END
START -720 -12996 -3500 -5287 6469 -16484 END
START -260 -11200 -3524 -4188 8472 -15280 END
START 20 -9368 -3484 -4256 9865 -13987 END
START 68 -8156 -3036 -4191 10709 -12077 END
START 260 -7424 -3332 -3397 11479 -9515 END
START 584 -6576 -3800 -2484 12693 -7266 END
START 640 -5124 -3216 -2295 13981 -4490 END
START 876 -4368 -2528 -2846 14241 -1467 END
START 788 -4524 -1048 -1719 13921 1868 END
START 684 -4416 -24 2022 12971 5448 END
START 980 -4428 1224 3515 11241 8933 END
START 632 -4880 2288 3716 9649 11983 END
START 556 -5164 2704 2466 9142 15450 END
START -716 -6812 2616 317 8337 18239 END
START -1552 -9228 3280 -497 6974 20831 END
START -2056 -10404 3048 -873 6005 23151 END
START -2872 -12220 2980 -1367 6197 24735 END
START -3220 -14396 3508 -1633 7816 26696 END