START -132 -27472 -4644 6158 10486 3168 END
START 1400 -29196 -1912 1383 10961 5746 END
START 2656 -31916 -3284 -3995 11969 1290 END
START 2368 -32768 -1700 -4470 13484 -3747 END
START 744 -32768 1468 -2859 14280 -9121 END
START -1120 -32768 5116 -3315 12645 -15139 END
START -1472 -31948 6992 -3477 10683 -19608 END
START -1264 -27028 8156 -5422 8383 -22895 END
START -592 -23572 8576 -5256 6081 -24473 END
START -508 -20100 8868 -5284 3533 -24676 END
START 300 -16928 9384 -6752 745 -24464 END
START 720 -15164 8252 -7027 -2213 -23689 END
START 1924 -13324 6364 -6341 -4301 -22561 END
START 1864 -11736 5724 -3768 -5474 -21170 END
START 2444 -10080 4832 -3625 -6961 -19466 END
START 3076 -8508 3276 -4938 -8527 -17895 END
START 3640 -7360 1976 -4483 -8614 -16482 END
START 3956 -5176 908 -2471 -8385 -14143 END
START 4960 -4024 328 -2841 -8714 -12026 END
START 5052 -3244 -76 -3475 -9223 -9490 END
START 5636 -2308 -1760 -3159 -9025 -6804 END
START 5160 -1092 -2936 -3255 -7513 -4795 END
START 4668 -696 -3116 -2232 -6941 -1970 END
START 4428 -660 -3736 248 -6390 1172 END
START 4380 -1024 -3028 2830 -6017 3972 END
START 3860 -836 -2576 3582 -5508 7160 END
START 3800 -2304 -2888 3394 -5863 9894 END
START 3648 -3400 -4512 3271 -5079 13279 END
START 2452 -6152 -4836 3634 -3972 15789 END
START 2412 -7220 -4056 6218 -3533 17972 END
START 1992 -8164 -3180 7767 -2480 20201 END
START 756 -10740 -4196 9010 -1153 22178 END
START 56 -11924 -4640 9049 858 23610 END
START -1216 -14260 -2472 9887 3930 25204 END
START -2028 -17052 868 12661 3888 26777 END
START -1988 -21320 1768 15385 2310 27281 END
START -1752 -24524 1412 16802 3096 26125 END
START -1400 -27820 2464 13217 3655 24608 END
START 652 -32112 3228 7989 1414 21836 END
START 2820 -32768 2588 7474 -2002 17913 END
START 3880 -32768 -172 6489 -4627 12769 END
START 4604 -32768 -3884 -1910 -4907 5853 END
START 4328 -32768 -6368 -7840 -3239 -2122 END
START 3168 -32768 -6720 -8263 -1327 -8849 END
START 2516 -30980 -5860 -7406 1214 -13868 END
START 856 -26632 -2268 -6624 2712 -16949 END
START -256 -22828 668 -4173 2663 -18593 END
START -380 -19656 972 -4985 1013 -18736 END
START -500 -17872 -536 -6982 1014 -18815 END
START -348 -16524 -1072 -6444 1837 -18776 END
START -708 -14360 -2028 -4159 3014 -18418 END
START -568 -12552 -1876 -3144 3605 -17438 END
START -284 -11384 -3652 -3080 5317 -16100 END
START 88 -10368 -3760 -4971 7478 -14724 END
START 48 -9884 -3916 -5875 8597 -13457 END
START 876 -8320 -3760 -3355 9940 -11373 END
START 976 -6980 -2776 -2217 11029 -8881 END
START 1220 -7004 -1636 -97 11539 -6366 END
START 1356 -6604 -796 1404 11231 -3695 END
START 1496 -6712 520 1960 10932 -1272 END
START 1672 -6296 1380 1746 10221 1301 END
START 1844 -6692 1800 1101 8982 3659 END
START 1920 -6628 2712 1864 7731 6240 END
START 1976 -5908 3536 1480 6574 9328 END
START 2120 -6424 3508 535 5637 12042 END
START 1564 -7536 3740 201 4818 14505 END
START 992 -8092 3592 1295 4082 17277 END
START 424 -8832 3908 1990 3967 19594 END
START -640 -8456 4764 183 3942 22137 END
START -684 -9708 2904 -4224 2356 24795 END
START -1992 -13692 -1568 -4626 3808 26320 END
START -3936 -18908 160 1372 6053 26697 END
START -5496 -23564 5068 8441 7364 26187 END
START -5076 -28788 10052 7156 6819 24649 END