START 1636 -2104 1572 4014 2467 7732 END
START 1476 -2900 1828 4351 327 12296 END
START 816 -5056 704 5779 -648 15726 END
START 532 -6944 104 7387 -372 18023 END
START -380 -8880 256 8568 -400 20093 END
START -1380 -10740 1156 8384 96 21530 END
START -2352 -12436 1644 7905 723 23057 END
START -3608 -15600 684 7704 1147 24148 END
START -4224 -17668 1156 10502 2028 24744 END
START -3736 -19460 1432 9721 2691 24445 END
START -3404 -22456 1472 6661 3423 23400 END
START -4304 -25912 2572 5860 3573 22076 END
START -4184 -27328 4636 8698 1065 20354 END
START -3520 -27052 6524 6876 -1969 19300 END
START -3648 -31544 4116 1690 -6266 17822 END
START -3484 -32768 32 994 -7418 13864 END
START -2244 -32768 -1880 623 -5285 7665 END
START -1272 -32768 -2652 -3024 -4100 1643 END
START -740 -32768 -4092 -3739 -2124 -3728 END
START -1316 -31276 -2788 -3288 186 -8732 END
START -2380 -28016 -20 -3478 1471 -12738 END
START -2576 -25712 2292 -5366 787 -15279 END
START -2984 -23980 2948 -6450 -442 -16798 END
START -3328 -21804 2336 -7707 -1402 -17817 END
START -2972 -20364 1052 -8735 -936 -18625 END
START -2876 -18800 784 -9138 -142 -18962 END
START -2796 -16888 1084 -8769 -244 -18804 END
START -2480 -16048 676 -8581 -732 -18056 END
START -1980 -14416 -232 -7654 -186 -17526 END
START -1360 -13724 -1568 -8036 368 -16451 END
START -856 -12644 -940 -6600 1734 -15807 END
START -656 -11732 -1208 -5708 1302 -14216 END
START -60 -11204 -3052 -5452 1905 -12831 END
START 68 -9988 -3296 -6017 3630 -11701 END
START -12 -9500 -3336 -4780 4546 -10369 END
START 496 -8776 -3780 -2814 4805 -8642 END
START 1228 -8036 -4192 -2426 5416 -6859 END
START 2016 -6992 -4732 -3446 6381 -5091 END
START 2816 -7112 -4996 -2914 7905 -3374 END
START 3188 -6396 -4572 -711 8296 -973 END
START 3704 -5516 -4380 310 9120 1492 END
START 4068 -5936 -3916 960 10348 3788 END
START 3548 -6296 -2804 1974 11469 6314 END
START 2900 -7024 -624 3702 11774 8356 END
START 2564 -7304 1608 4395 11257 10991 END
START 2416 -8044 2728 3861 9986 13485 END
START 2356 -8944 1776 1730 9444 15152 END
START 1624 -8768 1480 -338 11182 16178 END
START 384 -8336 2172 -3028 12598 17298 END
START -860 -8504 3400 -4069 12547 19755 END
START -3180 -10856 4780 -341 10790 22852 END
START -5540 -14008 7024 7375 7594 25818 END
START -6096 -15816 8160 11424 4544 27554 END
START -6228 -18048 7812 5672 3500 27922 END
START -7400 -24628 7644 -1284 2259 26428 END
START -6236 -28536 6864 -2981 -719 23905 END
START -5872 -32768 5168 -1975 -4878 21082 END
START -4668 -32768 2768 -108 -7169 16118 END
START -3664 -32768 -132 -3535 -8040 9506 END
START -2112 -32768 -4060 -7076 -7730 2603 END