START 1124 -32768 -1004 -1284 5551 -271 END
START 2160 -32768 -444 -6614 8014 -6103 END
START 1820 -32768 1600 -7237 9210 -11755 END
START 1028 -31448 3748 -5644 8188 -15272 END
START 412 -27124 6276 -6304 6551 -19016 END
START 208 -23136 7328 -8404 4609 -21228 END
START -80 -19476 7272 -8743 2835 -22005 END
START -188 -15728 7396 -9107 1150 -21594 END
START 388 -13284 6572 -6760 -264 -20531 END
START 784 -10752 5356 -5138 -2378 -18918 END
START 2112 -9348 3920 -5130 -3150 -17473 END
START 2200 -8408 3088 -5565 -3703 -16504 END
START 2420 -6688 2704 -4069 -4513 -14576 END
START 3484 -5452 1168 -4321 -5376 -12340 END
START 4276 -4724 604 -3120 -5650 -10185 END
START 4772 -3964 -40 -1684 -6244 -7874 END
START 5152 -3156 -956 -723 -6278 -5273 END
START 5216 -3012 -788 -58 -6376 -2738 END
START 4632 -3352 -1108 847 -7456 89 END
START 5132 -3604 -2240 2597 -7221 2709 END
START 5268 -4520 -3044 3237 -6664 5277 END
START 5044 -6248 -3972 3757 -5108 6963 END
START 4640 -7596 -3640 4358 -3852 8631 END
START 4416 -7468 -2936 4424 -3706 10406 END
START 3956 -8760 -2736 6029 -3249 12787 END
START 3884 -9684 -3044 8647 -2659 14860 END
START 3820 -10168 -3624 8975 -1494 16372 END
START 3116 -10596 -3496 8860 154 17994 END
START 2248 -12352 -3908 8975 1563 19909 END
START 956 -15032 -3080 12666 3397 20668 END
START -12 -15980 -644 14689 5816 20650 END
START -644 -16596 844 10618 6962 20694 END
START -1360 -18832 -260 4965 7590 20275 END
START -2184 -21188 -692 6067 9381 18899 END
START -2036 -20024 3060 13327 9622 18879 END
START -1700 -20108 6600 14043 6952 20093 END
START -2788 -24868 7884 10515 2790 20642 END
START -3876 -29512 5788 4277 1744 18078 END
START -3648 -31648 4612 -948 1155 13417 END
START -3468 -32768 3984 -2812 -1227 9294 END
START -2388 -32768 1548 -1792 -2727 4215 END
START -988 -32768 -44 -2973 -1179 -2142 END
START -1660 -31684 364 -4641 630 -7915 END
START -1688 -27856 1584 -4609 1011 -11603 END
START -2204 -25256 3656 -2951 244 -13912 END
START -2576 -22912 4880 -3390 -1434 -15187 END
START -2752 -21028 4104 -5365 -2435 -16342 END
START -2964 -19060 3028 -7526 -2469 -17409 END
START -2300 -18080 1376 -8538 -2752 -17738 END
START -1700 -17464 -344 -6999 -1757 -17721 END
START -1876 -16320 -612 -5469 -1112 -17677 END
START -1304 -14384 -1096 -5894 -340 -17488 END
START -408 -12880 -2724 -8101 1334 -16960 END
START 372 -11588 -3728 -10319 4419 -16338 END
START 436 -11056 -3648 -10510 6968 -15385 END
START 172 -9588 -2760 -6632 8002 -13433 END
START 632 -8552 -2212 -2400 8118 -11160 END
START 1024 -7508 -2992 -2227 8307 -8713 END
START 1536 -6876 -3444 -2458 10665 -6815 END
START 1544 -6904 -2900 -2122 12005 -4650 END
START 1676 -6496 -2356 2017 12295 -2006 END
START 2128 -6056 -860 3181 12318 692 END
START 2240 -5244 336 2412 12331 3568 END
START 1932 -5216 1780 1793 12414 6331 END
START 1416 -4668 3424 209 11435 9547 END
START 564 -5372 4836 -741 9605 13048 END
START -172 -6404 4300 -928 8522 16159 END
START -1400 -7180 5656 -2351 8191 18511 END
START -2676 -6664 6940 -4109 6540 21067 END
START -4000 -8216 7684 -7503 3514 24525 END
START -4796 -14592 4200 -5116 -10 27887 END
START -4352 -19308 1444 391 -903 29316 END
START -3788 -24288 1352 4751 119 28089 END
START -3120 -30520 1732 6937 -582 25850 END
START -1768 -32768 932 5450 -78 21092 END