START -432 -24952 -4664 1140 9404 6737 END
START -600 -28080 -4360 -535 11131 3277 END
START 116 -29772 -1456 -357 11226 -841 END
START 204 -30360 1348 -239 8665 -3053 END
START 260 -30956 2668 -3297 7019 -7509 END
START -328 -28948 3248 -7207 7499 -12083 END
START 412 -27052 4384 -9796 7634 -14746 END
START 104 -24564 5164 -9964 7148 -16600 END
START 56 -22352 5068 -10632 5930 -17573 END
START -332 -20208 4960 -9152 5162 -18438 END
START -484 -18636 5808 -7620 3713 -19079 END
START -72 -15452 5816 -7094 1621 -19025 END
START 768 -12724 5168 -8317 70 -18595 END
START 1056 -10652 4040 -9702 -688 -18107 END
START 1484 -8456 3404 -9239 -1319 -16978 END
START 2080 -6716 3288 -6421 -2234 -14605 END
START 2788 -4640 2120 -5121 -3322 -11845 END
START 3344 -4120 700 -3894 -3699 -9370 END
START 4140 -3108 392 -2260 -4253 -6797 END
START 3740 -1672 368 -278 -4825 -3747 END
START 3828 -912 -128 -512 -5612 -342 END
START 4024 -1788 -648 -277 -5780 2696 END
START 3756 -2784 -1300 2181 -6128 5877 END
START 3444 -2760 -2204 3227 -6844 9389 END
START 3208 -4360 -1936 2691 -6651 12558 END
START 1708 -5448 -1252 3799 -5795 15495 END
START 464 -6696 -940 4254 -6356 18258 END
START 160 -8296 -2604 4653 -6947 21192 END
START -596 -11192 -5940 4995 -5920 23166 END
START -1896 -14652 -6760 8422 -1587 23916 END
START -3944 -16316 -3812 11510 2153 24448 END
START -4300 -17540 -556 9179 3036 24537 END
START -4916 -21124 444 6630 2618 24443 END
START -5848 -26876 516 11662 446 23967 END
START -4892 -27392 1140 15853 -1128 22322 END
START -3908 -30672 2612 10736 -3195 19260 END
START -3068 -32768 -1084 1342 -5546 15582 END
START -1644 -32768 -4564 -4058 -5882 9904 END
START -1044 -32768 -7564 -4842 -5658 4414 END
START -500 -32768 -9824 -3821 -3496 -2151 END
START -692 -32768 -9688 -4052 -41 -8189 END
START -1724 -30944 -6728 -4268 3350 -13222 END
START -2916 -26868 -2760 -4595 4961 -16733 END
START -4008 -23072 184 -4146 4487 -18805 END
START -3992 -20124 424 -5616 3153 -19374 END
START -4276 -18428 -40 -6391 3235 -19921 END
START -3864 -16808 -744 -5577 3801 -20134 END
START -3336 -14600 -660 -4217 4272 -20160 END
START -2036 -12268 -692 -4814 4355 -18947 END
START -848 -11708 -1944 -6108 4322 -17787 END
START -192 -10900 -3372 -5354 4781 -15988 END
START 4 -8564 -3880 -3735 7189 -14497 END
START 556 -7052 -4476 -4817 8294 -12277 END
START 748 -6560 -5072 -4236 10103 -9713 END
START 724 -6084 -4344 -2270 11445 -6723 END
START 736 -6284 -3660 -179 11832 -3720 END
START 732 -6288 -2596 2544 12315 -989 END
START 632 -6632 -1848 3450 12631 1326 END
START 528 -6808 -1348 2744 12590 3798 END
START 872 -7268 -624 2811 12770 6107 END
START 1044 -6448 1096 3193 12658 8675 END
START 732 -5800 3000 2666 11555 11539 END
START 488 -6928 3080 1118 10076 14895 END
START -356 -9220 3052 1583 8845 17445 END
START -912 -10184 3404 2457 7279 19708 END
START -1596 -10256 4324 2448 6542 21808 END
START -3208 -11840 6328 -1473 5840 23570 END
START -4268 -17256 4888 -5094 2564 24581 END
START -5120 -23508 3624 -595 332 24823 END
START -5196 -24504 3712 4924 -569 23242 END