START 1304 -4636 -3924 7201 -7020 13602 END
START 1552 -6352 -4400 7847 -6069 15955 END
START 1384 -7748 -4620 7675 -3449 18031 END
START 760 -10116 -4284 6499 -2193 19929 END
START -872 -12496 -2552 10682 -1589 21945 END
START -1492 -13484 -1124 17514 -210 24329 END
START -1072 -15992 -984 18175 928 25959 END
START -1484 -19232 -1100 18020 2759 26962 END
START -1692 -23360 476 22096 5161 27185 END
START -1100 -26280 3120 27216 6588 26539 END
START 60 -29108 6192 21441 7012 24151 END
START 1648 -32768 7880 10398 5385 21232 END
START 2892 -32768 6620 3363 1072 18178 END
START 1804 -32768 3644 518 -2770 13662 END
START 1768 -32768 1064 -1597 -5296 6751 END
START 1232 -32768 -2056 -5327 -4432 -1833 END
START 484 -32768 -3852 -9858 -2138 -10583 END
START -368 -32768 -1860 -9397 457 -16906 END
START -1204 -27452 1020 -7416 1033 -19820 END
START -1896 -22672 2972 -7963 -48 -20652 END
START -2148 -20060 2872 -9815 -1338 -21003 END