START 4020 -3780 -808 4639 83 8775 END
START 3556 -4912 -656 4293 -35 12897 END
START 2368 -5812 -352 6080 283 15634 END
START 828 -6728 428 6786 466 17626 END
START -52 -8848 1432 7403 186 19491 END
START -1248 -10216 2248 7178 255 20696 END
START -2476 -11924 2484 6202 270 22081 END
START -3328 -14364 1372 6411 -74 23519 END
START -3840 -17372 720 8123 660 24140 END
START -4832 -19732 2356 11599 1263 23869 END
START -5400 -21404 4200 12837 659 23802 END
START -4940 -24472 4936 8849 334 22666 END
START -4316 -27184 4668 4842 3 20299 END
START -3420 -29868 4404 5672 -1597 17974 END
START -1660 -31728 2504 5719 -3696 15299 END
START -564 -32768 -36 2999 -3707 11425 END
START -744 -32768 -992 -1553 -3087 5661 END
START -1776 -32768 -2280 -5092 -2403 -162 END
START -2336 -32768 -3240 -6597 -1243 -5748 END
START -2956 -30384 -2868 -7560 584 -10169 END
START -3820 -27496 -1656 -7879 1617 -13147 END
START -4436 -25300 -592 -7872 1540 -15032 END
START -4908 -23456 -248 -7776 2052 -16397 END
START -5880 -22244 724 -7581 2284 -17791 END
START -5524 -19692 332 -7352 2095 -18940 END
START -4840 -18272 -468 -7820 2373 -19015 END
START -4640 -16572 -252 -6900 3061 -19416 END
START -4448 -14468 -480 -5525 3614 -19259 END
START -3444 -11576 -1200 -5318 4033 -17949 END
START -2092 -10152 -2340 -6027 6274 -16921 END
START -2136 -8440 -2712 -6817 7902 -15092 END
START -1384 -6984 -4000 -5477 8861 -12439 END
START -592 -5556 -4544 -1128 10402 -10018 END
START 528 -3556 -4788 73 12093 -7116 END
START 692 -3828 -4276 548 14588 -4274 END
START 624 -3012 -2688 1235 15879 -1325 END
START 556 -3428 -556 4304 15925 2050 END
START 236 -3880 1252 6918 15165 6029 END
START 76 -5084 2384 7826 14628 9418 END
START -240 -5608 3584 7942 15759 11609 END
START -896 -5596 5604 4802 15884 13882 END
START -1940 -6696 6572 -797 14733 16420 END
START -3336 -9456 6508 -1533 13029 19077 END
START -5332 -12656 6900 2148 10461 21314 END
START -5244 -14732 6808 4728 7601 23301 END
START -4552 -19688 5648 5483 6159 24776 END
START -4816 -24780 6932 5527 6353 23724 END
START -3488 -28000 10088 2963 5909 20151 END
START -2100 -32768 10852 -3348 3187 15768 END
START -792 -32768 10672 -4808 -692 10927 END