START -152 -23228 -8816 1578 7218 14464 END
START -800 -27708 -6860 7766 8814 12267 END
START -32 -30356 -5188 9733 7700 8249 END
START 132 -32340 -3800 2339 8670 4044 END
START -1192 -32768 -620 -5913 11698 -2512 END
START -1808 -32768 1760 -8047 13326 -8941 END
START -1256 -31472 3972 -5142 12806 -12688 END
START -88 -26404 4580 -4150 11696 -14963 END
START 212 -22688 4660 -5595 9630 -16065 END
START 140 -19332 4984 -7214 6963 -17720 END
START 688 -17148 5440 -8014 3672 -18162 END
START 1092 -15380 5080 -7248 1132 -17320 END
START 1888 -13728 4464 -4485 109 -16288 END
START 2060 -12460 4708 -3909 -997 -15077 END