START 2896 -4252 668 3617 3630 -3736 END
START 2920 -2304 124 2522 2104 -946 END
START 2508 -1332 308 727 1689 1506 END
START 1060 -584 1876 1462 1098 3691 END
START 1144 -1576 2964 4983 -1160 6451 END
START 652 -636 2844 7441 -3548 10316 END
START -264 -1684 1924 6919 -5651 14219 END
START -1068 -3260 0 8409 -5374 17310 END
START -2252 -5068 80 9842 -5364 20533 END
START -2632 -7932 -888 11551 -6777 23451 END
START -2568 -12424 -2452 13472 -7477 26079 END
START -2124 -16900 -2492 14323 -5032 26681 END
START -2068 -21816 -508 12714 -4533 26307 END
START -1868 -27684 -2560 11709 -6985 26046 END
START -2304 -32768 -3892 13776 -5971 23708 END
START -1504 -32768 -2052 9677 -3726 19504 END
START -508 -32768 -892 2995 -4083 15036 END
START 300 -32768 -3076 761 -6273 10437 END
START 836 -32768 -5904 -821 -6503 5271 END
START 1392 -32768 -8488 -4922 -4417 -331 END
START 636 -32768 -8856 -7829 -875 -5195 END
START -28 -30204 -8116 -9503 526 -9530 END
START -812 -26992 -6556 -9038 1656 -13052 END
START -1820 -24424 -5280 -8601 2513 -15434 END
START -2800 -21956 -5776 -9097 3613 -16631 END
START -2816 -19932 -5492 -9333 6579 -18082 END
START -3804 -16008 -4020 -7484 9010 -18674 END
START -3112 -14096 -2812 -6864 8534 -18382 END
START -2532 -12024 -2768 -5183 8600 -17398 END
START -1880 -9328 -3152 -4967 9929 -15682 END
START -1788 -7132 -2952 -5889 11050 -14205 END
START -1288 -6440 -3032 -6017 10224 -11860 END
START -1248 -5608 -3288 -849 9534 -8576 END
START -216 -4176 -3760 2864 9988 -4939 END
START -296 -3040 -3232 3525 12056 -1695 END
START -180 -2864 -1552 3668 13025 998 END
START -84 -2424 32 2940 12289 4374 END
START -312 -3396 1968 5131 11283 8150 END
START -408 -3172 3140 6412 9806 12013 END
START -1132 -4732 4680 5835 8479 15211 END
START -1624 -6848 5464 6615 7533 18150 END
START -2084 -8900 5208 5997 5777 21159 END
START -2048 -12612 5260 8483 4763 22625 END
START -2184 -13636 5056 8899 4707 23484 END
START -2884 -15524 4348 5429 5084 24396 END
START -3688 -21768 3948 5295 4672 23808 END
START -3920 -26048 5672 12360 5049 22363 END
START -1696 -29272 6312 12418 3278 20068 END
START 92 -32636 4592 5280 899 17229 END
START -468 -32768 3636 -666 469 11841 END
START -1272 -32768 4240 -2192 -1397 6032 END
START -1204 -32768 3196 -2486 -3041 -851 END
START -1152 -32768 2176 -4460 -3486 -7094 END
START -1340 -30004 2056 -6660 -2501 -11801 END
START -1860 -25868 3436 -7419 -1449 -15949 END