START 2836 -12372 -3948 6107 3706 8187 END
START 2624 -15352 -3612 7510 4947 9750 END
START 3976 -19580 -3148 6536 5146 9811 END
START 5136 -25500 -3932 3973 5513 9318 END
START 5364 -31884 -4220 1835 6731 5839 END
START 5676 -32768 -3200 -2583 8143 781 END
START 4488 -32768 56 -6511 8755 -5058 END
START 2812 -32768 2288 -7883 8486 -10879 END
START 1944 -31000 4724 -8148 9017 -15848 END
START 872 -24932 7412 -9718 7171 -18885 END
START 952 -19324 8192 -9735 3612 -19998 END
START 1084 -13788 7156 -9205 770 -19223 END
START 1376 -9688 5904 -8471 -1055 -17747 END
START 2248 -6388 4184 -8256 -2487 -15616 END
START 2828 -3920 1712 -8420 -2919 -13157 END
START 3888 -2628 64 -6266 -1035 -10752 END
START 4016 -888 144 -2838 -428 -7913 END
START 4292 -400 -268 -2241 -1505 -4350 END
START 3596 -292 -580 -1055 -2573 -414 END
START 2780 -1188 -1212 627 -2588 2718 END
START 1768 -2104 -720 1652 -2363 5323 END
START 984 -4472 16 3965 -3073 7758 END
START 440 -5372 828 7268 -2854 10197 END
START 288 -4584 904 5933 -2737 13392 END
START 48 -6764 488 3771 -3088 15853 END
START -328 -8808 704 7131 -2962 18505 END
START -248 -10844 232 11219 -3772 20685 END
START -684 -11152 1140 16571 -2246 23164 END
START -880 -11568 3236 16034 -1525 26675 END
START -2028 -16728 2208 10422 -4035 29414 END
START -3908 -26592 -1252 10550 -3613 28951 END
START -3812 -32152 -1824 12245 -1406 25710 END
START -3316 -32768 -1124 7022 731 20174 END
START -2800 -32768 -1176 218 608 15052 END
START -2820 -32768 -1504 2252 224 9686 END
START -1580 -32768 -3196 -286 -1038 3914 END
START -448 -32768 -4028 -3808 -29 -2034 END
START -288 -32768 -3936 -7135 1310 -7277 END
START -416 -30512 -2560 -8518 2248 -11557 END
START -1112 -27020 -404 -8906 2104 -14417 END
START -1556 -24172 1280 -10450 1271 -15996 END
START -2224 -22464 1340 -10753 224 -16923 END
START -2292 -20288 976 -10658 -461 -17910 END
START -2192 -17604 -1192 -10557 187 -17922 END
START -1980 -15716 -1976 -10646 2388 -18344 END
START -2168 -13504 -2056 -9329 4223 -18255 END
START -1748 -11216 -3468 -9488 4979 -16401 END
START -1732 -9224 -4656 -8325 7836 -15393 END
START -1572 -7056 -5220 -7320 10729 -13825 END
START -1600 -5288 -4696 -4828 12794 -11692 END
START -1584 -4260 -3960 -1617 13442 -9099 END
START -1728 -4424 -3388 3155 14512 -5983 END
START -1484 -3140 -2280 6246 16098 -3483 END
START -828 -2292 -484 5015 16493 -767 END
START -612 -2760 1032 4310 16269 2588 END
START -240 -3784 1536 4963 15691 6250 END
START -28 -3676 2688 5240 15376 10221 END
START -772 -5400 4012 4656 14053 13844 END
START -1764 -7640 5124 6492 12017 17425 END
START -1980 -9756 6760 9350 9300 20746 END
START -2272 -10140 6876 8330 7982 22856 END
START -3356 -11284 7728 3857 8544 23488 END
START -4544 -13256 8288 -1968 5981 24930 END
START -4992 -19344 6920 2879 1879 27716 END
START -4160 -21836 4980 9840 954 28440 END
START -4232 -22288 6400 9487 3066 26602 END
START -4368 -26072 6108 -312 777 24183 END
START -4148 -32768 1796 -3133 -932 21379 END
START -4424 -32768 2228 1974 1068 15979 END
START -4632 -32768 5096 2817 1265 9275 END
START -3788 -32768 5584 -2244 -291 610 END
START -2616 -32768 3440 -7762 -23 -8475 END