START -2484 -6988 -4696 9345 3475 4898 END
START 2808 -23476 -5768 4331 4399 13079 END
START 2340 -29552 -7972 2215 9246 9622 END
START 3104 -32768 -6220 -1650 14038 5396 END
START 5028 -32768 -3680 -6755 14879 -514 END
START 4116 -32768 392 -5131 13414 -4180 END
START 2640 -32768 5616 -1349 8383 -7733 END
START 780 -32768 7444 -305 6607 -12590 END
START 616 -29616 8768 -5773 6684 -17736 END
START 124 -24204 9948 -10646 3802 -20651 END
START 1516 -20712 8808 -12162 58 -21339 END
START 2400 -17328 6768 -10845 -841 -21043 END
START 2568 -15572 6288 -9366 -1343 -21149 END
START 2752 -13820 6104 -5586 -3102 -20857 END
START 2916 -11964 5072 -5672 -5645 -19458 END
START 3256 -10284 3564 -5376 -5087 -18428 END
START 3332 -8760 2408 -4986 -4494 -17293 END
START 2892 -6840 2388 -3356 -6077 -15911 END
START 3692 -5780 1076 -2861 -7693 -13821 END
START 4200 -4656 -308 -2792 -7444 -12104 END
START 4060 -3500 -1304 -2946 -6383 -10188 END
START 4412 -2108 -1144 -1575 -6338 -8185 END
START 4500 -1032 -1208 99 -7031 -5412 END
START 4588 -604 -1948 1309 -7440 -2551 END
START 4212 -340 -2860 1995 -7233 213 END
START 4056 -408 -4108 1878 -6372 3422 END
START 3880 -988 -4032 2994 -5756 6360 END
START 3996 -1408 -3520 4354 -6050 10047 END
START 3488 -2620 -3104 5670 -5651 13552 END
START 2108 -4636 -4472 5624 -5662 16933 END
START 632 -7760 -5880 8331 -4006 19152 END
START 396 -9064 -4716 10769 -2209 20949 END
START 268 -10632 -1912 11430 -1273 23090 END
START -1272 -14904 -584 11513 -1145 25954 END
START -2384 -19648 216 13327 -1035 26442 END
START -3212 -23136 728 15167 -541 25838 END
START -1280 -26972 3340 14451 -586 24653 END
START 592 -29352 3040 13211 -2259 22000 END
START 1784 -31704 16 11943 -3877 19286 END
START 4004 -32768 -3588 10202 -3493 15665 END
START 5872 -32768 -5604 5739 -2706 10712 END
START 5844 -32768 -7532 798 -2636 5254 END
START 5412 -32768 -8672 -1339 -1469 -1394 END
START 3928 -32768 -7724 -4690 1073 -7983 END
START 2484 -32652 -4976 -7875 3083 -12976 END
START 668 -27152 -1864 -9223 3620 -15752 END
START 424 -23292 140 -6898 3262 -17438 END
START 204 -20568 -184 -5035 2814 -18159 END
START -196 -18424 -1556 -5567 3524 -19052 END
START -428 -16648 -1176 -5931 4254 -19131 END
START -272 -14564 -856 -4815 5537 -18871 END
START -320 -12672 -972 -4535 6280 -17781 END
START 108 -10920 -1140 -4161 7111 -16716 END
START 176 -9180 -576 -4395 7405 -14977 END
START 412 -7680 -1400 -3622 8399 -13127 END
START 888 -6780 -2188 -3044 9346 -11277 END
START 1272 -5652 -2044 -1097 10499 -8915 END
START 1652 -4376 -1704 -325 11538 -6016 END
START 1912 -4188 -732 -790 11160 -2889 END
START 2280 -3964 -560 1915 11051 696 END
START 2492 -4000 -296 2052 11803 3733 END
START 2268 -4192 1500 1319 12231 6452 END
START 2324 -4520 2656 -56 10721 10081 END
START 1876 -4536 2056 -751 9433 13885 END
START 776 -6956 2152 1349 9727 17334 END
START -436 -8072 3256 3096 9401 20309 END
START -1288 -9160 4488 3327 8367 22440 END
START -1960 -11520 3576 -623 8054 24486 END
START -3428 -13564 3516 -4579 8212 25314 END
START -5104 -18940 4052 -2072 6572 25831 END
START -6092 -22412 7004 8008 4400 26385 END
START -5364 -25480 10084 9242 1192 25511 END
START -3536 -29268 6876 3007 2290 21671 END
START -508 -32768 6240 -1384 2996 17136 END
START 2748 -32768 4948 -11 2655 12878 END
START 4072 -32768 5056 -1005 1130 9521 END