START 3484 -15920 -2960 5843 4748 12466 END
START 3900 -18968 -4004 9356 4753 13311 END
START 4492 -21996 -3496 5838 5614 11603 END
START 4012 -26792 -2708 551 7141 7408 END
START 3448 -31808 268 -574 7006 4007 END
START 4288 -32768 2048 -1255 4817 -131 END
START 4684 -32768 1364 -4005 3471 -4582 END
START 3712 -32768 2276 -4551 5753 -10606 END
START 2904 -29804 4524 -7181 5081 -15383 END
START 2420 -26104 4204 -7184 3406 -17978 END
START 2588 -21324 4316 -7017 2217 -19518 END
START 2368 -17412 3848 -6920 503 -20212 END
START 2300 -13452 2904 -5457 -551 -19570 END
START 2652 -10012 2704 -4586 -928 -18304 END
START 2864 -7748 2764 -5211 -1796 -16888 END
START 3032 -5432 2168 -5248 -2834 -14701 END
START 3704 -3596 888 -5247 -3268 -11943 END
START 3784 -1816 260 -4905 -3620 -8514 END
START 4204 -1776 -396 -3770 -3918 -5499 END
START 3744 -1224 -268 -1280 -4921 -2298 END
START 3964 -400 -1336 -592 -5982 1566 END
START 4020 -268 -2476 -755 -5697 4934 END
START 4064 -1516 -3536 -1501 -5074 7915 END
START 3524 -3240 -3180 1289 -4085 10973 END
START 2680 -4624 -2052 3867 -3937 13882 END
START 1608 -5248 -896 4812 -4183 16563 END
START 200 -7540 -520 4556 -4541 19080 END
START -640 -9972 -828 4161 -4388 20799 END
START -1404 -12640 -2328 3143 -4271 21821 END
START -1536 -15824 -4080 3667 -3101 22579 END
START -2176 -16780 -3972 6418 -396 22424 END
START -2432 -17032 -1060 7337 1428 22316 END
START -3136 -18820 192 5165 620 23032 END
START -4036 -23492 -860 5504 -1245 23479 END
START -4756 -26564 -284 11132 -1523 22359 END
START -4540 -27720 772 10941 -2088 20196 END
START -3584 -29700 -544 4305 -3386 17241 END
START -2400 -32228 -3916 -751 -3840 13357 END
START -1688 -32768 -5428 -224 -4159 9347 END
START -1256 -32768 -6308 -86 -4331 4731 END
START -772 -32768 -6904 -2187 -3599 -117 END
START -1184 -31760 -7732 -4979 -1398 -5030 END
START -2468 -29528 -6044 -5701 1018 -9107 END
START -3688 -27028 -3320 -3386 1058 -11573 END
START -4148 -25368 -2172 -1327 790 -14019 END
START -4756 -22796 -1260 -2553 1123 -16017 END
START -4140 -21004 -1356 -4840 1434 -17580 END
START -3204 -18536 -1856 -5886 1994 -18229 END
START -2580 -17504 -2600 -5944 2530 -18425 END
START -2332 -16252 -2540 -5153 3085 -18229 END
START -1772 -16276 -3504 -4733 3464 -18009 END
START -1488 -14904 -3352 -4468 4354 -17908 END
START -1352 -13504 -3540 -4047 4490 -17430 END
START -528 -11616 -4900 -3929 5475 -16057 END
START 28 -10192 -6028 -3041 7531 -14765 END
START 504 -8316 -6836 -2985 10527 -13291 END
START 652 -6648 -5964 -3610 13395 -12056 END
START 976 -5480 -4980 -2976 14388 -9347 END
START 1268 -4828 -4132 754 15597 -6153 END
START 1348 -3172 -2064 1960 15708 -2925 END
START 1464 -2884 -644 1237 14266 690 END
START 1716 -3512 456 1936 12939 4485 END
START 1056 -5348 1016 4192 11894 7961 END
START 904 -5688 2296 5811 11805 10579 END
START 532 -5700 3872 3961 11119 12695 END
START 12 -6472 5308 30 9734 15072 END
START -560 -7908 5004 -2983 7643 17531 END
START -1336 -9312 4252 -2638 6071 19963 END
START -2172 -10568 4864 1510 4761 22459 END
START -2472 -11456 4696 1581 2850 25179 END
START -3032 -15164 1960 -178 2418 26319 END
START -4036 -19572 1992 -217 3716 25760 END
START -4840 -20928 3644 -2931 3524 24099 END
START -5688 -25300 5900 -1770 371 22943 END
START -5772 -28504 6316 1120 -4215 22199 END
START -5224 -30132 5828 -2178 -8610 19906 END