START 2176 -3136 -3392 3763 -6417 13896 END
START 960 -4904 -4264 4850 -5241 16853 END
START -32 -6032 -4828 5650 -4178 19544 END
START -928 -8396 -5424 6525 -2382 21943 END
START -2172 -10600 -5104 7139 327 23939 END
START -3776 -12268 -2408 7675 2978 25622 END
START -5608 -15672 2212 8539 2926 27561 END
START -6804 -22188 5876 14613 -1159 28546 END
START -6764 -27300 5120 21438 -4096 27905 END
START -4788 -29512 3604 17599 -4582 26032 END
START -2084 -32768 2664 6990 -5145 22353 END
START -228 -32768 -1240 697 -7741 18239 END
START 2488 -32768 -6996 2025 -7606 12726 END
START 3056 -32768 -9652 2392 -5830 5649 END
START 3252 -32768 -10256 -496 -2610 -1903 END
START 1976 -32768 -8300 -4979 636 -8573 END
START 580 -32768 -4904 -6594 1925 -13761 END
START -544 -29640 -1632 -4640 2045 -16977 END
START -1232 -25828 588 -3911 1421 -19341 END
START -1604 -21884 676 -6833 393 -20237 END
START -1448 -20428 -980 -9288 1151 -20940 END
START -1320 -18760 -824 -8179 2022 -21420 END
START -656 -17076 -144 -3558 1887 -21258 END
START -316 -15004 -420 -3381 1931 -20291 END
START 56 -12912 396 -7586 2414 -19509 END
START 496 -11884 -1016 -9816 3041 -18060 END
START 648 -10396 -1824 -8521 4926 -16623 END
START 1052 -9392 -2624 -7833 4935 -14810 END
START 1724 -8024 -4444 -6740 6857 -13076 END
START 2108 -6828 -4296 -7422 9053 -11061 END
START 1772 -5568 -3640 -6291 10918 -8996 END
START 1612 -4204 -1864 -3100 12096 -6480 END
START 1692 -2668 -80 -433 12108 -3396 END
START 1504 -1864 560 -457 10878 319 END
START 1684 -2340 -28 -392 10870 3443 END
START 1284 -2024 1108 423 11134 6596 END
START 668 -1984 3020 2268 9891 10218 END
START 176 -2828 4224 2992 8172 14204 END
START -972 -4580 4496 4132 6809 17768 END
START -1784 -5960 4672 4799 6201 20451 END
START -2252 -7856 4516 4087 4757 23248 END
START -2924 -10520 3432 5752 4460 25733 END
START -3392 -13264 3352 7293 6469 27480 END
START -3660 -15900 5288 6410 7547 28208 END
START -3800 -20856 9048 7233 6566 28652 END
START -3164 -25680 11328 8759 3549 28475 END
START -1976 -30148 11724 6426 521 26861 END
START -1072 -32768 11020 -445 -3531 22850 END