START -4232 2200 -7312 123 5779 2893 END
START -912 -15272 -5460 2907 8130 13671 END
START 1596 -18504 -3592 9937 8883 16682 END
START 1112 -21768 -2732 11846 10810 15750 END
START -1524 -27316 -280 9827 12908 10870 END
START -1184 -31248 2276 5505 13669 5428 END
START -252 -32768 4540 -550 12038 372 END
START 652 -32768 6440 -5122 11547 -4134 END
START 1960 -32768 6664 -6539 9967 -9078 END
START 2892 -30592 6304 -7078 7585 -12984 END
START 2520 -27560 7180 -8351 6319 -16266 END
START 2572 -24772 6648 -8564 5690 -18754 END
START 2224 -22352 7684 -7739 4984 -20399 END
START 2280 -19428 8208 -7482 3651 -20088 END
START 2332 -17304 8776 -8833 535 -20306 END
START 2280 -16144 8020 -7778 -1994 -19736 END
START 2580 -14708 7048 -6767 -3449 -19682 END
START 3276 -13204 5916 -7335 -5328 -19201 END
START 2856 -11356 4800 -6887 -6090 -18276 END
START 3120 -10436 4400 -5663 -6643 -16667 END
START 2592 -7972 3524 -5165 -6773 -15676 END
START 3276 -6652 2212 -6424 -7583 -14550 END
START 3200 -5584 1412 -5581 -8351 -12568 END
START 3640 -3888 880 -3109 -8464 -10678 END
START 3976 -2932 1360 -2025 -9459 -8405 END
START 3716 -1816 1128 -749 -10517 -5790 END
START 3208 -520 -704 -1248 -10722 -2522 END
START 2832 -892 -2116 -1565 -10765 762 END
START 3000 -812 -3388 805 -10316 3737 END
START 2236 960 -3748 5327 -8049 7038 END
START 2136 860 -3092 5752 -8132 10650 END
START 1812 -100 -3804 6319 -7320 15089 END
START 684 -2880 -4356 7887 -6175 18782 END
START -1496 -4084 -3384 12234 -4545 22176 END
START -2552 -5504 -1456 16211 -3277 25988 END
START -4652 -7552 876 18429 -580 29824 END
START -6936 -13264 1980 16735 -91 32767 END
START -8220 -19900 2648 18036 1051 32767 END
START -8456 -25740 4128 20100 1190 32594 END
START -7492 -31260 3288 17359 342 30743 END
START -5584 -32768 620 12630 -906 27775 END
START -3068 -32768 -188 9832 -1160 22989 END
START -1312 -32768 -1612 7490 -3287 16757 END
START -464 -32768 -5552 2296 -3830 8414 END
START 72 -32768 -7604 -4575 -1924 -939 END
START 204 -32768 -7832 -6819 850 -9610 END
START -632 -32768 -5300 -7965 3765 -15864 END
START -2224 -30076 -340 -7149 4714 -20339 END
START -3280 -25904 3044 -7047 3289 -23144 END
START -3504 -22508 3140 -8559 2261 -24433 END
START -3528 -19728 1816 -9586 2112 -24944 END
START -3792 -16324 848 -8381 2304 -25177 END
START -3244 -13116 56 -8309 3217 -24242 END
START -2404 -11464 -464 -7755 4875 -22919 END
START -2068 -10132 -1120 -6566 6138 -21062 END
START -1292 -7496 -1280 -5786 6440 -18941 END
START -932 -6384 -2160 -4961 7697 -16107 END
START -448 -5388 -1640 -4228 9830 -13361 END
START -212 -4436 -1988 -3170 10043 -10425 END
START -44 -4120 -2408 -1386 11225 -7439 END
START 528 -3732 -1928 -5 11680 -4280 END
START 740 -4120 -1992 147 12594 -1355 END
START 804 -4488 -572 797 12933 1967 END
START 948 -4964 -184 1973 12811 5063 END
START 856 -5044 1444 2089 12563 8352 END
START 996 -5000 3380 1660 11304 11968 END
START 536 -5700 3432 1622 10882 14952 END
START 4 -7100 4572 1254 9870 18210 END
START -536 -9044 4268 1411 8937 21113 END
START -1244 -11740 5028 1921 8598 23282 END
START -2044 -13556 6828 2453 7761 24800 END
START -3016 -16820 8204 3184 7654 26165 END
START -2656 -20572 9252 4336 7626 26537 END
START -4776 -21728 10336 2727 7084 25268 END
START -3128 -28776 9560 788 2109 22315 END
START -504 -32768 5784 1038 -192 17924 END
START 2064 -32768 3240 400 1111 11405 END
START 5364 -32768 2984 -995 3771 3587 END
START 6676 -32768 3292 -2741 4072 -2496 END