START 1856 -23268 -7948 496 8009 816 END
START 2516 -25828 -7916 -2952 7605 -83 END
START 3168 -26744 -6552 -5041 8186 -1407 END
START 3176 -26828 -4044 -6711 7777 -3503 END
START 2284 -27980 -2048 -8501 6672 -5509 END
START 1504 -26420 244 -9980 5105 -7720 END
START 656 -25008 1648 -9906 2798 -9772 END
START 1376 -21860 984 -8673 2267 -11622 END
START 1576 -18044 284 -9732 4760 -13147 END
START 1608 -14832 1096 -11038 4769 -13336 END
START 1672 -13064 2048 -8526 2821 -13022 END
START 1948 -9852 2848 -5009 689 -11580 END
START 2476 -6568 2764 -4731 -1563 -9472 END
START 2772 -4764 2128 -6053 -2164 -7474 END
START 2460 -3936 2084 -5671 -3159 -5979 END
START 2344 -3016 1488 -2484 -4884 -3090 END
START 2280 -2884 -56 1402 -6905 -340 END
START 2200 -3012 -1360 5006 -7420 1976 END
START 2048 -3256 -2264 3524 -7337 5488 END
START 1948 -6368 -2764 2215 -7815 8285 END
START 1752 -8684 -5544 3448 -7326 10728 END
START 1636 -10524 -7388 4631 -4258 11343 END
START 1660 -10292 -6500 5873 -1705 12969 END
START 1728 -10308 -3984 6248 -326 14427 END
START 852 -10008 -2852 3326 330 16630 END
START -168 -11752 -2888 -2697 636 19069 END
START -1448 -16652 -884 -3597 231 19368 END
START -2820 -21044 2260 5462 -2935 18253 END
START -2696 -22652 2044 15607 -7015 17092 END
START -2252 -23480 -536 10090 -7669 15433 END
START -2032 -24728 -2184 1648 -5813 13014 END
START -1540 -25852 -2328 -741 -5441 9215 END
START -1224 -26968 -3248 7207 -7135 5485 END
START -408 -25988 -4592 12561 -7164 3321 END
START 296 -25708 -5748 7336 -7165 1539 END
START 120 -27416 -7684 2403 -6259 -1458 END
START -304 -27284 -7924 5173 -4794 -4977 END
START -848 -23944 -7172 7310 -4579 -7175 END
START -916 -21004 -6584 4251 -4481 -7768 END
START -1588 -19948 -6024 845 -3681 -8006 END
START -2312 -17268 -6028 -1229 -2997 -8462 END
START -2080 -15276 -5828 -3342 -3230 -7456 END
START -1748 -15200 -6496 -3447 -1999 -5891 END
START -1800 -13728 -6828 -2674 492 -4730 END
START -2036 -12540 -6040 -1897 2651 -3755 END
START -2056 -12536 -5380 -876 4282 -1704 END
START -2696 -13000 -4652 452 6414 -616 END
START -2504 -13984 -4072 -216 7505 604 END
START -2132 -15896 -4260 -924 8718 682 END
START -1076 -16432 -7292 -3895 10101 646 END
START -76 -16772 -9424 -3836 12363 427 END
START -100 -17960 -9912 -2046 15158 198 END
START -1112 -21128 -6692 1318 17069 -421 END
START -1268 -23572 -1828 2771 16642 -2619 END
START -2312 -24880 3144 874 15199 -4524 END
START -2524 -22980 5412 -3593 11438 -5386 END