START 1344 -18736 -3556 -298 7749 413 END
START 2428 -21200 -5608 -2501 8719 285 END
START 2860 -25716 -5940 -2538 9071 -967 END
START 2688 -27256 -4988 -1819 9211 -3217 END
START 2592 -28672 -2088 -4976 9567 -6326 END
START 2968 -28244 40 -8639 8438 -8980 END
START 2708 -26080 1968 -8961 5964 -10582 END
START 1888 -23604 2652 -7742 5425 -11843 END
START 1620 -20544 4156 -10140 4922 -13178 END
START 1472 -18276 4328 -11494 2909 -13779 END
START 1816 -15604 3356 -10381 1242 -13336 END
START 2048 -12784 2940 -9591 -139 -12140 END
START 2476 -10000 2816 -8040 -1042 -10726 END
START 2624 -8516 2388 -6943 -1728 -9693 END
START 2664 -7428 2248 -3345 -2026 -8232 END
START 2024 -5540 2260 676 -2483 -6019 END
START 2160 -3852 2812 -365 -4276 -3520 END
START 2544 -3424 1352 -1698 -5388 -379 END
START 2368 -4300 8 -1678 -5994 2029 END
START 2336 -4252 -904 30 -6213 4286 END
START 2348 -5156 -1708 1781 -6682 6568 END
START 2292 -6360 -1536 4189 -7340 8407 END
START 1976 -7488 -2588 5045 -7756 10794 END
START 1508 -10476 -4060 5086 -6793 12077 END
START 1260 -11528 -4896 5755 -4696 13824 END
START 760 -11928 -3876 5786 -3260 15147 END
START 148 -11160 -3464 4854 -2546 16557 END
START -1344 -12204 -3156 2136 -1674 17769 END
START -3092 -13300 -1936 -343 -449 20228 END
START -4528 -19932 280 2176 -2112 21830 END
START -4340 -25612 256 9619 -4456 19283 END
START -3220 -25744 200 11160 -4397 15895 END
START -2548 -26632 908 6479 -4728 12761 END
START -2184 -28224 -688 4678 -6398 9331 END
START -1000 -27948 -2572 6926 -6005 5369 END
START -8 -26076 -2628 8062 -4827 1947 END
START 248 -24700 -1368 8046 -4400 -1012 END
START -220 -24220 -1348 7902 -5243 -2855 END
START -464 -22692 -2972 4932 -5897 -3945 END
START -608 -22508 -4948 797 -5345 -5418 END
START -1024 -22296 -5528 1019 -4522 -7013 END
START -1240 -21060 -4900 4084 -3498 -8054 END
START -2040 -18668 -3756 1238 -2710 -7622 END
START -2236 -16884 -3312 -2960 -2659 -7544 END
START -2488 -16836 -3208 -3500 -1814 -7017 END
START -2584 -15992 -3824 -1819 -56 -6893 END
START -2904 -13792 -3788 -3280 1751 -5952 END
START -2580 -13684 -2800 -3907 2164 -4516 END
START -2408 -13348 -2340 -2075 3013 -3046 END
START -2428 -12540 -2108 -1424 3996 -1731 END
START -2616 -13220 -3036 -1886 5249 -308 END
START -2176 -14544 -4440 -3266 7152 646 END
START -1328 -16128 -6876 -2729 8775 1098 END
START -508 -16264 -9200 -2080 11649 960 END
START -404 -19016 -9076 -1622 14903 284 END
START -1136 -23420 -6332 -885 16797 -794 END
START -1572 -24832 -2632 -1179 16194 -3052 END
START -2396 -24468 2616 -637 14752 -4565 END