START 2844 -26056 -13552 -1075 7046 210 END
START 2452 -29092 -10764 -2826 8370 -2620 END
START 3628 -29196 -7916 -6148 8070 -6751 END
START 3896 -27668 -5728 -8799 8255 -8573 END
START 3508 -25984 -4316 -10288 9023 -10792 END
START 3124 -22196 -2184 -8456 8841 -11992 END
START 2876 -17560 -104 -7843 6465 -12525 END
START 3072 -14616 988 -7611 1209 -11232 END
START 3892 -11980 -820 -6258 132 -10135 END
START 3820 -9944 -1552 -7761 4106 -10139 END
START 3064 -8112 -472 -9768 4090 -8500 END
START 3060 -7812 264 -7208 1266 -7120 END
START 3096 -5988 4 -2848 -2268 -4926 END
START 3832 -4492 -1516 -1676 -1292 -2962 END
START 3500 -2844 -972 -4839 138 -1632 END
START 3544 -3492 -952 -6838 -1661 519 END
START 3136 -3796 -2132 -2688 -3498 2082 END
START 3416 -2564 -3364 696 -2546 3453 END
START 3500 -2112 -2964 1282 -1459 6202 END
START 2808 -3140 -1720 2053 -2103 8597 END
START 2252 -5364 -1872 3941 -3829 10092 END
START 1964 -7608 -4132 4100 -4249 12291 END
START 1548 -9520 -5688 3974 -1997 12659 END
START 1124 -10868 -4876 4694 -1513 13676 END
START 1128 -13328 -3772 7996 -2410 13896 END
START 988 -15080 -5452 9396 -1510 13928 END
START 828 -16212 -5844 9498 384 13773 END
START 716 -16504 -4244 9450 1468 13901 END
START 360 -18600 -1948 12106 1702 13286 END
START 332 -18536 -172 14861 1231 14336 END
START 104 -20932 -596 11317 -783 15663 END
START 116 -24236 -704 9602 1071 13358 END
START 100 -24324 3000 9574 2238 10900 END
START 100 -24012 7032 11359 -2203 9880 END
START 448 -25344 5324 7800 -9621 9970 END
START 620 -26780 -616 771 -11254 8193 END
START 1040 -27524 -3448 -1505 -10079 3892 END
START 924 -26128 -2756 4462 -9437 885 END
START 888 -23168 -1524 5998 -11391 375 END
START 244 -24600 -4948 -1545 -12791 -229 END
START -208 -26580 -9784 -6324 -10453 -3716 END
START -456 -25924 -10204 -1339 -6365 -7436 END
START -648 -20996 -9288 2123 -3950 -8925 END
START -808 -18376 -8400 -927 -1996 -8760 END
START -1280 -16752 -8176 -2936 350 -8390 END
START -1728 -14456 -7632 -3290 2048 -7358 END
START -1344 -12792 -7300 -2434 2887 -4956 END
START -1644 -11588 -7188 -1997 4250 -2133 END
START -2284 -13560 -7852 -3027 8212 -1123 END
START -2728 -15564 -6508 -2176 10364 -1270 END
START -1772 -17272 -5304 -2075 10566 -1087 END
START -692 -18248 -5352 -2689 10793 -801 END
START -200 -19916 -6576 -3986 13043 -1958 END
START 120 -22156 -6796 -6061 14989 -3209 END
START -384 -24244 -5368 -3021 15571 -4438 END
START 44 -24548 -3616 31 14778 -6546 END
START 360 -22776 -2016 -3812 13965 -8360 END
START 624 -21300 -596 -7190 13180 -9103 END
START 900 -19328 836 -3819 13010 -9603 END
START 996 -15620 2496 -1258 11485 -9261 END
START 1624 -14092 3648 -1868 7545 -9962 END