START 984 -21252 -13740 -1018 11437 4443 END
START 980 -27628 -11128 3866 13174 1874 END
START 1804 -30228 -8080 3262 13049 -1435 END
START 1824 -31300 -3460 -2197 13322 -4287 END
START 824 -32768 1372 -2909 12002 -8874 END
START 1012 -30028 4016 -2128 7849 -12639 END
START 1124 -24732 4448 -4912 4050 -14515 END
START 1500 -20092 2800 -8576 3587 -16414 END
START 2092 -16076 2440 -9748 2696 -16847 END
START 3032 -13300 2288 -8235 895 -15997 END
START 3488 -10292 2192 -6868 -1293 -13932 END
START 3900 -8800 408 -7526 -1393 -11803 END
START 4392 -7328 -232 -10453 581 -11288 END
START 3832 -7004 112 -11937 -576 -10318 END
START 3728 -6624 -228 -8102 -2729 -9472 END
START 4392 -4920 -1184 -4290 -3229 -7681 END
START 4084 -3104 -2012 -3106 -2161 -4873 END
START 3576 -3004 -1732 -4216 -2448 -1750 END
START 3108 -3416 -1736 -889 -4007 -373 END
START 3508 -2292 -1652 3012 -4521 1929 END
START 3680 -1324 -1312 1998 -4079 5411 END
START 2980 -3644 -1844 -68 -5514 8847 END
START 2248 -6592 -3604 2496 -7492 10122 END
START 2188 -6788 -5576 6684 -6638 11179 END
START 1760 -8028 -4908 7002 -4715 14369 END
START 1484 -10900 -5060 6734 -5209 16161 END
START 804 -15012 -7320 6969 -5176 16539 END
START 384 -16772 -8416 9222 -1004 15442 END
START 32 -16060 -5256 9015 1702 15127 END
START -336 -15448 -2112 7423 810 15922 END
START -728 -18240 -2344 5172 -305 17999 END
START -1588 -20112 -3136 5563 1397 16930 END
START -2540 -20572 20 8030 1440 15410 END
START -2044 -20320 2888 10237 -870 14256 END
START -1744 -21908 1452 7234 -3226 13998 END
START -1420 -24268 -1364 3688 -4268 12521 END
START -760 -25440 -2656 3721 -4209 9473 END
START -712 -25896 -2012 7714 -5103 6866 END
START -240 -26780 -3376 6833 -7659 4979 END
START 36 -27660 -5416 2839 -7489 2271 END
START 416 -26980 -5568 -332 -6261 -1089 END
START -72 -25624 -4544 203 -6172 -4403 END
START -444 -23472 -3016 706 -7595 -6955 END
START -920 -21684 -4500 -3089 -7729 -7266 END
START -760 -20740 -6912 -6463 -5962 -7995 END
START -1716 -19212 -8280 -5117 -3785 -8856 END
START -2092 -17580 -8396 -1904 -1779 -9049 END
START -2072 -17196 -8408 -1782 -196 -8798 END
START -2392 -16624 -7704 -1918 2014 -8604 END
START -2660 -14812 -7892 -2742 3944 -7547 END
START -2444 -13564 -8084 -3728 5458 -5889 END
START -1900 -14024 -9284 -4503 7216 -3961 END
START -1572 -15752 -9848 -2501 10848 -3970 END
START -716 -15976 -9328 -1823 12547 -3163 END
START -236 -17272 -8328 -4620 13518 -3284 END
START -1404 -20856 -5460 -6836 13519 -3782 END
START -2344 -23044 -1516 -3843 11788 -6068 END
START -1940 -22080 396 -3803 8997 -7693 END