START 3960 -16040 -12448 -2661 3754 2721 END
START 4440 -16996 -13256 -1004 8578 2223 END
START 3368 -17172 -11532 -928 11549 2482 END
START 2896 -19484 -7084 -245 12580 1499 END
START 3460 -19448 -3344 -975 10834 1360 END
START 4220 -21840 -1224 -3582 7665 1366 END
START 4740 -22908 -1576 -5976 6113 -161 END
START 5120 -22248 -484 -6495 7127 -1864 END
START 5388 -21136 1932 -7623 5964 -3663 END
START 5844 -20020 3584 -8582 2723 -4637 END
START 6328 -18416 1904 -7671 -862 -4401 END
START 6828 -16120 120 -7353 -1094 -4608 END
START 6468 -14980 484 -7381 -299 -5781 END
START 6000 -13332 1268 -5517 -753 -6452 END
START 5920 -11456 1608 -4245 -3376 -5670 END
START 5948 -10360 1360 -2384 -4941 -4872 END
START 5680 -7960 1048 -2275 -4836 -3612 END
START 4772 -6276 1008 -3300 -6154 -2161 END
START 4116 -4992 -1484 -4979 -8227 724 END
START 3824 -5672 -4740 -4148 -8189 3105 END
START 3116 -4868 -6912 -1723 -6606 4997 END
START 2652 -4148 -8264 -992 -4640 7618 END
START 1880 -3872 -9120 -2832 -2019 9778 END
START 624 -6612 -7988 -2495 -256 11569 END
START -364 -8748 -5780 3058 1076 13365 END
START -1004 -11240 -2584 6833 1486 14809 END
START -1824 -12876 -120 6123 503 16562 END
START -2160 -16020 -280 1039 -1107 17645 END
START -2188 -18332 -2368 -3557 -1676 17220 END
START -2080 -21228 -2984 -1609 -1423 15488 END
START -2240 -21264 -1416 4126 -2341 13959 END
START -2208 -20404 388 8745 -4972 13185 END
START -1580 -18896 -1332 4826 -6838 13083 END
START -1540 -22420 -4428 -958 -7510 11767 END
START -244 -26820 -7712 3096 -6911 8666 END
START 736 -27460 -8052 9540 -6472 4229 END
START 1136 -26580 -8548 9304 -7787 2076 END
START 1064 -27144 -9028 5128 -7080 -1190 END
START 980 -26156 -9024 3172 -5365 -5370 END
START 1068 -25920 -11708 3243 -5113 -8643 END
START 888 -23636 -14244 2427 -2311 -10294 END
START 128 -23596 -14456 -315 599 -12178 END
START -1244 -22084 -11952 2967 1916 -13406 END
START -1580 -18052 -8932 4646 2251 -13818 END
START -1868 -13952 -7848 -106 3482 -12218 END
START -2048 -13204 -7904 -4438 4111 -10052 END
START -2060 -12528 -7860 -3491 4563 -7588 END
START -1760 -10652 -8656 -541 5911 -4121 END
START -1624 -11084 -6868 -661 6876 -2560 END
START -1400 -12720 -6068 -524 9780 -3502 END
START -1656 -13380 -8052 -5333 12342 -1394 END
START -1844 -16328 -7676 -5569 13695 -1388 END
START -1068 -17984 -5264 -1142 13313 -1150 END
START 52 -19676 -2132 4084 12097 -2539 END
START 876 -20620 -932 2751 11931 -5715 END
START 2808 -20324 -1384 -4566 12956 -6107 END
START 1564 -18704 -308 -6190 12088 -7714 END
START 2300 -17940 1852 -1868 8793 -8396 END
START 2984 -14636 3628 830 5614 -7646 END
START 3688 -12192 4032 -407 1767 -6947 END
START 4460 -12736 4028 -3150 -1846 -6483 END