START 5076 -8280 -6328 1811 -413 7303 END
START 4616 -12296 -7360 1744 1694 8097 END
START 4832 -13908 -8552 5709 3742 7629 END
START 4272 -14220 -9120 3979 6941 7212 END
START 4984 -17740 -9840 -939 9919 6287 END
START 3984 -20424 -9604 -1304 9762 6083 END
START 3108 -22228 -9688 1496 9739 5105 END
START 3460 -22080 -7716 2809 12638 2932 END
START 3980 -22948 -3652 1982 14283 1123 END
START 5800 -22072 1312 -106 13360 693 END
START 6532 -21300 4572 -3207 9865 1280 END
START 5704 -22264 6840 -4329 7365 804 END
START 6188 -22024 7500 -4379 7527 -1538 END
START 7184 -22348 10044 -8243 5986 -3669 END
START 7504 -21152 12584 -8965 2396 -4950 END
START 8552 -18024 13324 -7499 -3613 -4839 END
START 9880 -15928 11216 -6657 -6865 -4872 END
START 9760 -13312 7484 -8196 -6657 -5644 END
START 10092 -11792 4456 -11110 -7971 -5448 END
START 9336 -11840 1068 -10412 -8655 -5191 END
START 8236 -10360 -2340 -8482 -7328 -4877 END
START 7912 -9012 -3892 -7080 -4197 -5023 END
START 6496 -5664 -3732 -5082 -1749 -3996 END
START 5532 -4316 -3396 -4878 -848 -1969 END
START 3912 -3988 -3368 -1535 -1044 -56 END
START 3392 -2276 -2936 -576 -858 2319 END
START 2704 -2076 -3120 -523 -625 4099 END
START 2616 -1932 -3020 -547 687 6361 END
START 2296 -4324 -2316 601 2142 8356 END
START 2136 -4944 -1316 3345 2291 10393 END
START 2728 -6512 -308 3809 2065 12516 END
START 2028 -7984 -620 1911 1668 15965 END
START 956 -10500 -1304 -2801 1709 18318 END
START -556 -14356 472 -1976 2810 18076 END
START -860 -16128 4748 3133 1098 18346 END
START -168 -19284 4332 1198 -5368 20690 END
START -1224 -22144 4520 3122 -5934 19934 END
START -3204 -20304 8172 3680 -7065 17408 END
START -140 -23284 4300 -2023 -15553 18156 END
START -704 -27836 -2332 -524 -15845 15856 END
START -652 -29420 -1668 4114 -10588 11039 END
START -1324 -27252 2400 3114 -11331 7062 END
START -92 -30048 -756 270 -17413 5083 END
START -440 -32184 -8544 1087 -17510 1246 END
START 20 -32108 -12056 2932 -11732 -3604 END
START -156 -29636 -12048 1209 -6073 -6519 END
START -756 -29404 -11948 -2359 -5139 -9923 END
START -2144 -27208 -11440 617 -3442 -12505 END
START -3920 -23176 -11740 1298 -953 -14388 END
START -3812 -21988 -11212 -1816 310 -14931 END
START -3296 -20796 -10624 -491 2440 -15934 END
START -3008 -17336 -9444 1152 3798 -15093 END
START -3732 -14520 -8004 1328 5990 -14194 END
START -2136 -13120 -4908 -1311 6566 -13004 END
START -1156 -11788 -1776 -1563 6499 -11264 END
START -312 -9784 -20 -1798 4713 -8922 END
START 24 -9308 412 -1828 3380 -6075 END
START 996 -9488 628 -2324 4076 -3502 END
START 1060 -11880 2144 -808 5875 -3187 END