START 4576 -10944 -7104 5453 308 12432 END
START 4180 -15120 -8844 4461 1905 11884 END
START 4776 -18176 -10192 5692 4520 11252 END
START 4832 -21020 -9980 3983 7960 9809 END
START 4784 -24188 -9276 140 9920 8071 END
START 4924 -27572 -7476 -1112 9416 7245 END
START 4452 -29572 -5856 917 7681 6949 END
START 3432 -32716 -3836 -208 8517 3322 END
START 1888 -32768 -612 -5968 9092 -1419 END
START 1128 -32768 2172 -6203 8148 -6567 END
START 1804 -31180 3564 -5407 4100 -9718 END
START 2892 -25784 4624 -6213 -177 -11210 END
START 3404 -20456 3892 -8606 -1264 -11493 END
START 3556 -17308 2972 -12058 -1113 -12416 END
START 3524 -14500 1644 -11873 -259 -12483 END
START 4072 -11260 1932 -10350 -616 -11777 END
START 4272 -8668 2044 -9676 -1148 -10994 END
START 4588 -6080 1568 -9760 -1487 -9114 END
START 4392 -4564 372 -9922 -1320 -7335 END
START 4340 -2988 -1128 -9598 -1143 -4433 END
START 4220 -2300 -1180 -8029 -1324 -2874 END
START 4116 -1040 -1560 -6425 -2989 -1044 END
START 4872 156 -4488 -5476 -2600 1150 END
START 4980 -628 -5116 -5225 -2079 3030 END
START 4768 -816 -5528 -2084 -2860 4938 END
START 4956 -1500 -6460 -288 -2732 7087 END
START 4376 -3148 -6852 -150 -962 8102 END
START 3376 -3768 -5184 245 778 8527 END
START 1956 -3376 -2236 -1671 2444 10019 END
START 1360 -3368 -92 -7211 2103 14154 END
START 328 -5980 20 -13822 620 18631 END
START -1528 -12376 -636 -12821 -855 19005 END
START -2992 -14912 -964 -3008 -2340 18026 END
START -3664 -14832 -1152 2050 -5027 17512 END
START -2616 -18656 -3148 994 -8293 19450 END
START -3348 -25076 -5740 2690 -7252 15569 END
START -4708 -22828 -3976 11350 -2648 11300 END
START -1488 -22780 168 12741 -7252 13388 END
START -832 -28660 -1256 9132 -12358 11846 END
START -1120 -29980 -5464 8215 -12284 7990 END
START -3344 -24428 -4620 6423 -9885 5646 END
START -1496 -28912 -5688 4361 -15744 4821 END
START -368 -31372 -11808 8881 -17235 2200 END
START -292 -29644 -16676 9832 -9238 -1847 END
START -1160 -28552 -14368 5139 -5587 -3421 END
START -168 -31280 -13068 6655 -6304 -6333 END
START 468 -27740 -13456 8458 -4660 -8236 END
START -1672 -24316 -12368 3538 -1965 -9606 END
START -2076 -24456 -10520 757 -633 -12478 END
START -2496 -22640 -9216 3906 -722 -13145 END
START -2324 -20320 -9412 2358 -368 -13017 END
START -2392 -19728 -11004 -2947 993 -12805 END
START -2236 -20588 -9308 -1899 4392 -14016 END
START -1772 -17764 -7572 168 3491 -13807 END
START -444 -16164 -5856 -1399 2594 -13354 END
START 148 -14380 -5400 -3424 1941 -11072 END
START 1192 -14876 -4180 -2647 3364 -11139 END
START 1160 -10300 -3400 -2139 4108 -9783 END
START 1548 -8444 -1492 -4305 4704 -7815 END
START 1308 -6472 2100 -2793 3709 -4370 END