START 116 -25780 -13044 3590 13926 2952 END
START -56 -31584 -5172 6261 13645 -470 END
START 96 -32768 -36 -1625 11356 -5187 END
START 388 -32768 3136 -7982 8987 -8824 END
START 1064 -28924 3540 -8370 5242 -11107 END
START 2280 -24880 2224 -8594 2049 -11904 END
START 2320 -21144 1240 -10227 2422 -13601 END
START 2472 -17584 456 -12101 4760 -14934 END
START 2120 -13880 1472 -13005 4770 -14731 END
START 2352 -11664 1876 -10733 2865 -12615 END
START 3032 -10416 1164 -8048 1061 -10641 END
START 3012 -9188 732 -6050 1437 -10120 END
START 3292 -7664 1300 -7025 1397 -8978 END
START 3292 -7640 368 -7771 -64 -6706 END
START 4276 -7360 -668 -6594 -2309 -4050 END
START 4492 -7540 -1640 -4909 -2405 -3211 END
START 4620 -6528 -944 -2731 -1832 -2504 END
START 4788 -5280 -1692 -2943 -2577 -421 END
START 4448 -5668 -2584 -3084 -3618 2212 END
START 4388 -5996 -3836 -1590 -3356 3694 END
START 4148 -6560 -4256 204 -3117 4724 END
START 4208 -5688 -2848 3120 -3066 6522 END
START 3952 -5540 -1700 3711 -4077 9432 END
START 3280 -8656 -3636 2448 -4852 11213 END
START 2592 -11096 -5780 3361 -4206 12039 END
START 2204 -12624 -6580 5912 -2342 11822 END
START 1840 -11928 -4528 9683 -980 12085 END
START 1184 -10612 -2408 9677 -1063 13905 END
START 440 -11792 -2080 6190 -1367 15888 END
START -932 -13572 -3200 4008 -99 16597 END
START -2040 -16652 -3616 4855 491 17109 END
START -2516 -18620 -2520 7431 1365 16036 END
START -2380 -18068 588 7412 2360 15176 END
START -2632 -18240 2460 4979 -855 16354 END
START -3348 -21640 864 4458 -4755 16423 END
START -3408 -23632 -2916 4016 -4780 15325 END
START -3488 -24220 -2700 2344 -4538 13175 END
START -3384 -26520 -376 7914 -6247 10377 END
START -2796 -26684 348 9984 -8572 6849 END
START -2108 -26052 -736 4542 -9524 4150 END
START -2332 -26884 -2424 290 -9072 1461 END
START -2260 -28100 -4900 1311 -9008 -1414 END
START -2040 -26432 -7108 3043 -8413 -4854 END
START -1408 -24208 -8548 889 -6138 -6896 END
START -1604 -21980 -8684 -1403 -3792 -8117 END
START -1952 -20528 -9288 -3213 -2468 -8783 END
START -2164 -19468 -8512 -2348 -745 -9573 END
START -2092 -18184 -6784 -1803 1238 -9936 END
START -1964 -16884 -4688 -3070 2609 -9664 END
START -1764 -15096 -3596 -4871 2427 -8353 END
START -1436 -15272 -3804 -6090 2264 -6988 END
START -656 -16440 -4576 -3878 3432 -6356 END
START -652 -16980 -3972 -3053 5084 -6301 END
START -1376 -18448 -3120 -4702 5336 -5965 END
START -2480 -22028 -2584 -5784 6595 -6262 END