START 3224 -7892 -7740 1842 2365 6455 END
START 2576 -7276 -8412 555 5393 8191 END
START 2656 -9004 -9212 -1198 5764 9505 END
START 2732 -12712 -11164 -631 6635 12090 END
START 2664 -17236 -11172 2162 8552 13244 END
START 2664 -22156 -10048 2993 7755 13311 END
START 2664 -28572 -10508 2674 9019 12257 END
START 936 -32768 -9308 674 14569 7557 END
START 148 -32768 -4088 -4548 17649 1085 END
START 672 -32768 1432 -3114 15253 -5164 END
START 2560 -32768 4436 -1433 9387 -9353 END
START 3556 -29016 5780 -3471 3716 -11383 END
START 4200 -23768 4024 -5547 1314 -12205 END
START 4936 -18808 3104 -8998 1529 -13407 END
START 4620 -15052 3284 -12789 98 -13334 END
START 4244 -12656 4436 -12196 -3133 -12065 END
START 3424 -10040 2712 -10227 -6150 -8860 END
START 3476 -8784 204 -11022 -5520 -6046 END
START 3440 -9660 -1776 -12335 -2532 -5755 END
START 2436 -7976 -1332 -11794 -849 -6497 END
START 2432 -3744 -1668 -10258 -1282 -5604 END
START 3148 -2200 -2340 -8503 -1307 -3873 END
START 3336 412 -3732 -5983 -703 -1486 END
START 3532 -48 -4408 -5621 -1022 478 END
START 3012 -596 -4872 -2218 -890 1688 END
START 3512 -348 -3872 1693 -520 2718 END
START 2948 -252 -3232 2568 -827 4788 END
START 2248 -2112 -3324 2895 -1102 7773 END
START 1472 -3824 -2640 4406 -720 9619 END
START 1500 -4304 312 5777 -339 11185 END
START 1184 -5516 2968 5564 -2368 13469 END
START -12 -8644 1984 3062 -6214 16292 END
START -848 -12116 -1332 1312 -6971 19654 END
START -1440 -16720 -1112 2843 -5226 20584 END
START -2228 -21164 680 4850 -5570 18945 END
START -2776 -25184 756 4806 -9227 18108 END
START -2252 -28220 -924 2912 -10390 14519 END
START -1904 -31064 -4068 3150 -10790 10033 END
START -1756 -28564 -4344 7400 -7407 5424 END
START 80 -26964 -368 6746 -10070 3876 END
START 612 -26900 -1728 4642 -15464 3235 END
START 1128 -27900 -9640 2602 -16378 861 END
START -456 -22648 -11696 3335 -10455 -764 END
START 964 -23652 -9992 1733 -11561 -573 END
START -216 -25720 -13236 3635 -12368 -2378 END
START -1996 -25920 -17428 3962 -9012 -4098 END
START -3416 -24104 -18816 -390 -4644 -6540 END
START -3852 -23032 -18856 -1323 -1398 -8031 END
START -4528 -21232 -17808 3750 2032 -8463 END
START -5108 -18000 -16452 5230 5633 -7487 END
START -5056 -18424 -14484 3445 8513 -7638 END
START -4136 -17912 -12748 1384 11030 -7195 END
START -3084 -19084 -11604 -1323 13333 -6434 END
START -3296 -21144 -10924 -3711 15573 -7193 END
START -3056 -23616 -9800 -2649 16941 -9038 END
START -1144 -21528 -6408 -1112 17306 -10369 END
START -376 -17824 -3376 -4410 17534 -11084 END
START -312 -14564 -968 -9540 17276 -9285 END
START -756 -13808 1708 -5220 16236 -8231 END
START -772 -11732 6488 -686 12322 -7472 END
START -676 -9084 10008 -2960 8162 -5944 END
START -596 -9640 10928 -4867 4752 -4367 END
START 332 -9728 10452 -2735 465 -2964 END
START 2264 -9800 8064 -2570 -3202 -1039 END