START 2936 -22820 -15864 1866 6565 4997 END
START 1968 -26940 -17292 2088 10001 2616 END
START 2160 -29068 -14196 3550 14449 -807 END
START 2008 -31024 -8884 2036 16308 -4394 END
START 900 -30180 -2456 669 15377 -7588 END
START 1528 -28592 2952 -3377 11030 -9108 END
START 1668 -27932 7224 -5216 7169 -10934 END
START 1292 -24868 6468 -7178 7454 -13525 END
START 1096 -20252 7584 -10099 7145 -15159 END
START 2480 -16472 7272 -11740 3896 -15054 END
START 2808 -12620 5728 -9731 1312 -15413 END
START 3592 -8792 2556 -8217 236 -14777 END
START 5080 -5612 1716 -7830 559 -12821 END
START 5680 -3612 1752 -7713 -1385 -10533 END
START 6372 -1884 -84 -6498 -3331 -8102 END
START 7456 -1100 -2484 -6741 -3609 -5420 END
START 6936 -1788 -3008 -5232 -3457 -3333 END
START 6192 -1848 -3544 -2551 -3049 -2021 END
START 5404 -1532 -3204 -407 -2969 -146 END
START 5620 212 -3004 99 -3193 2620 END
START 5888 -824 -3848 -28 -3191 5154 END
START 5304 -880 -4144 2086 -2305 7197 END
START 3992 -840 -2520 3026 -2462 9711 END
START 3412 -2136 -540 4135 -4111 12015 END
START 2528 -5660 -712 6386 -7484 15108 END
START 1804 -7396 -1924 9560 -8362 17118 END
START 1400 -9696 -2368 9048 -6393 19320 END
START 140 -11416 -572 7475 -4024 20285 END
START -780 -15108 -1384 4460 -6228 21519 END
START -544 -19880 -4376 7359 -5524 20997 END
START -664 -20756 -2024 10228 -2452 19769 END
START -1624 -22732 1932 8590 -2173 19033 END
START -2540 -26572 744 6529 -3967 16680 END
START -2464 -28492 1780 6395 -4230 13637 END
START -1308 -30640 4280 8253 -6690 10699 END
START -28 -32768 200 8140 -11973 7213 END
START 44 -32768 -5988 3174 -10543 2937 END
START 176 -31936 -7352 2418 -5251 -1663 END
START 600 -29804 -5660 4169 -6168 -4344 END
START 896 -27428 -7952 4761 -7288 -6388 END
START 164 -25252 -10044 1353 -5134 -7577 END
START -1816 -23572 -10072 -1043 -3142 -9641 END
START -2492 -21156 -9384 183 -1667 -10919 END
START -2148 -17380 -7856 893 653 -10945 END
START -1880 -14668 -6036 -272 3117 -10776 END
START -1792 -12660 -4268 255 4417 -9715 END
START -1844 -11156 -3536 357 4154 -7599 END
START -1128 -10040 -3476 647 4519 -5118 END
START -756 -10284 -3316 -40 5345 -2558 END
START -580 -10720 -3580 470 5913 -712 END
START -548 -11508 -4700 1280 7462 661 END
START -348 -13016 -6280 220 9394 1986 END
START 116 -14812 -5992 496 11495 2400 END
START 608 -17140 -5688 3177 11435 3192 END
START 920 -22172 -6776 5576 12992 2710 END
START 1516 -27024 -5732 2142 16237 270 END
START 2164 -30528 -3200 -2565 17663 -3363 END
START 2424 -31908 32 -4899 16435 -6839 END
START 1620 -31388 3156 -1666 13181 -9371 END
START 1224 -29344 5272 -1043 11112 -12107 END
START 1520 -25540 6604 -5706 10708 -15059 END
START 1844 -20056 8336 -8992 8753 -16013 END
START 2084 -14540 8652 -8593 6112 -15566 END