START 5716 -18860 -9072 5733 3366 6488 END
START 4156 -20196 -11188 3798 7015 6029 END
START 3488 -23800 -11136 -1137 11185 4634 END
START 2956 -27912 -8760 1227 11869 1611 END
START 4132 -28552 -4484 2580 11967 -1129 END
START 3516 -29508 680 -3110 10484 -2892 END
START 1432 -30920 3548 -2725 6763 -5154 END
START 1920 -28640 3496 -2967 9257 -10056 END
START 1500 -25816 7236 -9834 11311 -12649 END
START 1112 -21928 9848 -10760 7240 -14025 END
START 2112 -17128 8704 -10367 1337 -13555 END
START 3208 -13588 6800 -9734 -2289 -13381 END
START 4044 -8964 4120 -11125 -3106 -11784 END
START 4524 -5788 2556 -11986 -2170 -10755 END
START 4672 -2668 1844 -10457 -3265 -8260 END
START 6112 -1640 -68 -10635 -3905 -5128 END
START 6428 -2244 -1444 -11277 -3880 -3370 END
START 6360 -1120 -2672 -10027 -3676 -1248 END
START 6356 -260 -3820 -10430 -3465 1169 END
START 5848 -776 -4188 -9125 -3295 3509 END
START 5588 -1128 -3836 -5953 -3489 5383 END
START 4532 -1828 -3464 -4543 -4041 6844 END
START 3876 -1416 -3800 -4754 -3433 8999 END
START 3028 -6120 -3588 -4279 -3621 10583 END
START 2292 -7288 -3244 1884 -3828 10857 END
START 1848 -8352 -3204 3538 -3905 10764 END
START 1572 -8328 -2044 4485 -3523 12059 END
START 888 -11032 -1348 6122 -4337 13461 END
START 156 -13396 -2296 11970 -6284 13710 END
START 460 -14344 -3812 14845 -6271 14642 END
START 1240 -18876 -4984 14486 -5346 14351 END
START 1392 -20288 -3412 15240 -3714 14031 END
START 1108 -21916 -2276 13799 -3483 14424 END
START 956 -27736 -740 12873 -3852 12381 END
START 964 -30232 -876 16817 -4953 8988 END
START 2272 -27764 2732 14041 -4179 8440 END
START 1560 -31244 7296 6708 -8046 6611 END
START 1816 -32768 -120 818 -14280 3582 END
START 1248 -32452 -7960 1343 -10149 -1337 END
START -132 -28376 -5380 396 -7473 -4892 END
START 816 -27700 -5024 1532 -9847 -7193 END
START 360 -23548 -8184 2705 -8437 -8755 END
START -332 -19916 -8940 -1379 -4827 -9705 END
START -1380 -16700 -8200 -2154 -1611 -10272 END
START -676 -15288 -7884 -1825 36 -9604 END
START -276 -12864 -7740 -731 1451 -8265 END
START 300 -11288 -8452 -1803 2993 -6260 END
START 548 -10652 -8356 -3778 6321 -4416 END
START 500 -11400 -7068 -2416 7724 -1907 END
START 700 -12340 -6268 -179 7117 443 END
START 848 -14420 -7368 38 9204 1603 END
START 1132 -16100 -7340 -234 11616 2146 END
START 2292 -19000 -7648 -1394 11793 2807 END
START 2980 -22556 -8644 147 12446 2487 END
START 3588 -25716 -8376 2234 14243 731 END
START 3372 -28356 -6108 279 17186 -2713 END
START 2084 -29516 -1448 -4105 17865 -5134 END
START -840 -31736 4732 -2282 16938 -9112 END
START -3200 -32768 11080 1204 12293 -13031 END
START -2556 -29032 12908 -2377 6625 -17190 END
START -656 -23612 11268 -6515 3709 -20345 END
START 1892 -15932 8476 -8393 2039 -21448 END