START 2700 -13148 -4516 4661 4836 4605 END
START 2188 -14492 -4536 2602 7380 5846 END
START 2220 -20320 -1808 3617 7046 5014 END
START 1024 -22324 1052 3525 6160 4464 END
START 316 -23704 2064 -669 5226 2455 END
START 748 -25080 1912 -5097 4708 -303 END
START 1140 -25904 1152 -3466 4620 -2466 END
START 1832 -25304 480 -2961 4130 -4282 END
START 1964 -24976 92 -3676 4307 -5752 END
START 1772 -23816 940 -5552 4682 -7894 END
START 1584 -22168 2088 -6652 3979 -10238 END
START 2144 -20756 2924 -6362 2360 -11403 END
START 2184 -19688 2412 -5764 1056 -10896 END
START 1720 -18360 2176 -5145 1163 -10931 END
START 2352 -17996 2396 -6260 650 -11164 END
START 2316 -16700 2436 -4707 -261 -11412 END
START 3044 -15284 2496 -3262 -1752 -10840 END
START 3332 -13684 1580 -3260 -2964 -9345 END
START 3572 -13312 732 -4763 -2424 -9356 END
START 3456 -12724 1064 -3996 -2574 -8910 END
START 3768 -11224 1016 -3070 -4423 -8495 END
START 3596 -9360 464 -4069 -6388 -6869 END
START 4100 -9776 -1548 -5180 -4793 -5452 END
START 3872 -8888 -1520 -4089 -757 -5497 END
START 3680 -7424 -72 -4661 -617 -3433 END
START 3568 -7600 -284 -4372 -2778 -1453 END
START 3956 -7152 -836 -1639 -2880 1233 END
START 3864 -6128 -572 -1113 -1374 3008 END
START 3720 -6076 -872 -2780 -2568 5540 END
START 3996 -8764 -1536 -2833 -4365 7669 END
START 3728 -9912 -3028 424 -4838 8978 END
START 3612 -9108 -3748 1532 -2326 9962 END
START 2968 -7876 -1560 -652 -958 11785 END
START 1960 -7808 404 -3114 -2219 13495 END
START 448 -8980 -1240 -5107 -4119 16447 END
START -524 -13488 -4432 -8023 -2882 17440 END
START -1408 -16256 -4232 -3804 -512 16737 END
START -1476 -17168 -1560 4492 -444 15613 END
START -1240 -17108 1044 9355 -1394 14517 END
START -1888 -15624 1372 5965 -2449 15987 END
START -2108 -20296 -12 -2448 -3142 17188 END
START -2340 -24880 716 2388 -3249 13821 END
START -2056 -23900 1620 8017 -6010 11068 END
START -1912 -23400 1824 8141 -7423 9116 END
START -1856 -24132 796 3965 -7377 6962 END
START -1556 -26096 -2076 -1745 -7631 5438 END
START -1344 -27480 -3488 1263 -7886 1073 END
START -376 -25384 -4080 4872 -8566 -1850 END
START -112 -23480 -4436 4887 -8591 -3485 END
START -1112 -23228 -4728 427 -8544 -3544 END
START -1428 -24736 -7092 295 -9025 -5279 END
START -1220 -24808 -8360 4720 -7448 -7155 END
START -1488 -21872 -8492 5678 -4909 -9568 END
START -1284 -19232 -7736 596 -4376 -10420 END
START -1680 -18984 -7404 321 -2821 -10277 END
START -2352 -17760 -7052 2773 -506 -10129 END
START -2312 -15788 -7320 208 866 -9713 END
START -1760 -14596 -6616 -3396 2363 -8258 END
START -1236 -13588 -6228 -2619 3558 -5219 END
START -992 -13428 -7628 -3580 5858 -2444 END
START -1080 -13684 -7244 -3023 9141 -2410 END
START -624 -15380 -7032 -4301 10574 -1861 END
START -456 -16528 -6592 -3141 12608 -1969 END
START -60 -18764 -4740 -3168 14404 -2371 END
START -196 -20676 -2120 -1803 14728 -2815 END
START -252 -22492 496 -1522 14060 -2588 END