START 6428 -13712 -7948 3956 6339 11126 END
START 4840 -17548 -8316 1276 10868 9418 END
START 5420 -20668 -7144 98 13180 7871 END
START 5936 -23508 -6676 -197 15505 7634 END
START 5036 -26860 -4500 3951 16097 6524 END
START 3252 -29804 40 2980 14319 3260 END
START 2524 -31676 3568 -1519 9431 351 END
START 2460 -32648 3064 -2264 6710 -2306 END
START 2388 -29996 2492 -2206 9338 -8172 END
START 2704 -26052 4160 -3566 9015 -11443 END
START 3192 -22028 6164 -4148 6655 -13572 END
START 2884 -18468 7604 -3458 1628 -12659 END
START 3520 -16472 5856 -4002 -2701 -10695 END
START 4120 -14276 4112 -5296 -2261 -11345 END
START 3960 -12712 3924 -7207 -2769 -10677 END
START 4156 -10484 2868 -8323 -4962 -8172 END
START 4092 -10324 2048 -7782 -7306 -6612 END
START 4196 -9492 420 -5658 -6804 -5819 END
START 4256 -7772 -660 -5497 -4163 -5753 END
START 4844 -6836 -436 -8938 -2937 -5142 END
START 4812 -7408 -1044 -8721 -2992 -3401 END
START 4904 -6332 -1828 -6249 -2446 -2277 END
START 4900 -4508 -1444 -4399 -1878 -496 END
START 4224 -3456 -784 -4269 -2419 1174 END
START 5104 -1640 -740 -3992 -2957 4119 END
START 5632 -2452 -1404 -4658 -3205 6727 END
START 5004 -3860 -2276 -3549 -3712 8637 END
START 4528 -5456 -3712 -1362 -3348 9575 END
START 3796 -6328 -3128 134 -2217 9095 END
START 2724 -6452 -1584 287 -1957 11412 END
START 1964 -8264 -3020 -2178 -2193 17057 END
START 1224 -11040 -3312 -2690 -421 17162 END
START 452 -11660 -1564 -2617 -147 17212 END
START -524 -13412 -780 139 -2432 18919 END
START -1304 -13472 536 2845 -2477 19257 END
START -3196 -15516 956 -570 -4955 19235 END
START -3324 -19164 -1508 -1194 -5692 17013 END
START -4180 -20120 -1996 2684 -2633 16959 END
START -4800 -22736 1684 6545 -2613 16046 END
START -5588 -28384 208 2416 -6923 13271 END
START -5008 -29272 -2172 3008 -6611 8154 END
START -3032 -30464 -2268 2523 -7630 5831 END
START -1304 -32684 -5516 3848 -9573 3195 END
START -840 -32768 -8356 5754 -8674 -1811 END
START -1384 -31844 -7756 7452 -6635 -5598 END
START 112 -32764 -8756 3818 -9209 -8361 END
START 204 -30532 -11832 3232 -8549 -11379 END
START -416 -26764 -15028 1515 -4236 -13961 END
START -1060 -21724 -14584 -1614 -613 -15020 END
START -1680 -20204 -12228 1717 1297 -14022 END
START -2348 -15676 -9576 6051 2967 -11917 END
START -2000 -14676 -7620 3290 3839 -11024 END
START -1992 -14620 -5120 875 4216 -10316 END
START -1932 -15336 -2340 286 2901 -10527 END
START -1020 -12808 -704 -2143 685 -9077 END
START -272 -13252 700 -2480 -564 -8053 END
START -1084 -12200 196 -1245 -798 -6951 END