START 332 -19768 -3108 3044 8942 6022 END
START 984 -25276 -1888 -469 6929 3967 END
START 1780 -27820 -2892 -1513 6269 2245 END
START 1744 -30732 -4940 -3033 7773 -1144 END
START 1548 -31568 -3184 -5479 8848 -5710 END
START 2048 -29792 -876 -6135 7201 -9938 END
START 2180 -25684 -8 -7160 5121 -12596 END
START 3464 -22168 924 -9057 2729 -11906 END
START 3052 -19456 708 -8090 1269 -11456 END
START 2824 -17236 -20 -7059 1934 -11859 END
START 2604 -14940 -96 -9569 4399 -12778 END
START 2140 -13948 1272 -11383 4443 -11724 END
START 1888 -13040 2492 -8548 1852 -10956 END
START 1820 -10960 2088 -5303 -302 -9837 END
START 2076 -9436 672 -7217 -391 -8114 END
START 1812 -8968 372 -8017 -88 -6970 END
START 2076 -7272 124 -6083 -711 -5797 END
START 2468 -6168 192 -4555 -1892 -4114 END
START 2624 -4176 308 -2368 -3015 -1815 END
START 2884 -2940 -556 -1659 -3142 556 END
START 2712 -2760 -860 -1705 -3213 3508 END
START 2424 -3564 -1244 -891 -3705 6189 END
START 2068 -5064 -1560 667 -4483 8411 END
START 1740 -6576 -1820 3914 -4591 9772 END
START 1448 -8952 -2400 4968 -4619 11347 END
START 896 -10856 -3444 4661 -4609 12465 END
START 480 -14168 -4544 5776 -4362 13118 END
START 348 -16012 -5820 9200 -2297 12823 END
START 844 -16124 -5384 9890 -432 12976 END
START 1052 -15528 -2876 8802 623 13099 END
START 792 -15544 -1280 4901 529 14624 END
START 296 -17952 -604 2348 377 14773 END
START -84 -20600 296 9340 -1642 15434 END
START -180 -20780 1100 13978 -3175 15278 END
START -1060 -21908 1840 10254 -2627 14185 END
START -1776 -24860 2644 5281 -3933 12132 END
START -1660 -27868 1140 6123 -6662 8619 END
START -276 -27472 -2512 7524 -8695 5164 END
START 780 -26500 -4584 4255 -7628 2237 END
START 580 -26428 -4040 1868 -6219 -824 END
START 20 -26068 -3388 4480 -6764 -2956 END
START -708 -24356 -3348 2816 -7636 -4582 END
START -1144 -23560 -4236 -2236 -6793 -6321 END
START -1528 -22140 -4464 -4603 -5574 -7799 END
START -2408 -20084 -5408 -3266 -4479 -7963 END
START -2492 -18072 -5892 -1853 -3034 -8248 END
START -2480 -16376 -5488 -2578 -1243 -8353 END
START -2988 -14080 -5192 -3356 99 -7605 END
START -2604 -12940 -5844 -4146 1706 -5814 END
START -2488 -13112 -6516 -3520 4748 -4625 END
START -2112 -12976 -6400 -2501 7209 -2971 END
START -1808 -13804 -6400 -3156 8856 -1893 END
START -2268 -15068 -6516 -4065 10457 -729 END
START -1776 -17080 -6884 -1079 12833 -312 END
START -696 -17976 -7152 3131 13655 -32 END
START -432 -19552 -6312 6443 15119 -1038 END
START -364 -20072 -3956 6037 16358 -1993 END
START -1240 -23372 1892 2785 16466 -3068 END
START -2520 -24476 6684 -1890 13120 -5890 END