START 1324 -19504 -16880 1200 8137 5836 END
START -2172 -26196 -13984 1553 13884 3518 END
START -3832 -30964 -10296 -2966 15083 -2427 END
START -2624 -30544 -6816 -3652 14869 -7604 END
START -2196 -29412 -3000 -4720 13209 -10050 END
START -1372 -27464 1980 -5412 8745 -11453 END
START -1860 -25408 3272 -6194 7897 -12473 END
START -168 -21120 3480 -9212 9081 -14658 END
START 660 -19068 2796 -11824 7466 -15130 END
START 1364 -16776 3332 -10583 5080 -14338 END
START 1980 -14580 3136 -7635 1195 -12857 END
START 2748 -12952 1396 -5687 62 -11483 END
START 3212 -10936 944 -6501 2099 -12332 END
START 2796 -9176 2556 -6879 1448 -11261 END
START 3460 -7136 2640 -7102 -1611 -8937 END
START 3948 -6568 1400 -7392 -4691 -6168 END
START 4372 -5916 -684 -6161 -4415 -4054 END
START 4032 -5092 -900 -4188 -2978 -2831 END
START 2924 -5284 -1060 -3232 -2989 -922 END
START 2644 -4792 -900 -2648 -4849 1398 END
START 2380 -5340 -1916 -1605 -6368 3008 END
START 2312 -4656 -2736 977 -5602 5149 END
START 2344 -3860 -3616 2234 -3549 8379 END
START 1476 -4760 -4108 707 -2902 11354 END
START 1420 -7272 -4956 1201 -2907 12790 END
START 824 -8492 -4984 4309 -1655 14285 END
START 112 -10476 -5568 7966 -1612 16802 END
START -352 -13536 -5820 9940 -479 17939 END
START -968 -15872 -4648 8558 1334 17452 END
START -1828 -17452 -3244 4177 1812 17812 END
START -1936 -20316 -3180 4788 328 17686 END
START -2696 -21972 -148 8051 353 16758 END
START -2812 -21220 1264 8645 -1881 15428 END
START -2500 -23104 -1952 2316 -4784 14752 END
START -2036 -26332 -5832 -2708 -4417 12619 END
START -1248 -28708 -6556 2266 -2739 8147 END
START -468 -25196 -4904 9791 -2376 4790 END
START 1112 -23064 -1968 8341 -3020 3468 END
START 440 -23460 884 4144 -3887 1613 END
START -784 -24092 2196 3245 -5753 -687 END
START -1592 -23772 1792 3815 -9024 -2477 END
START -1684 -25180 -1804 2275 -10477 -4371 END
START -1108 -24108 -2800 2178 -9878 -6411 END
START -2148 -20876 -3740 1888 -10922 -6973 END
START -2080 -20712 -2872 140 -12959 -9978 END
START -2388 -18848 -4056 -2113 -13788 -10903 END
START -3420 -17432 -7700 -3314 -9898 -11228 END
START -3064 -16304 -8536 -3940 -7655 -10655 END
START -2932 -15096 -7628 -2219 -5587 -9768 END