START 1820 -21452 -12224 8434 7596 5814 END
START 2344 -22960 -11656 5068 9657 4504 END
START 1120 -29408 -7556 -1195 10841 2536 END
START 1180 -32664 -3984 -4459 9338 -1052 END
START 1304 -32768 -1740 -5958 8543 -5914 END
START 1356 -31840 268 -7117 9445 -10933 END
START 988 -27280 2312 -11227 8720 -14121 END
START 1072 -22208 4116 -12351 6532 -16058 END
START 636 -17076 5140 -11132 3789 -15245 END
START 2408 -13300 2732 -8943 2543 -14380 END
START 2532 -10220 2972 -7973 3093 -13929 END
START 2460 -7312 3340 -7893 1404 -12003 END
START 2880 -6928 2040 -7902 -1007 -9648 END
START 2860 -6388 380 -6326 -1757 -7651 END
START 3460 -5316 136 -4843 -1381 -6191 END
START 3512 -4084 48 -4055 -2238 -3544 END
START 3564 -3756 -856 -4225 -3459 -949 END
START 3612 -4672 -2880 -2740 -3523 1056 END
START 3592 -4900 -3524 382 -3336 3086 END
START 2840 -5100 -4568 2226 -3260 5154 END
START 2700 -5616 -4072 3818 -2386 7188 END
START 2332 -6084 -2896 5122 -2685 9773 END
START 2164 -8308 -4956 5127 -3833 12532 END
START 2356 -11360 -6748 4944 -2954 13794 END
START 2076 -12948 -6396 7032 -2041 14480 END
START 2124 -14804 -7792 7106 -2784 15866 END
START 2436 -18376 -10036 4019 -2103 16282 END
START 2624 -20156 -12088 -2046 294 16171 END
START 2564 -24268 -14700 -9527 2028 14773 END
START 2104 -28304 -16424 -5777 3910 12294 END
START 1692 -28712 -14432 -482 6421 9824 END
START 1588 -27836 -10328 -3104 7637 6596 END
START 1000 -26668 -6464 -6549 7063 3709 END
START 1400 -23868 -5524 -6938 6144 1237 END
START 1220 -21652 -4236 -5323 7155 -757 END
START 1192 -19528 -2140 -2780 6363 -2921 END
START 1716 -16636 -1092 -3141 4074 -4165 END
START 2076 -14352 -1388 -2621 2727 -4478 END
START 2312 -12788 -2488 -2829 2300 -4396 END
START 2516 -11972 -3300 -3006 2330 -4008 END
START 2416 -11524 -3128 -598 1779 -3665 END
START 2804 -11428 -3880 -335 669 -2720 END
START 2932 -12732 -5032 -824 -193 -2164 END
START 2600 -12524 -5324 1459 -78 -2224 END
START 2868 -12476 -6280 454 -21 -1095 END
START 2864 -14308 -6716 -155 -71 -586 END
START 2468 -15332 -6880 1757 290 -1164 END
START 2540 -14732 -6208 2485 -113 -1162 END
START 2664 -14268 -6696 1268 -245 -403 END
START 2720 -14672 -7228 -575 101 48 END
START 2624 -14828 -7816 -966 456 84 END
START 2376 -15276 -7356 452 518 132 END
START 2676 -15012 -6688 2024 374 -2 END
START 2556 -14604 -6532 331 725 467 END
START 2596 -14572 -6196 -329 647 631 END
START 2468 -14136 -6156 322 267 855 END
START 2496 -13680 -6116 1243 276 1026 END
START 2316 -13256 -5704 698 -446 1624 END
START 1748 -12676 -5164 287 -563 2496 END
START 1456 -12008 -4308 -911 65 2901 END
START 1356 -10904 -3028 -677 90 3476 END
START 544 -9760 56 254 -1616 4782 END
START 204 -8828 956 2576 -3858 6561 END
START 96 -8400 1056 2834 -4484 8592 END
START -1208 -9296 2312 839 -5602 10176 END
START -2704 -11320 1504 -935 -8620 11798 END
START -3724 -14700 28 2329 -11120 12512 END
START -4072 -16060 -920 8027 -11414 11924 END
START -5008 -16936 444 9877 -12142 11331 END
START -6100 -19400 -1696 7594 -14181 11185 END
START -6072 -23024 -6468 5285 -13264 9256 END
START -5728 -24956 -8612 9675 -9557 6193 END
START -5200 -23492 -7752 12843 -6654 3863 END
START -4328 -24384 -6344 11023 -7016 2916 END
START -4412 -24812 -6784 7509 -6628 1016 END
START -4188 -24864 -7884 3167 -5350 -513 END
START -4024 -25508 -9792 2155 -5548 -1929 END
START -3816 -23332 -11892 885 -6226 -3234 END
START -2820 -22644 -14224 -1673 -4741 -4426 END
START -2568 -22528 -15064 -2040 -1370 -5647 END
START -2888 -20364 -14192 -2740 2964 -6908 END
START -2612 -19700 -12148 -5010 5358 -7058 END
START -2764 -18952 -11272 -5596 7390 -6810 END
START -3088 -19908 -10392 -5591 10130 -6669 END
START -3192 -20772 -7808 -4555 13171 -8351 END
START -3760 -19920 -7188 -6823 15356 -8269 END
START -4144 -20556 -6184 -9425 14720 -10526 END
START -3656 -21540 -6328 -10838 14987 -11897 END
START -3976 -20700 -5128 -6085 16944 -13743 END
START -3284 -18976 -3344 -3580 17318 -14906 END
START -2444 -18176 -1376 -2787 17374 -15365 END
START -2416 -15928 -52 -2868 16249 -15355 END
START -1372 -14660 1340 -2883 12970 -14708 END