START 604 -31008 -9692 -1547 11584 -5468 END
START 544 -30016 -6824 -2481 12036 -9176 END
START -668 -28784 -2304 -4118 12410 -11644 END
START -2700 -27020 3136 -5680 12003 -14789 END
START -3128 -24796 5692 -10310 10316 -17301 END
START -2680 -22320 6584 -14167 7358 -17823 END
START -1828 -19672 5696 -13402 4334 -17564 END
START -484 -15664 5488 -11137 3084 -17094 END
START 976 -12352 4280 -11648 2388 -16835 END
START 1620 -10460 4044 -12947 1477 -15474 END
START 1840 -10124 2520 -13236 54 -13379 END
START 2660 -8976 1540 -11031 370 -11641 END
START 3200 -7720 1328 -8190 505 -10662 END
START 3800 -5848 684 -8637 115 -8886 END
START 4484 -5212 -76 -10552 -1304 -6367 END
START 4592 -3864 -944 -9379 -2759 -4042 END
START 5272 -4112 -2532 -6938 -2698 -1413 END
START 5620 -3620 -2504 -4707 -1600 234 END
START 5004 -2536 -1232 -1781 -2866 2456 END
START 5164 -2728 -888 2171 -5687 4375 END
START 5336 -2964 -1860 4668 -6284 7507 END
START 5276 -2712 -2468 4172 -5383 11335 END
START 4068 -4980 -2472 2872 -5289 13935 END
START 3136 -7524 -2264 5870 -6656 15381 END
START 2472 -10104 -2788 11363 -7493 15160 END
START 1344 -11116 -3816 13061 -5917 14909 END
START 116 -11908 -3156 10088 -3678 17574 END
START -1380 -14188 352 7014 -2794 19584 END
START -2120 -17068 -464 7238 -4289 20654 END
START -2808 -19448 -1740 8120 -4623 20341 END
START -3632 -19864 -1944 7538 -2562 18563 END
START -4020 -21408 688 8926 -2986 17843 END
START -3796 -23796 2984 12988 -5429 15574 END
START -4084 -24400 1536 9399 -7961 15199 END
START -3948 -28480 -3164 2783 -7623 12766 END
START -2700 -30012 -4316 1845 -4679 7542 END
START -1324 -28920 -3276 6992 -4722 3804 END
START -840 -27208 -1720 8803 -6855 719 END
START -748 -25464 -2948 4059 -6452 -818 END
START -800 -25248 -3084 146 -4756 -3228 END
START -1376 -23364 -2540 -7 -5464 -5444 END
START -1392 -22196 -3076 1414 -6107 -6792 END
START -1764 -18776 -3432 437 -5045 -6711 END
START -2560 -18224 -3480 -1999 -4515 -7108 END
START -2940 -17160 -3968 -2718 -4557 -6722 END
START -3192 -15584 -4588 -439 -3141 -6600 END
START -3112 -14480 -5284 -1534 -1619 -5028 END
START -3072 -14520 -6564 -1514 865 -4255 END
START -3272 -13868 -6924 -966 3453 -3054 END
START -3628 -14824 -6632 708 5376 -2192 END
START -3768 -15776 -6064 1496 7526 -1417 END
START -3800 -18124 -4328 1292 10175 -2193 END
START -2896 -19844 -3356 197 10488 -3186 END
START -848 -21176 -3516 -1614 10089 -4140 END
START 416 -22640 -4968 -4879 10302 -4651 END
START -524 -24576 -4288 -3877 12317 -6073 END
START -168 -25076 -3944 -2498 12816 -8008 END