START 1708 -18068 -4920 4840 14814 7243 END
START 208 -25672 -368 -384 11987 7385 END
START 1256 -32768 172 -794 6686 3850 END
START 484 -32768 -40 -2364 9373 -2273 END
START 244 -32768 2692 -4770 11129 -9268 END
START -68 -31464 5780 -5340 8863 -13570 END
START -296 -25456 6592 -9903 5745 -15477 END
START 316 -21608 6544 -13229 2426 -14669 END
START 48 -19104 5612 -9513 981 -14169 END
START 704 -15204 5808 -10008 291 -13700 END
START 612 -13476 5128 -11394 -1377 -12991 END
START 1216 -12192 3780 -10916 -1800 -13486 END
START 2016 -10180 2540 -10637 -1185 -13320 END
START 3168 -7788 2088 -10662 -851 -11269 END
START 3224 -6956 1900 -9623 -2294 -8865 END
START 3392 -5828 988 -6915 -4086 -7008 END
START 3320 -3640 -792 -5561 -4015 -5384 END
START 3636 -3552 -528 -6049 -3271 -3412 END
START 3424 -3656 -460 -4402 -4095 -834 END
START 3004 -2796 -1988 -2761 -4145 1904 END
START 2708 -2904 -2920 -1453 -3393 3775 END
START 2548 -2336 -2772 759 -3183 5909 END
START 2488 -2676 -2612 3036 -4470 9071 END
START 1992 -4676 -3976 4321 -5391 12295 END
START 1288 -6892 -5564 5208 -4110 13383 END
START 1096 -8396 -5592 6978 -1644 13579 END
START 280 -10304 -3652 9650 -275 13760 END
START -200 -12388 -2316 10582 -817 14657 END
START -504 -15024 -3696 7377 849 17617 END
START -872 -17932 -4252 3555 4660 16630 END
START -1932 -19056 -1724 3615 6039 14746 END
START -1772 -19072 1852 8914 4099 14303 END
START -1356 -19372 1516 7507 1631 15159 END
START -1896 -21512 708 3333 2165 15038 END
START -2764 -21548 1580 2157 3030 13648 END
START -2612 -21116 3872 1874 713 13035 END
START -2672 -22928 4904 5628 -300 10774 END
START -2892 -21404 5088 3933 -889 10153 END
START -3380 -23188 3640 -4800 -4467 9546 END
START -2724 -25888 1356 -5293 -8016 6137 END
START -1872 -24672 -264 1453 -9558 4290 END
START -1672 -23836 -1592 4096 -9893 3125 END
START -1724 -25080 -1976 576 -8943 542 END
START -1556 -26564 -1424 79 -9552 -2935 END
START -1716 -25508 -3180 2483 -11737 -5405 END
START -1712 -24272 -7904 -934 -11874 -6999 END
START -1656 -23692 -11384 -3826 -7055 -9526 END
START -2612 -20616 -10492 -2571 -3320 -11167 END
START -2884 -18648 -9276 1159 -1730 -11492 END
START -3380 -16252 -7772 -357 164 -10788 END
START -3924 -16104 -6548 -2403 2069 -9959 END
START -4028 -15124 -5044 -1675 3620 -9317 END
START -3464 -13688 -4160 -1494 3715 -7863 END
START -3192 -12728 -4208 -2531 4202 -5777 END
START -2584 -13008 -5756 -4845 6333 -4363 END
START -2660 -14628 -6496 -5646 8780 -3409 END
START -1276 -16196 -8568 -5090 10156 -2807 END
START -84 -16864 -10648 -5958 12044 -2363 END
START 1716 -19220 -12596 -7800 13715 -2305 END
START -76 -20272 -8520 -4677 16824 -573 END
START -2500 -21236 -1480 1314 20037 -1375 END