START 5084 -28488 -6776 2633 -2748 4913 END
START 3616 -28884 -9016 -556 2486 1365 END
START 3380 -28872 -6276 -913 4716 -2166 END
START 2064 -28564 -4664 -2960 5517 -4617 END
START 1392 -27972 -3632 -5680 6878 -6442 END
START 1864 -26696 -3496 -7890 7999 -8334 END
START 1688 -27272 -3028 -3985 9762 -10010 END
START 776 -25008 -208 -2420 10265 -11560 END
START 708 -23996 2552 -4802 10638 -13676 END
START 448 -21776 5324 -5245 9832 -15807 END
START 1772 -17884 7020 -4059 7698 -15096 END
START 2384 -15108 7908 -4804 5182 -14311 END
START 3572 -13364 7664 -7021 2408 -12904 END
START 3636 -12820 7588 -6577 -1075 -11722 END
START 3420 -11704 5504 -5138 -2189 -11357 END
START 4456 -9936 5260 -7027 -888 -10728 END
START 4448 -9096 5168 -8742 -1217 -9585 END
START 4192 -8468 4144 -8787 -2737 -8668 END
START 5400 -7036 3044 -7252 -4468 -6893 END
START 6564 -5864 1176 -8096 -4352 -5309 END
START 7256 -5516 -648 -9350 -2216 -4622 END
START 7272 -6188 -936 -8923 -2463 -3392 END
START 6944 -5160 -1340 -4158 -3549 -2136 END
START 7228 -3528 -2464 -3530 -3324 -279 END
START 7624 -3524 -2816 -5423 -888 1231 END
START 6836 -3756 -2072 -6028 -1021 2811 END
START 6580 -5024 -2520 -2678 -1782 4096 END
START 6748 -4672 -3088 -830 -684 6038 END
START 6300 -4764 -2376 -2148 -535 7834 END
START 4992 -5660 -1664 -2044 -1387 9239 END
START 4732 -6860 -1848 -1612 -2013 10640 END
START 4276 -8336 -2416 -3039 -2857 12815 END
START 2496 -10504 -2232 -2144 -3530 12920 END
START 2080 -11420 -3092 -1014 -4283 14005 END
START 2036 -12644 -3720 -167 -4692 14880 END
START 1432 -15504 -3760 -1341 -6000 13725 END
START 708 -17484 -3416 1011 -7253 12505 END
START 1508 -15832 -4624 3838 -7066 16745 END
START 1396 -18760 -5008 736 -4536 17788 END
START 512 -24044 -3500 -1464 -1990 15564 END
START -676 -26720 -80 3991 -2302 11616 END
START -64 -23808 1796 11204 -5295 11636 END
START 2068 -23756 -64 6201 -7781 11528 END
START 1584 -26064 -3088 1798 -6594 8311 END
START 856 -24104 -2160 3713 -5064 5403 END
START 896 -21228 760 8215 -7501 5648 END
START 1124 -22792 -820 6541 -11556 6070 END
START 444 -23584 -6320 88 -10377 4130 END
START -424 -22920 -8392 -2471 -7253 1630 END
START -820 -24372 -7564 4 -6729 41 END
START -688 -24576 -8204 6133 -6674 -2102 END
START -492 -22380 -8136 6005 -4184 -4515 END
START -1140 -20876 -7236 3501 -1686 -4751 END
START -1760 -21436 -6856 6200 57 -5332 END
START -1388 -19276 -5588 6966 71 -7065 END
START -1696 -17952 -5420 6960 1711 -7515 END
START -1220 -16548 -4920 6111 3539 -6956 END
START -1664 -14832 -4412 3233 4222 -6798 END
START -1580 -15632 -5380 2572 4699 -5968 END
START -1016 -16684 -5872 5328 7009 -6027 END
START 320 -16656 -5116 5929 9489 -5906 END
START 532 -17744 -3976 3240 9776 -4974 END
START 2040 -19364 -3604 1888 9181 -4827 END
START 2216 -19856 -4180 519 10769 -4784 END
START 1308 -20628 -2232 -1881 12262 -6455 END
START 460 -21072 -132 -4286 12464 -7739 END
START 460 -20376 2688 -311 11120 -7962 END