START 3128 -32272 -10404 2022 8060 -2511 END
START 2400 -32768 -6876 -5193 7463 -6192 END
START 1704 -32768 -2992 -8581 5072 -9407 END
START 1180 -31464 -1604 -9110 6081 -12125 END
START 872 -27640 260 -8295 5871 -14153 END
START 144 -22292 2448 -10511 5378 -14642 END
START 240 -17476 5396 -10880 1061 -13388 END
START 752 -15064 4856 -9341 -2900 -12094 END
START 1008 -12288 2508 -9804 1808 -14334 END
START 584 -9608 3464 -14921 3486 -13196 END
START 692 -8588 3528 -15487 904 -11837 END
START 1140 -6020 2064 -11711 -1431 -9045 END
START 1896 -4424 556 -8227 -2108 -6642 END
START 2016 -2864 -372 -8037 -643 -5483 END
START 1816 -1824 -924 -8266 -65 -3337 END
START 1544 -1428 -756 -6215 -1383 -1538 END
START 1628 -1112 -1944 -2381 -2203 669 END
START 1964 -316 -2360 -568 -891 3067 END
START 1548 -356 -1688 661 -1771 6090 END
START 1504 -1348 -1976 2660 -2695 8262 END
START 1576 -2684 -2724 1793 -2900 10581 END
START 976 -4188 -3936 1802 -2857 13038 END
START 196 -8136 -5364 4972 -2510 14689 END
START 220 -9892 -5432 10722 -950 15112 END
START 532 -11688 -3484 11452 -277 16855 END
START 104 -14236 -1688 10392 -299 17957 END
START -872 -15712 -548 9244 200 18957 END
START -984 -18324 -956 4951 -947 19969 END
START -1340 -22388 -2800 1892 -2273 19181 END
START -1524 -24248 -4056 3942 -1637 17268 END
START -1432 -23992 -3916 6374 -1884 16306 END
START -732 -25496 -3296 2998 -3177 14330 END
START -316 -28028 -4456 -40 -3573 11333 END
START -736 -27284 -4740 -131 -4053 9011 END
START -60 -26584 -3940 2001 -5719 6085 END
START 716 -24592 -3556 3594 -5822 3929 END
START 880 -25012 -3552 721 -7043 2159 END
START 516 -27120 -6284 -2657 -8882 52 END
START 496 -27580 -8140 -1522 -8476 -3496 END
START -620 -25348 -8320 956 -7463 -6796 END
START -1480 -23492 -7740 1374 -7292 -8850 END
START -2576 -23648 -7736 3471 -6160 -11100 END
START -2468 -20776 -7380 5007 -4364 -12566 END
START -3616 -17092 -6968 2811 -3327 -13110 END
START -3868 -15004 -7368 1090 -2095 -11700 END
START -3388 -13972 -8532 36 232 -10828 END
START -3600 -12408 -8120 -599 2313 -9349 END
START -3792 -10912 -7196 1441 3216 -7068 END
START -3268 -10944 -6900 2552 4704 -5019 END
START -3424 -10464 -7080 591 6486 -2462 END
START -3348 -11840 -8088 -1062 7443 -814 END
START -2196 -13012 -9212 -2592 9983 801 END
START -1400 -14552 -9624 -2039 12006 1677 END
START -1144 -15648 -10872 -2071 14442 2189 END
START -1372 -18112 -8872 -1099 17351 2187 END
START -1832 -20612 -4508 137 17720 1479 END
START -1724 -21060 -128 1152 15847 309 END
START -1240 -20148 3556 1520 11896 815 END