START 3088 -19008 -8136 -1238 6682 5960 END
START 3332 -24044 -10748 -2141 8762 5168 END
START 3256 -28800 -9048 -5639 10854 2543 END
START 3188 -31544 -6852 -6793 9973 -733 END
START 2500 -32268 -3840 -5411 7314 -3694 END
START 1280 -32504 -388 -5057 5606 -7208 END
START 1248 -30012 840 -7674 6525 -12255 END
START 1756 -25824 1380 -12383 7897 -15588 END
START 1836 -21528 2532 -13853 6516 -17294 END
START 2224 -16392 3652 -10840 2835 -16515 END
START 2604 -11380 3688 -7989 -1161 -14294 END
START 3632 -9036 1036 -9717 699 -13106 END
START 3148 -7152 1876 -11980 1986 -11738 END
START 2956 -5644 1664 -11446 161 -9568 END
START 2064 -3736 1080 -9136 -2371 -7045 END
START 3076 -2360 -2200 -7706 -2222 -3492 END
START 3176 -1080 -2852 -7700 245 -2012 END
START 2404 -1560 -2424 -5559 -877 106 END
START 2880 -960 -2652 -937 -2842 1968 END
START 3268 -1148 -3628 714 -2804 4311 END
START 3020 -2236 -4352 1261 -1765 7293 END
START 2740 -4788 -3752 2978 -1628 8774 END
START 3488 -6708 -3036 6036 -2638 10031 END
START 2408 -7172 -2908 7087 -2343 12122 END
START 1624 -8940 -2016 6627 -2697 14131 END
START 1464 -11940 -2016 5625 -4603 15318 END
START 968 -13496 -2688 7225 -4779 15475 END
START 484 -12396 -2772 8199 -5066 16707 END
START -408 -15236 -2848 7588 -5547 17910 END
START -1380 -17264 -2900 8447 -4642 17386 END
START -2380 -17552 -2328 4933 -4297 17478 END
START -2612 -21720 -4464 1726 -5821 18100 END
START -2888 -24644 -7076 5081 -4128 15637 END
START -2884 -23352 -5088 8959 -1906 12482 END
START -3284 -21840 -396 10874 -1917 11671 END
START -3276 -23032 2264 9514 -4264 11518 END
START -3400 -25052 1664 6956 -7126 9236 END
START -2564 -27004 -2684 5150 -8814 6000 END
START -1248 -27516 -6288 4854 -6802 2012 END
START -628 -27340 -8100 5147 -5301 -747 END
START -24 -26960 -8204 7138 -5000 -3111 END
START 220 -25460 -8432 5287 -4502 -5421 END
START 132 -24084 -8584 2308 -3227 -7559 END
START -416 -22636 -7096 2130 -2609 -8936 END
START -1032 -20580 -5900 1713 -3512 -8472 END
START -1700 -19556 -6268 -453 -2921 -8454 END
START -2040 -18808 -6512 -3001 -703 -8970 END
START -2124 -17364 -5352 -2280 1517 -9082 END
START -2452 -15944 -5340 -2087 1769 -7433 END
START -2684 -17540 -6204 -2821 2778 -6758 END
START -2584 -17120 -4948 -2847 5759 -8003 END
START -1836 -16332 -2760 -4514 5884 -8417 END
START -1420 -14532 -1988 -5237 4795 -7260 END
START -1148 -14680 -2096 -6358 3523 -5589 END
START -1136 -15656 -1708 -3992 3929 -4847 END
START -488 -16160 608 -3685 3911 -5836 END
START -532 -16872 1748 -6207 2873 -6646 END