START -584 -24084 -7328 4217 7529 6955 END
START -1108 -29492 -3592 -714 8378 2981 END
START -320 -31956 -2428 -4851 7505 -1065 END
START 780 -31012 -1756 -6129 6766 -5122 END
START 1696 -28156 -2628 -7216 5652 -8130 END
START 1900 -25812 -2768 -7498 5366 -9662 END
START 2436 -23012 -2608 -7665 5237 -10718 END
START 2484 -21444 -2304 -8724 6458 -12707 END
START 2148 -19084 -708 -10672 7717 -14251 END
START 1520 -17572 1472 -9704 6637 -14846 END
START 1792 -15408 2216 -8531 4406 -14003 END
START 2244 -12992 2756 -7615 2207 -13164 END
START 3060 -10528 2448 -7651 74 -11549 END
START 3092 -8408 1528 -7515 -1724 -9825 END
START 3480 -7836 84 -6199 -2662 -8169 END
START 3936 -6120 -1240 -5726 -2365 -6455 END
START 4200 -5524 -2088 -5544 -1963 -4427 END
START 4068 -4820 -2272 -3891 -2016 -2528 END
START 3980 -4352 -2088 -1777 -3213 -174 END
START 4024 -4088 -2892 650 -3245 1831 END
START 3696 -3784 -4288 75 -2555 4099 END
START 3540 -5072 -4764 193 -2264 6642 END
START 3376 -6492 -4480 2587 -1973 8470 END
START 3256 -7828 -4152 5050 -2072 9824 END
START 2952 -9072 -4132 6393 -1852 11104 END
START 2360 -10976 -4548 5428 -1359 12854 END
START 1868 -13852 -5200 3515 -950 13418 END
START 1872 -14740 -5460 2625 2 13293 END
START 1624 -15608 -5712 3694 128 13273 END
START 968 -15884 -6000 5011 459 13285 END
START 508 -15868 -4796 6143 1578 13459 END
START -548 -15476 -2052 6855 2109 14506 END
START -1140 -17412 1196 7934 616 14969 END
START -2180 -17588 3468 8273 -1746 14428 END
START -2512 -18968 2520 6557 -4017 13473 END
START -2560 -21036 -252 4170 -5355 13580 END
START -2096 -23792 -484 5160 -4331 11222 END
START -1400 -23316 1764 10663 -5588 8970 END
START -676 -23104 2200 9435 -7566 7308 END
START -736 -24264 380 4816 -8726 6465 END
START -448 -27216 -1928 3473 -8551 3922 END
START 132 -26560 -3036 5823 -8351 393 END
START 428 -23928 -2828 4508 -8737 -1629 END
START 44 -21880 -2612 1383 -9599 -2129 END
START -796 -21680 -3652 -424 -9542 -3084 END
START -1468 -20388 -5104 -2075 -9283 -3377 END
START -2080 -20916 -6804 -3829 -8231 -4335 END
START -2480 -20464 -7416 -1376 -5973 -5701 END
START -2832 -18200 -7376 -1528 -3226 -5774 END
START -2828 -17480 -6476 -2887 -1875 -5945 END
START -3100 -17164 -7992 -3264 129 -5909 END
START -3176 -16432 -7988 -2828 3565 -5462 END
START -2916 -16108 -7332 -2833 5759 -4671 END
START -1672 -17088 -7740 -4852 6611 -3813 END
START -1144 -18524 -8752 -5428 8427 -4343 END
START -956 -18684 -9268 -6380 11550 -4714 END
START -1560 -21268 -8996 -8105 13140 -4311 END
START -2664 -23792 -7060 -5829 14910 -4621 END
START -4520 -26224 -2068 -119 14648 -9215 END
START -5344 -25660 4148 288 12697 -13013 END