START 4224 -17892 -14364 -1069 716 5412 END
START 4036 -22560 -17252 1215 5921 4988 END
START 3836 -27140 -17828 2465 11450 1196 END
START 4736 -30996 -15668 -172 14480 -2223 END
START 5680 -31976 -10696 -3318 16670 -5696 END
START 4604 -31136 -4276 -6442 14746 -7351 END
START 3868 -28988 1648 -4272 6176 -7170 END
START 2368 -27248 -32 -1276 4557 -7866 END
START 1472 -21972 2352 -8146 10518 -12572 END
START 1264 -20560 5148 -14860 9551 -13991 END
START 1704 -15740 7004 -11862 5179 -13946 END
START 2204 -11080 5340 -9902 255 -11942 END
START 2388 -6184 3060 -8867 1473 -11672 END
START 3116 -2612 3524 -10553 1820 -9386 END
START 3852 -952 2788 -10313 -1504 -6215 END
START 4700 -1452 432 -8576 -3967 -3249 END
START 4540 -1712 -1436 -4869 -3219 -1633 END
START 4516 -1968 -1820 -3215 -2902 -377 END
START 4396 -696 -2360 -2399 -3916 665 END
START 4908 348 -2336 -2688 -5117 2486 END
START 4480 408 -4040 -2429 -4415 5335 END
START 3808 -432 -2204 -987 -3526 6949 END
START 3804 -2416 -496 65 -5312 9286 END
START 2876 -2496 212 65 -6988 12461 END
START 1428 -4000 360 -1207 -7378 15818 END
START -152 -7468 -620 -3705 -8909 18083 END
START -1396 -12540 -2340 -292 -9673 18999 END
START -2044 -14380 -2412 4624 -10034 19192 END
START -2716 -17728 -2516 5111 -10613 18716 END
START -3756 -21052 -3700 3646 -11615 17015 END
START -3656 -23592 -7244 8351 -9624 14554 END
START -1568 -28000 -5352 14568 -9404 12185 END
START -684 -29396 -3304 16639 -11205 8740 END
START 1264 -31100 -9500 13687 -11396 5571 END
START 2300 -29740 -9172 12467 -7083 3613 END
START 2040 -31448 -5308 9248 -9313 2059 END
START 2372 -32768 -8476 6398 -13492 -87 END
START 2100 -31680 -13864 2572 -12249 -3215 END
START 440 -29356 -14908 673 -7595 -5568 END
START -1096 -28788 -13752 -118 -6951 -7854 END
START -1788 -25776 -14796 3026 -4868 -11000 END
START -1948 -20192 -14880 438 -1155 -11601 END
START -2808 -16140 -12876 -1040 2607 -10282 END
START -1980 -14156 -11500 -2767 2874 -9482 END
START -940 -12188 -13348 -1803 3587 -6483 END
START -1012 -11028 -13736 -2057 8026 -5608 END
START -1436 -11204 -11728 -3020 12251 -4017 END
START -1660 -14784 -7748 -748 13174 -2755 END
START -144 -17524 -6880 -1065 11213 -1739 END
START 460 -20108 -10216 -3472 12369 -1246 END
START 228 -20684 -10284 -6424 16093 -1846 END
START 504 -21916 -9448 -3997 18073 -2453 END
START 192 -21244 -6188 1421 18582 -3040 END
START -1544 -23264 -1080 3084 19054 -6784 END
START -2640 -22316 6768 -487 16559 -9255 END
START -960 -19524 9896 -1198 10754 -10336 END
START 588 -17680 8468 -1911 7448 -11609 END
START 1400 -14412 7788 -5214 5273 -12449 END
START 3032 -11664 5292 -4108 3910 -12533 END
START 4088 -9292 2324 -2334 3650 -12714 END