START 3196 -15880 -8232 -1153 -3121 951 END
START 2096 -16028 -9320 -1076 921 1965 END
START 1592 -14732 -9212 -2368 4863 3252 END
START 1196 -18112 -9336 -521 5764 3027 END
START 1184 -19700 -8496 3366 8513 2386 END
START 1712 -20892 -6684 3111 9817 1690 END
START 2000 -22232 -4960 1502 9574 1084 END
START 2760 -25108 -2528 148 8449 -150 END
START 2164 -28128 -1300 3173 6670 -2321 END
START 2928 -26496 -808 1403 8221 -5456 END
START 3820 -26472 860 -4613 8772 -7280 END
START 3672 -26284 2060 -5208 6460 -8936 END
START 4016 -23884 1868 -2313 4010 -9866 END
START 4036 -20132 2268 -4301 4564 -11815 END
START 3236 -18644 3692 -6795 3576 -12288 END
START 3100 -16080 3800 -7376 1194 -11388 END
START 3208 -14500 3620 -8285 -817 -10749 END
START 2784 -13116 3288 -7163 -3269 -10120 END
START 2712 -10532 1924 -5581 -3116 -10303 END
START 3232 -6732 1408 -7135 -2952 -9234 END
START 3628 -5328 1120 -9160 -3528 -7143 END
START 2696 -4468 1328 -8926 -5419 -4354 END
START 3580 -2816 -388 -7408 -5633 -3325 END
START 3860 -1208 -1072 -8176 -6946 109 END
START 4364 -2140 -3156 -9640 -6338 2104 END
START 4132 -2604 -4540 -8926 -5642 3433 END
START 3660 -3372 -5992 -4926 -4754 5385 END
START 3576 -3772 -6632 -1673 -1580 7375 END
START 3580 -4172 -4832 -1345 -9 9572 END
START 2000 -5404 -3236 -2187 -482 11477 END
START 2244 -7160 -3880 -2816 -943 13175 END
START 1868 -10436 -4792 -980 -377 14479 END
START 1440 -11284 -4932 4123 371 15199 END
START 1280 -11712 -3100 6179 353 15802 END
START 912 -13668 -2260 5387 432 17547 END
START -432 -17036 -2872 4700 -60 17137 END
START -316 -21048 -3984 6873 -1001 17087 END
START -388 -25260 -2932 12579 -562 14362 END
START -836 -24556 -948 15919 978 11128 END
START -16 -22860 2084 11853 -191 10662 END
START 792 -26296 3316 5192 -4377 9422 END
START 316 -29480 1940 6730 -7052 6426 END
START 828 -26596 348 8862 -7626 3338 END
START 352 -23136 1904 6091 -8365 2792 END
START 916 -27576 -40 1957 -11344 1197 END
START 600 -28532 -4960 1405 -10452 -1785 END
START 916 -25852 -7800 1470 -7244 -4564 END
START 836 -26564 -8008 1763 -6180 -6340 END
START -120 -25852 -9144 2784 -6242 -8652 END
START -720 -21924 -10004 1119 -4472 -9740 END
START -1160 -18924 -9944 -686 -1812 -9883 END
START -1244 -16924 -9544 -1434 720 -9173 END
START -916 -14856 -9732 -1349 3298 -7685 END
START -564 -15092 -9356 -614 5028 -6690 END
START -352 -14712 -9016 507 7435 -5940 END
START -64 -14616 -7404 -123 9428 -5319 END
START 344 -14704 -6708 -2428 11179 -3711 END
START 508 -16344 -5208 -2868 12495 -2890 END
START 892 -17788 -2788 -1053 11709 -2674 END
START 1684 -19412 -2584 1788 10867 -3297 END
START 1124 -20156 -1272 -2 11985 -4427 END
START 1132 -22196 1024 -2443 13136 -6488 END
START 716 -22268 3236 -488 11063 -7457 END
START 1180 -21972 4208 1320 7523 -8040 END
START 1352 -21208 5404 22 5623 -9256 END
START 1600 -20068 5440 -3487 4661 -10512 END
START 2932 -19688 3784 -4388 3580 -12005 END
START 4000 -16560 3376 -4001 2909 -13144 END
START 4500 -13452 3564 -4345 1913 -13077 END
START 5128 -12252 3828 -4408 452 -11648 END