START 1284 -23224 -16200 2386 2180 9221 END
START -596 -29196 -14308 4393 11869 4116 END
START -1108 -32768 -8212 85 14297 -966 END
START -624 -32768 -3556 -5560 12591 -4660 END
START -936 -32768 1012 -8777 11105 -8119 END
START -1188 -32768 3912 -8874 7803 -11663 END
START -372 -30692 4588 -7398 6365 -14574 END
START -376 -24876 7084 -7290 4895 -15559 END
START 72 -20132 7052 -8921 2780 -14850 END
START 36 -17156 5928 -8804 2156 -14697 END
START 148 -14072 5312 -9812 3944 -15786 END
START -128 -11628 6380 -10549 3035 -15424 END
START 352 -9124 5228 -9856 -32 -13036 END
START 1120 -7036 3248 -8933 -2266 -10372 END
START 1864 -6680 1364 -8019 -1011 -9424 END
START 1248 -5828 1152 -8517 -929 -8138 END
START 1836 -3864 -208 -7622 -2078 -5815 END
START 2400 -4192 -996 -6288 -2942 -3433 END
START 2568 -4156 -2072 -3858 -2458 -2082 END
START 3164 -2696 -2428 -2454 -2348 67 END
START 3148 -3440 -1368 -1680 -2730 1870 END
START 3060 -4184 -2068 -1501 -4212 3751 END
START 2976 -6100 -2132 755 -4664 4664 END
START 2880 -5848 -2812 2389 -4857 7621 END
START 2644 -6044 -3132 2547 -3740 9805 END
START 2168 -6728 -2328 1816 -3256 11601 END
START 1928 -8408 -3136 757 -4309 12926 END
START 1176 -10980 -5104 3753 -4148 14079 END
START 760 -10896 -5660 7696 -1911 15035 END
START -76 -11532 -4712 7383 948 16936 END
START -748 -14304 -3880 4311 1609 18204 END
START -1220 -19632 -5272 4148 781 17729 END
START -1900 -22096 -4344 11744 3395 14643 END
START -2632 -19920 1016 12709 4180 13557 END
START -1640 -20448 5348 7245 1321 14895 END
START -1508 -24660 4016 814 -3075 16014 END
START -1144 -25752 1944 1576 -4163 12776 END
START -1512 -22864 1940 2799 -4957 10342 END
START -1952 -21648 3560 2775 -6985 9779 END
START -2388 -22164 3924 711 -8750 9458 END
START -3548 -24632 684 -1930 -11590 7508 END
START -3464 -26032 -3700 -1653 -12552 3605 END
START -3080 -25632 -6176 -910 -11488 888 END
START -3108 -26388 -5828 1104 -9924 -2119 END
START -3048 -25744 -4352 3468 -9582 -5456 END
START -2760 -23392 -4460 740 -8893 -7809 END
START -2896 -22616 -5976 -1559 -7573 -8887 END
START -2956 -20348 -6280 -28 -6292 -9746 END
START -2680 -17680 -6544 593 -4780 -10118 END
START -3748 -15412 -6464 -926 -3253 -9082 END
START -4172 -14896 -8056 -3907 -2088 -7654 END
START -4424 -14440 -9916 -3708 -70 -6277 END
START -4436 -13272 -11144 -3132 3327 -4769 END
START -4472 -13440 -12044 -3141 6823 -3632 END
START -4268 -14464 -12584 -3179 9977 -2292 END
START -4204 -16916 -12188 -2374 14598 -2218 END
START -4252 -19092 -9540 -2316 17096 -3083 END
START -3496 -20728 -7300 -3750 18048 -3974 END
START -2816 -19800 -2808 -4740 17140 -4714 END
START -2768 -19000 1308 -3270 14228 -4725 END
START -2740 -17892 5084 -1004 11068 -4286 END
START -2896 -19168 7264 -1998 10527 -5847 END
START -1156 -18412 8212 -4760 8376 -6465 END