START -4492 -14496 -3184 -1172 -2640 -8248 END
START -3700 -14268 -4004 -2317 -1992 -7070 END
START -3416 -14568 -4748 -1083 651 -6148 END
START -3924 -12840 -5060 -1359 3052 -5374 END
START -3200 -12640 -5408 -3097 3464 -3402 END
START -2744 -13100 -6552 -2231 4974 -1081 END
START -2780 -14148 -5736 627 8408 -756 END
START -2840 -15124 -4952 1484 10133 -150 END
START -1776 -17348 -3932 33 10976 -47 END
START -1136 -18904 -2960 -1569 11238 -863 END
START -468 -19756 -2852 -2342 10808 -1267 END
START 624 -20348 -3680 -1608 10817 -1566 END
START 280 -21832 -2464 -640 12063 -3421 END
START -172 -23488 620 -401 11845 -5453 END
START 104 -23332 2120 -2707 9629 -7510 END
START 276 -22084 1836 -4769 7541 -8130 END
START 248 -20736 168 -3618 6700 -8955 END
START 656 -17724 -768 -3896 7865 -10378 END
START 584 -15816 -72 -3860 7966 -10822 END
START 1132 -14604 208 -3331 6687 -10516 END
START 1364 -13888 248 -1474 6106 -9765 END
START 1052 -12256 1948 -1183 5684 -9075 END
START 1060 -11524 3568 -2286 4052 -7614 END
START 1128 -11732 5060 -2539 1825 -5568 END