START 260 -24468 -6604 2719 4284 -1629 END
START 892 -26188 -5608 -1571 4025 -1292 END
START 416 -28272 -7628 -4552 5506 -3116 END
START 600 -27608 -9040 -8192 10533 -6741 END
START 48 -27752 -7180 -11117 12487 -10164 END
START -1748 -26964 -1884 -7353 12518 -12856 END
START -2128 -24672 1532 -5226 10305 -13968 END
START -1512 -23108 2984 -10093 7991 -15161 END
START -1316 -20308 3236 -13679 9027 -17246 END
START -1132 -18500 3452 -14602 6704 -17625 END
START -372 -15996 3532 -10836 4824 -17488 END
START 604 -12004 3368 -8629 3345 -15728 END
START 1400 -8756 4412 -8356 1206 -13413 END
START 2584 -6708 4796 -7947 -995 -10858 END
START 3832 -6152 3248 -7904 -2103 -8588 END
START 4076 -4184 816 -8349 -3376 -6366 END
START 4528 -3632 -568 -7387 -2838 -3760 END
START 5064 -2556 -2580 -5663 -2389 -968 END
START 3952 -2316 -1764 -3289 -2628 1968 END
START 3628 -2660 -1680 -1971 -3792 4378 END
START 3444 -3048 -2640 -1164 -3836 6646 END
START 2724 -4340 -3820 -1697 -3403 8782 END
START 1420 -6636 -4612 383 -3629 10283 END
START 820 -7756 -4280 4480 -2989 11397 END
START 436 -8712 -3136 5237 -3242 13058 END
START 156 -10404 -2908 5202 -4541 15431 END
START -64 -12968 -4808 3097 -3559 16703 END
START -724 -14852 -4388 926 -185 15831 END
START -316 -15368 -3072 2883 -773 16196 END
START -896 -18368 -208 6732 -3934 17118 END
START -1828 -19912 -492 9875 -4940 16924 END
START -3108 -20168 1004 9495 -4524 16611 END
START -3804 -21504 916 4996 -7620 16909 END
START -3856 -25152 -2792 2941 -10236 15064 END
START -3008 -26528 -7192 6028 -9650 12108 END
START -2772 -25312 -7184 7518 -6806 8869 END
START -1852 -25736 -4472 8320 -6993 6184 END
START -1768 -26960 -4704 8466 -7917 3352 END
START -864 -27692 -7424 5638 -8211 681 END
START 100 -27600 -9824 5213 -4840 -3247 END
START -552 -25056 -6464 4884 -3653 -6020 END
START -672 -23636 -4192 6328 -4474 -7790 END
START -580 -20980 -3832 5766 -4399 -8836 END
START -808 -18580 -3612 2315 -4488 -9283 END
START -1768 -16932 -5196 -1296 -4662 -9070 END
START -1784 -16360 -7220 -2331 -3031 -8589 END
START -1820 -14448 -7236 -1159 -729 -7272 END
START -2148 -12512 -7876 -584 1526 -5472 END
START -2336 -11480 -8540 -3294 3285 -3039 END
START -2828 -13860 -9264 -2852 6691 -1993 END
START -3196 -15136 -8932 815 9700 -2073 END
START -3620 -16408 -6164 1667 10409 -2361 END
START -1544 -17408 -6856 -2219 11695 -852 END
START -1320 -21700 -8844 -3795 13531 -1696 END
START -2008 -24992 -7792 -1729 16312 -3984 END
START -1432 -27308 -5000 1572 17209 -7099 END
START -1236 -25924 -8 2227 16334 -9118 END
START -1148 -24568 3268 -2145 12558 -9945 END