START 5000 -22592 -9896 5158 3558 2219 END
START 4560 -19776 -10400 2816 5604 1232 END
START 4484 -22840 -9480 -2591 8868 785 END
START 1868 -25040 -7920 -1812 12982 -1035 END
START 1348 -25100 -6040 134 13990 -3060 END
START 1040 -26832 -2900 -766 14495 -4962 END
START 1580 -24612 -1080 -1192 14129 -6938 END
START 2680 -23220 3068 -1069 12677 -8928 END
START 4420 -22212 5076 -117 10282 -9258 END
START 4988 -21280 5844 -1228 7435 -9695 END
START 4696 -20380 5196 -2124 6111 -10245 END
START 4704 -18392 5264 -2772 6443 -11164 END
START 4540 -17728 7640 -3920 4475 -11460 END
START 4112 -16064 8012 -4523 791 -11373 END
START 4436 -13960 7404 -5040 -3206 -10617 END
START 4196 -13024 5380 -4760 -5250 -9958 END
START 3732 -11148 3996 -4450 -4654 -10417 END
START 3508 -7984 3628 -5758 -5043 -9858 END
START 4384 -6644 1424 -7464 -6633 -7448 END
START 5608 -5516 -1308 -6640 -6419 -5880 END
START 6192 -3720 -2912 -5838 -5186 -4581 END
START 6312 -2924 -2988 -5613 -4918 -3359 END
START 6096 -2176 -1884 -4882 -6018 -1694 END
START 5816 -1616 -4196 -6009 -5709 2244 END
START 5276 -3072 -4592 -7218 -3247 3839 END
START 5008 -2908 -3724 -8658 -2062 5890 END
START 4524 -4288 -1724 -5434 -3478 7547 END
START 4116 -5180 -2992 -1465 -4775 10121 END
START 3456 -6896 -3980 -1382 -4863 11967 END
START 3704 -9492 -5320 -2408 -4643 13960 END
START 3892 -10584 -6368 -760 -2958 14441 END
START 3456 -11652 -7872 -841 -629 15878 END
START 2980 -13012 -8416 -1753 1892 15888 END
START 2192 -15256 -6452 -461 3663 16137 END
START 1752 -17180 -2660 4727 2985 16362 END
START 1236 -19216 -1088 6608 -427 16323 END
START 1396 -21452 -2340 6304 -1174 15576 END
START 616 -22088 -1776 7078 886 13709 END
START -352 -23156 108 7274 -446 12470 END
START -468 -25628 668 10570 -2847 9784 END
START 672 -24132 1736 10780 -3274 7998 END
START 1092 -22660 4764 4151 -3603 7010 END
START 676 -23220 4876 -2454 -8283 5704 END
START 832 -25164 -1560 720 -11463 3249 END
START 1920 -22516 -3088 4409 -9193 1537 END
START 2656 -23828 -1132 2842 -9610 1029 END
START 2312 -25560 -1064 3574 -11649 -1169 END
START 2788 -24048 -5288 3962 -12553 -2636 END
START 2220 -22724 -8824 876 -9180 -4125 END
START 964 -23332 -8572 1836 -5105 -6307 END
START -248 -21520 -6784 5324 -5369 -8776 END
START -500 -19040 -7428 5999 -5019 -9025 END
START -844 -15908 -8348 1305 -1488 -8109 END
START -1592 -15200 -9184 -2038 3057 -7844 END
START -2128 -14316 -9344 -1047 4902 -6993 END
START -1936 -10976 -9260 -839 5357 -4535 END
START -668 -12076 -9412 -2891 6694 -1835 END
START -1112 -14584 -9096 929 9555 -204 END
START -1004 -16160 -6468 1309 9863 318 END
START -740 -19224 -6928 -1719 10784 543 END
START -312 -21792 -6340 -3151 12894 42 END
START 1148 -23980 -4536 -2624 13742 -1689 END
START 1856 -25100 -2588 1541 12199 -3692 END
START 1792 -24796 1444 1916 10166 -5424 END
START 2328 -23788 3968 -2823 8509 -5805 END
START 2724 -26208 3724 -5118 8898 -7446 END
START 1888 -23000 4112 -3671 9516 -10468 END
START 2340 -21360 4492 -3160 7908 -11480 END
START 3096 -18332 5036 -2219 6050 -11802 END