START 2700 -22552 -6708 4298 7554 5689 END
START 2772 -25132 -7888 228 7479 3901 END
START 2724 -27020 -8336 -2602 8531 257 END
START 3936 -28908 -7796 -1671 9113 -1663 END
START 3384 -30136 -5280 -69 8473 -4129 END
START 3772 -28440 -2388 -93 7415 -5920 END
START 3740 -27356 744 -2575 3409 -6882 END
START 3060 -27276 1464 -4686 1714 -8737 END
START 2796 -25856 3456 -6650 3859 -12795 END
START 1876 -22156 3648 -9286 4391 -14719 END
START 916 -20736 7352 -8255 1981 -14229 END
START 468 -16728 8028 -5288 -1704 -12721 END
START 496 -14440 7992 -5331 -3652 -11879 END
START 248 -11160 7204 -5759 -4513 -12017 END
START 1548 -8960 5248 -8300 -6071 -9144 END
START 1436 -7672 3416 -9744 -7919 -6444 END
START 1876 -7032 1540 -6990 -7737 -5951 END
START 2536 -5656 -296 -5270 -5473 -6554 END
START 2752 -3072 -1832 -7871 -3045 -3700 END
START 2560 -4180 -1712 -8800 -2039 -1093 END
START 2472 -4160 -2260 -4455 -1979 -101 END
START 2724 -3700 -2252 -1418 -1247 1372 END
START 2240 -3516 -1784 -1087 -1658 3748 END
START 2536 -4296 -2484 -791 -3638 7633 END
START 2228 -6896 -4440 688 -2988 9735 END
START 1736 -8068 -4792 1743 -491 9949 END
START 528 -8228 -2720 2219 -581 9246 END
START 812 -9872 -1760 3999 -2421 10773 END
START 336 -10600 -2664 3390 -2231 13398 END
START 248 -14212 -3816 -13 -1088 14771 END
START 308 -15384 -3592 181 630 14237 END
START 276 -13916 -2672 4129 56 13508 END
START -180 -13408 476 6741 -983 16607 END
START -1268 -16036 1792 4971 -1715 18935 END
START -1664 -19376 2436 3799 -2550 18733 END
START -2472 -24612 2808 6196 -4812 16250 END
START -2096 -25608 3676 10133 -6512 13411 END
START -1764 -26880 3660 6769 -8256 12218 END
START -1076 -29032 528 4090 -10139 9222 END
START -108 -30092 -2208 3618 -10191 3903 END
START -124 -28500 -1228 8796 -9806 269 END
START -52 -27140 -1400 7981 -12110 -1572 END
START -368 -27016 -3916 2065 -13166 -3163 END
START -984 -26228 -7032 -1933 -11922 -6025 END
START -1128 -24596 -9000 -2406 -10783 -8486 END
START -1988 -22104 -9212 861 -8279 -9660 END
START -2628 -19316 -8956 -765 -6358 -9864 END
START -2956 -18148 -8272 -2872 -3841 -9730 END
START -3148 -16140 -6956 -2169 -674 -9884 END
START -3140 -13416 -6280 -2985 439 -8004 END
START -2812 -12128 -5688 -2715 1637 -5380 END
START -2932 -11288 -6044 -2733 5685 -4098 END
START -3568 -11820 -5500 -3387 7662 -2482 END
START -3480 -13620 -4452 -1537 9047 -1404 END
START -2976 -16064 -4688 -1878 9176 -499 END
START -1276 -18464 -7960 -3464 10753 -732 END
START -336 -19392 -8944 -5898 12460 -939 END
START 764 -21040 -10796 -9392 14297 -1889 END
START -1300 -24252 -9472 -4641 18055 -3485 END
START -2920 -23744 -3168 1264 19353 -5562 END
START -2948 -21572 4124 -1459 16943 -7217 END
START -2380 -19020 8388 -3212 11544 -7378 END
START -760 -15336 9364 -2617 5866 -6170 END
START 1200 -13572 7360 -4330 5799 -7510 END
START 1708 -12552 6668 -7088 4195 -7826 END