START 4040 -19008 -18336 -4080 11873 3165 END
START 3876 -25452 -16408 6743 17347 2667 END
START 2736 -28800 -7284 10030 16745 -1175 END
START 1352 -29356 796 -783 13364 -5125 END
START 720 -29832 4484 -9142 9235 -7977 END
START 1472 -28036 3716 -8785 7869 -11223 END
START 2352 -23084 4520 -8926 6949 -13706 END
START 2764 -18780 3780 -9014 3895 -14965 END
START 3552 -14580 2928 -9332 650 -14516 END
START 3816 -10740 3196 -8495 -2629 -11868 END
START 4412 -9020 324 -7234 -2375 -9717 END
START 4336 -6508 -540 -8173 151 -8510 END
START 3608 -5352 444 -8436 -524 -6809 END
START 3024 -4428 1116 -5148 -2432 -4201 END
START 2608 -3764 1248 -2406 -3932 -1469 END
START 2364 -2504 -304 -3876 -4202 1850 END
START 2164 -3220 -980 -5342 -4500 4219 END
START 2108 -4368 -2728 -2652 -4966 6530 END
START 2452 -4200 -3696 1707 -4767 8381 END
START 3032 -4600 -2964 3120 -5610 9231 END
START 2312 -7656 -4328 5350 -6688 11184 END
START 1708 -8848 -5916 6565 -4841 13239 END
START 620 -11172 -6684 3297 -2850 16083 END
START 188 -16148 -6936 1433 -1186 15788 END
START -548 -19292 -5280 3154 -521 15158 END
START -1444 -18752 -2428 8801 -622 14598 END
START -1048 -17420 -1108 7950 -2207 14248 END
START -1312 -17864 -2068 2358 -1892 14644 END
START -1504 -20452 -2256 -172 -1624 14106 END
START -1364 -21184 -1908 4621 -3148 13012 END
START -828 -20852 -2028 9334 -6211 12129 END
START -436 -21716 -2052 7907 -6690 11146 END
START -792 -23744 -4228 2846 -6675 9902 END
START -500 -27344 -6712 59 -7142 7441 END
START 808 -27528 -7564 2378 -6417 3651 END
START 1360 -25168 -7088 2332 -5880 806 END
START 536 -22596 -5640 428 -5579 -1238 END
START 52 -21796 -5352 -1619 -6503 -2487 END
START -568 -20288 -6288 -1847 -6550 -3571 END
START -1064 -17620 -6964 -4543 -5916 -4303 END
START -1256 -17072 -8000 -4585 -5229 -4388 END
START -1472 -15728 -8776 -3191 -3686 -4225 END
START -1616 -15840 -7960 -1797 -1626 -4139 END
START -1584 -15240 -7576 -640 416 -4201 END
START -1264 -15060 -7640 -1584 1408 -3529 END
START -1956 -16996 -6464 1484 2428 -3398 END
START -2480 -18592 -7208 3224 3774 -3702 END
START -2844 -20240 -8280 572 5446 -4943 END
START -2676 -21568 -6280 2170 6676 -7037 END
START -1876 -20668 -5508 3071 6599 -7792 END
START -1180 -18736 -4668 1155 6225 -8909 END
START -240 -17996 -5968 -4435 5587 -8835 END
START -180 -19444 -7112 -4708 6392 -8588 END
START 460 -17740 -6588 -119 7687 -8851 END