START 492 -21184 2364 2149 7524 4476 END
START 20 -24844 4536 1478 7805 3245 END
START 308 -26484 6396 -802 8719 556 END
START 16 -28804 7532 -3970 7215 -2884 END
START -32 -28712 8288 -2265 4888 -5372 END
START 992 -27740 8632 -3307 3089 -7722 END
START 484 -27056 8876 -5305 1719 -10045 END
START 652 -26276 8072 -6913 381 -12402 END
START -4 -24796 7456 -7923 1222 -14047 END
START -964 -22304 7440 -8658 359 -16356 END
START -456 -21032 7480 -7664 -940 -18316 END
START -388 -16384 7776 -6704 -1024 -19006 END
START -540 -13536 8056 -7616 -1451 -19069 END
START 488 -10336 7592 -8583 -2732 -17629 END
START 1772 -8640 6968 -8486 -3958 -15235 END
START 2324 -7020 5684 -7865 -4577 -13528 END
START 3032 -5388 4324 -7007 -4589 -12092 END
START 3600 -3840 3400 -7022 -4689 -9291 END
START 4284 -2728 2556 -6767 -4356 -6356 END
START 4320 -2832 1980 -5709 -3997 -3458 END
START 4356 -2932 1532 -3539 -4359 -929 END
START 5076 -3144 76 -2702 -4670 2145 END
START 5520 -4720 -1540 -3317 -3211 4737 END
START 5528 -6656 -2104 -3416 -2157 6178 END
START 5632 -8656 -2456 -2030 -2193 7770 END
START 5684 -9544 -3296 1698 -1702 9069 END
START 5172 -10208 -2724 4032 -69 10333 END
START 4540 -11292 -2532 3691 1198 11744 END
START 3912 -13952 -2524 3956 1892 12454 END
START 3232 -14700 -1564 6402 2821 12477 END
START 3216 -13724 -336 5185 3336 13503 END
START 3248 -17344 -1256 1583 2237 14434 END
START 3848 -20984 -2928 1147 2002 13695 END
START 4944 -23924 -4708 1993 2394 12425 END
START 6080 -25928 -6340 -665 3175 10656 END
START 5144 -28500 -6700 -4354 4591 8480 END
START 3032 -28940 -4792 -4358 4307 6397 END
START 1252 -29144 -2284 -1425 4534 3167 END
START 708 -26712 544 -2768 6182 -926 END
START -100 -23804 3624 -5661 5770 -3863 END
START 112 -20828 5984 -7267 2904 -4568 END
START 760 -17552 5936 -8387 -1203 -4220 END
START 1580 -14752 3488 -8972 -2461 -3783 END
START 2844 -12184 1856 -9632 -824 -3619 END
START 2408 -11276 1324 -9943 -1022 -3312 END
START 2300 -10836 564 -7990 -2551 -2140 END
START 1912 -10368 -436 -4955 -3687 -1104 END
START 2048 -9256 -2040 -1916 -2777 1027 END
START 2188 -8916 -2204 -2183 -977 2487 END
START 1396 -9828 -2084 -2526 -156 3885 END
START 1440 -11124 -2192 -987 -136 3802 END
START 940 -10836 -2364 1939 311 4437 END
START 1280 -11284 -2136 4129 999 6673 END
START 680 -11776 -600 4414 642 7418 END
START 452 -12548 364 2959 -137 8575 END
START -60 -12668 916 1975 -140 9152 END
START -1220 -12600 716 1079 -335 10895 END
START -2084 -16932 96 1794 -1771 12821 END
START -2544 -19120 -1124 3581 -2200 11567 END
START -2476 -18272 -452 4246 -1852 10545 END
START -2228 -17192 1796 4229 -1698 10706 END
START -3276 -19600 2320 5921 -3869 10492 END
START -3192 -20600 2068 4791 -6057 9394 END
START -3568 -20676 2340 3558 -6480 7766 END
START -3764 -22172 3200 4868 -6469 7101 END
START -3672 -26784 1000 4941 -8945 5921 END
START -3244 -29820 -2284 4099 -8778 1686 END
START -2812 -30568 -5840 4593 -5463 -2900 END
START -3024 -28848 -6544 3229 -4333 -5572 END
START -2308 -27616 -6320 3412 -3472 -9416 END
START -1848 -26176 -5172 3034 -2549 -11608 END
START -2876 -23604 -4592 710 -505 -13128 END
START -2816 -23272 -3296 -1292 -269 -13590 END
START -2012 -21252 -2816 -539 -630 -13678 END
START -1272 -20072 -3360 -1906 -543 -13497 END
START -1128 -18620 -3676 -912 1614 -13811 END
START -1496 -15880 -3780 -2852 3810 -13448 END
START -884 -15724 -2508 -3953 3911 -12935 END
START -148 -15532 -2716 -1176 3334 -11255 END
START 732 -14772 -3288 -458 5563 -10010 END
START 936 -13864 -1624 -2351 7090 -9550 END
START 2212 -14352 -908 -4397 6504 -8317 END
START 2624 -15284 -864 -2496 7251 -8186 END
START 2500 -15056 1184 42 6936 -6930 END
START 1444 -16340 4512 -1495 8562 -6135 END