START -544 6076 216 -2991 2516 15361 END
START 312 3232 888 1283 3011 22750 END
START -1104 1512 820 4060 2670 26509 END
START -2216 -3592 292 5681 2870 30133 END
START -4892 -10828 -220 10225 4022 32767 END
START -6904 -19020 640 17813 6863 32767 END
START -7216 -19460 3664 13599 9498 32767 END
START -6412 -22180 4248 -2037 8682 28833 END
START -5708 -25044 2356 -9396 6719 24820 END
START -5628 -29068 -412 -3605 5914 22483 END
START -6120 -27712 1592 7987 8298 22087 END
START -5764 -23436 4876 7444 7151 21664 END
START -5516 -21476 5928 -3254 4102 19820 END
START -7088 -22288 2468 -11622 2384 15782 END
START -8840 -26092 -196 -14751 2604 15315 END
START -8964 -28604 2040 -1068 2527 15248 END
START -8356 -27892 3996 4677 838 12966 END
START -6792 -26196 4152 -199 -1140 8416 END
START -4748 -25756 832 -9581 -3718 3924 END
START -3964 -28076 -2912 -11441 -3530 779 END
START -4584 -30028 -3728 -4478 -1574 -1741 END
START -5880 -29848 -2640 -885 -871 -4194 END
START -6992 -29632 -1640 642 -832 -9104 END
START -7860 -28160 -1656 -2121 -1751 -13807 END
START -8984 -30488 -1072 -23 -1113 -17726 END
START -9016 -25932 228 2965 -2043 -20160 END
START -8184 -23900 332 -943 -4034 -22467 END
START -7884 -19380 -336 -4740 -4510 -24191 END
START -6536 -16696 -32 -4547 -4386 -24928 END
START -5796 -12596 -208 -2700 -4004 -22775 END
START -4880 -10084 1208 -1784 -4178 -21172 END
START -4448 -7476 2156 -1076 -5851 -17942 END
START -2708 -6580 1984 -784 -7022 -15117 END
START -1824 -4224 1440 -803 -6735 -12520 END
START -596 -2140 336 -4523 -7742 -7878 END
START 360 -3532 -776 -4327 -8797 -3171 END
START 1204 -7592 -3012 1174 -8004 1434 END
START 2452 -10532 -5124 4969 -5213 2584 END
START 3208 -12712 -5036 2617 -3419 2350 END
START 3700 -17660 -6524 -1802 -2437 2951 END
START 4656 -21068 -7520 601 574 718 END
START 5484 -22124 -9672 -2818 1268 -653 END
START 6188 -25704 -12292 -4118 2662 -2428 END
START 6996 -27064 -15132 -4880 7796 -6061 END
START 5680 -26828 -13880 -5122 13841 -10270 END
START 5676 -25484 -11452 -9780 16509 -13360 END
START 5116 -22812 -9052 -13652 18665 -15509 END
START 3976 -17968 -4888 -10275 19153 -15008 END
START 3648 -14184 -2104 -4827 21785 -14357 END
START 2492 -10120 2528 -2696 22512 -13453 END
START 1796 -8656 6096 -1263 20028 -11714 END
START 192 -8692 9736 1470 13935 -8509 END
START -928 -8532 13584 8188 8441 -5539 END
START -1368 -7892 15280 5956 3798 -4278 END
START -1156 -6372 16120 -2515 -1750 -4018 END
START 228 -4124 14684 -6452 -7518 -1515 END
START 1500 -3024 12060 -5620 -12783 2026 END
START 2108 -4352 11596 -210 -17473 5552 END
START 2904 -5652 9076 3633 -22297 9656 END
START 4032 -10248 4452 2973 -26485 11224 END
START 4556 -15364 -1756 1217 -26837 10405 END
START 5792 -18832 -7208 200 -25398 8563 END
START 5828 -21144 -14600 -4202 -22811 5259 END
START 5840 -20100 -17412 -1297 -15503 1619 END
START 5260 -16704 -15552 2313 -10582 598 END
START 5316 -14272 -16084 1441 -7800 1196 END
START 5480 -12524 -17504 -1500 -3404 2443 END
START 5084 -12484 -17324 -834 2335 3346 END
START 4112 -10308 -13828 5971 6582 4128 END
START 4024 -9880 -8360 9695 5424 6361 END
START 3572 -10840 -4520 10576 4014 7981 END
START 2628 -8720 -4020 6606 3803 10715 END
START 2336 -7088 -4928 -3791 5570 14083 END
START 120 -6296 -4364 -10603 6786 14622 END
START -1656 -8708 -2528 -7798 4439 15416 END
START -3988 -10788 -2632 6749 4258 16517 END
START -5504 -8144 -2708 13956 6730 20079 END
START -6756 -8564 -3328 4631 7521 22902 END
START -7536 -10764 -5504 -7295 9232 24313 END
START -8304 -13396 -4952 -11623 10995 22245 END
START -11420 -21400 -1932 2472 11021 23323 END
START -12304 -27112 1528 21933 11386 27761 END
START -11472 -29796 4464 19192 11951 25491 END
START -9576 -32768 4384 -1375 8736 17098 END
START -7672 -32768 3152 -7487 5144 10385 END
START -6416 -32768 1712 2010 585 4228 END
START -3188 -31892 -668 4104 -3058 -1430 END
START -1968 -29544 -4824 133 -2229 -6166 END
START -772 -26892 -5460 -3024 -857 -9596 END
START -2244 -25704 -3856 -2388 -502 -11523 END