START 2612 -688 344 2301 642 5865 END
START 2196 1100 -2632 1624 2496 12460 END
START 1280 -712 -2128 144 3800 14462 END
START 524 -880 -528 -468 3115 16366 END
START -1004 -2808 2376 3804 3203 19859 END
START -2156 -4444 2856 9400 2988 23287 END
START -2592 -6396 1724 10056 2581 25685 END
START -3024 -10584 1016 8258 3284 27721 END
START -3324 -16224 3324 10585 3205 28682 END
START -2404 -19864 3676 12336 2251 28922 END
START -800 -22996 588 8324 2353 27795 END
START -504 -25500 -2620 3468 4808 24848 END
START -1412 -28532 548 2855 6963 22090 END
START -2340 -29436 5912 11596 6965 20072 END
START -1936 -27828 6396 11756 4176 18647 END
START -448 -28432 3872 3262 2611 16669 END
START -72 -29340 3004 -271 2595 13863 END
START -644 -28308 3852 1286 2151 11250 END
START 144 -30328 3576 2329 -331 9618 END
START 1124 -32768 704 212 -1244 6333 END
START 1332 -32768 188 -4201 -2039 1043 END
START 688 -32768 -572 -6562 -2154 -3884 END
START -560 -32768 164 -3805 -1269 -8410 END
START -1392 -30128 1320 -2895 -1102 -11698 END
START -1744 -28248 2352 -5127 -1968 -14667 END
START -2912 -27388 3604 -6454 -2899 -17556 END
START -3896 -25608 3724 -7474 -4138 -19336 END
START -3080 -22612 2712 -8079 -4480 -21049 END
START -3388 -19244 2200 -7084 -4080 -22307 END
START -2824 -16056 2416 -3410 -3391 -22856 END
START -2008 -12188 2148 -6881 -4950 -21401 END
START -1388 -8432 2128 -8210 -5079 -19352 END
START -92 -3892 832 -6028 -3856 -16626 END
START 1432 -832 2656 -5352 -4474 -12690 END
START 1112 -1916 1176 -1965 -6781 -7728 END
START 1532 -4516 -2156 1098 -6796 -3934 END
START 2748 -8008 -4828 210 -4646 -1529 END
START 3268 -10280 -5060 -1435 -2458 -874 END
START 4400 -12288 -4092 -1169 -1791 -1052 END
START 4752 -12644 -3640 1160 -693 -475 END
START 5200 -13124 -3036 3063 319 544 END
START 5520 -14568 -1760 1785 580 764 END
START 6112 -15688 -1784 -747 -491 365 END
START 6532 -16260 -2600 -98 -1279 713 END
START 6984 -15972 -3624 757 -1079 1390 END
START 7248 -16512 -5744 -697 -245 1622 END
START 7888 -18488 -6220 -1464 -291 1255 END
START 8832 -19676 -7680 1562 -110 1245 END
START 9308 -21184 -11800 304 957 698 END
START 10972 -24036 -14788 -3559 3872 -826 END
START 10532 -26192 -16304 -6355 7793 -3641 END
START 9248 -24560 -14992 -5620 13022 -6584 END
START 7312 -22356 -9948 -3357 15819 -8263 END
START 7012 -19500 -4844 -1594 16021 -8303 END
START 7436 -17608 -2168 -4184 13905 -7529 END
START 6436 -13808 -1268 -5217 15670 -7852 END
START 5444 -9656 52 -8591 17204 -6774 END
START 3884 -10924 4212 -9912 16577 -5237 END
START 916 -10284 6808 -5920 14933 -4026 END
START 136 -8188 8844 -6355 11118 -2613 END
START -56 -9400 9688 -6113 8334 -2669 END
START 1132 -7380 11264 -3536 4315 -2720 END
START 2304 -6076 10744 -1510 395 -2152 END
START 3364 -4392 9468 -2179 -3680 -782 END
START 4900 -4160 8464 -1877 -6969 1050 END
START 5432 -4952 7728 38 -9400 2628 END
START 5872 -6056 8764 118 -12067 4778 END
START 5200 -8216 8524 -2418 -16736 6262 END
START 4100 -11580 4248 -2328 -19755 6633 END
START 5116 -14556 -484 364 -18386 6330 END
START 5880 -15228 544 72 -18367 4752 END
START 6244 -18864 -1564 2731 -21112 4694 END
START 7520 -21008 -10012 3927 -21834 3630 END
START 8408 -20208 -13952 3099 -17179 2225 END
START 7176 -19984 -13344 2044 -14207 443 END
START 7112 -19296 -17040 2144 -11413 -807 END
START 6524 -17548 -19984 482 -6878 -1310 END
START 5096 -14792 -17960 4215 -760 -2332 END
START 4356 -11076 -14372 4418 2200 -1515 END
START 4280 -10024 -10444 3044 2940 604 END
START 3428 -9248 -7404 1399 2257 2944 END
START 2840 -9352 -6688 518 2015 4455 END
START 1804 -8972 -5808 1780 2789 5291 END
START 656 -8164 -5764 2915 4116 6467 END
START -228 -5840 -5628 3648 6154 8693 END
START -528 -2748 -5636 2961 8850 11784 END
START -1060 -948 -6180 46 9607 16203 END
START -2440 -3320 -7748 -1028 10015 21196 END
START -4600 -6260 -8464 4052 12512 26316 END
START -6116 -10416 -6064 8135 15811 29574 END
START -7736 -14720 -4116 6633 15999 31255 END
START -8628 -17488 -5168 -2233 15846 32497 END
START -11324 -21820 -4684 -9434 16690 31586 END
START -12504 -28232 260 2588 16743 29873 END
START -12088 -31788 4904 9754 14546 26511 END
START -10432 -32768 8220 4519 8349 20238 END
START -7468 -32768 4444 -2928 4177 13638 END
START -5084 -32768 2660 -5185 2157 7651 END
START -3876 -31836 1948 -1179 212 3215 END
START -3688 -30376 -520 2973 -460 -991 END
START -3796 -28652 -432 2240 -720 -5365 END
START -4636 -27120 1276 -140 -1879 -9353 END
START -6332 -24564 2540 -1279 -4185 -13586 END