START 5120 1824 -432 -4317 964 -951 END
START 4688 3612 -1096 2764 2879 3943 END
START 3120 4584 -152 2779 4442 8425 END
START 2444 3084 2796 1604 3978 11495 END
START 1868 2704 4640 861 1177 16124 END
START 616 -1264 3344 2650 -2855 21972 END
START 396 -4172 1380 8162 -2240 25238 END
START 192 -8764 1172 6546 -2259 27042 END
START -732 -13592 -476 6162 -2453 27546 END
START -80 -16700 -1540 5208 -351 27584 END
START -728 -16444 -172 3949 2453 26192 END
START -1452 -20696 -396 4285 1351 26547 END
START -1196 -22168 -2296 7021 2048 25824 END
START -1916 -21288 -124 7467 4571 24486 END
START -2748 -20488 2624 5938 4262 23581 END
START -3976 -20872 2624 1381 2562 22613 END
START -6040 -23320 3348 176 1551 22958 END
START -6476 -26108 2560 -676 -874 22306 END
START -6024 -30188 -1324 -3030 -2584 18620 END
START -5532 -32256 -2240 -2104 -819 13506 END
START -5220 -31856 -1248 -3446 -1156 8965 END
START -4800 -32768 -1536 1207 -2401 5238 END
START -3972 -32768 -2124 1761 -2644 403 END
START -4112 -32768 -780 -1460 -2537 -5903 END
START -5220 -31948 1048 -2494 -3547 -10946 END
START -5288 -30240 1404 -2749 -4572 -14894 END
START -5056 -26420 -696 -4976 -5328 -18577 END
START -4152 -24308 -1296 -3618 -4213 -21182 END
START -3680 -18608 -368 -2963 -3299 -23072 END
START -3644 -13772 216 -4519 -3081 -23010 END
START -3068 -10480 1504 -5098 -4009 -21716 END
START -1900 -5776 944 -5620 -4521 -18104 END
START -1404 -4080 1356 -5196 -4035 -14804 END
START -796 -2260 2052 -4055 -4834 -11053 END
START -212 -3808 1144 -3028 -6717 -5788 END
START 160 -5544 452 -1379 -8294 -1159 END
START 944 -8256 -2468 -1715 -7868 1912 END
START 1912 -11440 -4184 -926 -5826 2950 END
START 2356 -15160 -5268 -225 -5572 3960 END
START 3580 -19296 -8952 -936 -4931 4330 END
START 4668 -23628 -12356 -1201 -1571 2249 END
START 4460 -27292 -13132 340 2817 -1317 END
START 4684 -27660 -11932 -689 6174 -4492 END
START 4712 -27952 -10180 -5286 6545 -7001 END
START 5428 -27256 -10512 -9943 8661 -9673 END
START 5400 -24412 -10644 -12339 13542 -12454 END
START 5080 -21592 -8768 -13324 16253 -14192 END
START 4360 -17696 -4488 -10615 17032 -14591 END
START 3872 -13432 -32 -5511 14581 -12004 END
START 3132 -10064 2420 -3601 11286 -9347 END
START 2944 -8660 3472 -3962 10919 -7432 END
START 1532 -7512 5712 -5144 10927 -6468 END
START 408 -6256 9500 -4298 8598 -5367 END
START -744 -4296 12792 -2696 3284 -2272 END
START -724 -3968 12976 -470 -2423 752 END
START -68 -3920 11328 -2197 -6633 2393 END
START 548 -6212 9072 -2642 -10693 3927 END
START 1932 -8652 6328 -566 -15040 5325 END
START 2904 -12656 2892 2585 -17339 5617 END
START 4628 -17980 -3096 1742 -19335 4475 END
START 6096 -21428 -9200 803 -17742 243 END
START 7828 -21240 -14504 -1529 -14545 -2132 END
START 8456 -19692 -16424 447 -8588 -4821 END
START 8304 -14348 -14360 2841 -4581 -5808 END
START 7428 -10496 -11232 3998 -3808 -5141 END
START 6380 -8424 -10852 7124 -3586 -1660 END
START 6616 -7692 -10036 8533 -1175 2294 END
START 5712 -9344 -8420 6502 -418 4630 END
START 4700 -10464 -7584 5588 -864 6719 END
START 4308 -11516 -7244 5403 -229 8087 END
START 3348 -12908 -8308 2614 206 9295 END
START 2252 -13460 -8160 3017 2261 9304 END
START 1880 -11424 -8140 1520 4502 10355 END
START 1156 -9732 -6576 346 7184 11130 END
START -348 -7564 -3804 2564 8395 13721 END
START -1144 -5636 -584 4208 7655 17087 END
START -3252 -6836 1792 5748 5806 20618 END
START -4624 -8188 1352 7810 4916 23362 END
START -5684 -9160 -1900 966 5076 26716 END
START -6204 -13488 -5468 -5729 6206 27587 END
START -7948 -17120 -7824 -5695 8592 26586 END
START -9136 -19896 -5012 4881 9395 26569 END
START -10756 -22708 -1764 11003 9074 27032 END
START -11604 -28088 -592 6919 7842 25043 END
START -12052 -32768 1468 -146 8283 19030 END
START -9724 -32768 2780 -1717 5014 9225 END
START -6864 -32768 1052 -679 1491 897 END
START -4760 -29552 -16 1030 320 -4446 END
START -3296 -24480 348 1814 -921 -7488 END
START -3240 -22164 1008 376 -2615 -9876 END