START 4292 -22156 -15004 219 -14419 -5731 END
START 4536 -18076 -15544 -1660 -8967 -7558 END
START 4748 -14156 -14072 -2147 -4344 -8164 END
START 4364 -10388 -12264 -1665 -2476 -7066 END
START 4340 -8040 -11760 439 -1994 -5098 END
START 4168 -4988 -11312 3350 1084 -2970 END
START 3104 -2596 -7604 2275 4203 -529 END
START 2184 -3480 -3976 1574 2990 2258 END
START 1068 -4220 -3608 2950 -11 6212 END
START 772 -6256 -5776 4752 -707 8429 END
START -144 -5000 -6952 5815 2130 10154 END
START -1208 -6416 -6488 4753 3735 12939 END
START -1356 -7672 -8276 3556 2921 15833 END
START -1364 -8164 -12328 3535 4535 17739 END
START -1100 -7168 -16692 244 9616 23079 END
START -4180 -14336 -14684 4918 15891 24736 END
START -5068 -14056 -9432 9798 18636 26012 END
START -4688 -14000 -3772 6286 17811 27786 END
START -6680 -20236 -5512 -6523 11518 29770 END
START -12344 -32768 -5816 3164 15869 26062 END
START -13020 -32768 1664 9029 19330 18458 END
START -10460 -32768 7452 -2581 16422 9176 END
START -9580 -32768 9452 -5072 9964 3382 END
START -7088 -32080 7132 738 2845 221 END
START -3868 -26800 3360 -919 -180 -3403 END
START -2592 -23388 1640 -461 -954 -5614 END
START -3260 -21480 3100 2746 -2288 -6882 END
START -3940 -20356 4160 2485 -5237 -8105 END
START -5008 -19812 3396 211 -8405 -9546 END
START -5748 -19148 2992 -365 -10996 -11147 END
START -5936 -17844 1708 220 -12157 -13427 END
START -6660 -18076 2068 2881 -13348 -14522 END
START -5884 -16832 1744 4194 -15120 -14922 END
START -4684 -14760 484 3181 -17357 -15101 END
START -4644 -14836 -872 4804 -17269 -15615 END
START -3496 -13116 -1160 4339 -18910 -15110 END