START 4996 -1100 -1540 650 1028 4120 END
START 4664 -2056 -2568 348 2496 12260 END
START 3512 -3728 -1812 4725 3186 16849 END
START 2440 -4380 -400 10918 3722 20002 END
START 2472 -4352 -104 9707 4212 22478 END
START 1516 -4612 1488 5822 4162 25442 END
START -748 -8180 804 4895 1821 28207 END
START -860 -12976 -2892 7076 1687 29650 END
START -2660 -13936 -3664 9531 4444 30308 END
START -4088 -17976 1776 9625 5460 31633 END
START -5100 -20356 5028 7443 1981 30951 END
START -4888 -24340 1312 -1844 -1862 29176 END
START -4396 -30100 -1872 -6207 -1872 26356 END
START -3872 -32072 -1172 -2183 -1024 21633 END
START -2572 -28364 -1636 -2461 -1658 17298 END
START -1724 -25336 -3148 -7234 -1890 14781 END
START -1900 -24908 -2512 -6392 -2017 13079 END
START -3052 -29408 -2676 1273 -1809 11264 END
START -2256 -32436 -3724 3486 -1563 5941 END
START -1584 -31376 -3644 -3483 -756 -1080 END
START -1820 -29940 -2148 -4283 211 -5793 END
START -2784 -29284 -1160 374 69 -8987 END
START -3076 -29720 -256 2415 -820 -12731 END
START -3016 -27540 -1420 -1636 -1958 -17158 END
START -3396 -26344 -980 -5743 -3169 -21125 END
START -3132 -22836 -1636 -1964 -3152 -22771 END
START -2084 -17436 -2940 -3125 -2832 -23603 END
START -2548 -14064 -3604 -8181 -1512 -23479 END
START -2824 -12260 -2212 -10592 -1338 -22514 END
START -2312 -9656 -1904 -7495 -981 -20086 END
START -2100 -6992 -2096 -3595 161 -17216 END
START -1764 -7280 -1480 -3589 -859 -13567 END
START -1024 -8004 -1572 -2714 -2073 -10741 END
START 216 -6980 -2020 -1370 -1671 -8130 END
START 1464 -7928 -2312 -1533 -2350 -3982 END
START 2720 -10216 -3692 657 -1800 -2006 END
START 3900 -11420 -4816 1386 -1066 -1214 END
START 4668 -12548 -5664 315 -976 572 END
START 5420 -14184 -6448 -1196 -920 1561 END
START 5868 -16412 -7324 823 249 1736 END
START 6808 -17608 -8780 2350 1944 970 END
START 7912 -17552 -9656 -601 2629 350 END
START 8852 -19872 -12300 -4688 3629 -470 END
START 11052 -23012 -17048 -5024 6193 -2666 END
START 10928 -23404 -19836 -6124 9660 -5886 END
START 9008 -21556 -20348 -7780 16256 -8509 END
START 6720 -18796 -15444 -8388 22745 -10801 END
START 4608 -14840 -8564 -6952 24908 -10334 END
START 3596 -11168 -1764 -4959 25091 -8894 END
START 1960 -10768 5492 -4026 21794 -6611 END
START 856 -11760 12204 -1999 18036 -6245 END
START 936 -12916 14852 -6287 10450 -5500 END
START 392 -13580 15304 -7158 4847 -5505 END
START 1108 -12808 14096 -4387 -869 -4705 END
START 3064 -8524 10932 -2173 -5806 -3691 END
START 4408 -5432 7584 -679 -8658 -1861 END
START 4664 -4436 5752 1528 -10729 705 END
START 5088 -5472 4844 4209 -13450 3128 END
START 5244 -7348 3508 5597 -15653 5870 END
START 5404 -10668 1548 5607 -17169 7367 END
START 5088 -14392 -292 7760 -18961 8313 END
START 5832 -16128 -3744 11150 -20006 8226 END
START 7024 -18752 -8620 8918 -19613 7325 END
START 7588 -20948 -12016 7448 -15250 4429 END
START 7084 -20960 -11808 6065 -13085 1827 END
START 7256 -21120 -14480 3753 -12348 763 END
START 7116 -19036 -16932 2450 -7986 -808 END
START 6172 -15884 -16784 837 -2122 -2495 END
START 4660 -11832 -14124 1445 1694 -2793 END
START 4652 -9224 -10848 804 3729 -355 END
START 3892 -6284 -7536 346 4551 2377 END
START 3024 -5080 -4780 946 4370 6482 END
START 2108 -6428 -3168 2791 3769 9791 END
START 1092 -6500 -3536 3790 4264 12659 END
START 56 -7116 -3584 2366 4659 15412 END
START -636 -7624 -4240 2035 6392 17462 END
START -1856 -6676 -5364 930 6912 19652 END
START -3864 -4076 -9356 -1874 6674 26089 END
START -4548 -7164 -10648 -4978 8746 30822 END
START -6608 -13116 -11476 -4789 13230 32016 END
START -8372 -19472 -6868 6155 17098 32618 END
START -8448 -20200 -2356 5454 16859 32460 END
START -9212 -29060 1652 -9832 12086 28123 END
START -10448 -32768 3904 -8719 9571 20924 END
START -9132 -32768 2960 -2865 3960 15208 END
START -5760 -32768 2464 -1504 -811 8371 END
START -4428 -32768 724 2063 -3310 1358 END
START -3388 -31096 -804 2844 -4161 -5824 END