START 3168 772 892 -2511 -236 -7352 END
START 2572 2636 768 -1221 739 -2972 END
START 1996 3812 2140 -1192 -431 1758 END
START 1564 3232 2164 611 -2415 7779 END
START 1288 2512 1744 3895 -3442 13050 END
START 624 2152 832 6341 -3280 18072 END
START -300 -148 252 7234 -2895 23014 END
START -1928 -4412 -132 9750 -2399 26575 END
START -2440 -10516 -636 12393 -2159 28064 END
START -2628 -15564 -1332 12379 -995 27228 END
START -3076 -17412 -1700 11052 513 26656 END
START -3616 -20084 -3416 4500 2568 26191 END
START -5024 -21624 -1704 849 4723 23845 END
START -6692 -24764 1788 7639 3203 23825 END
START -6080 -24988 1244 11634 1073 22208 END
START -6416 -24452 -388 5507 3210 18794 END
START -7416 -24356 1164 -2485 5183 16578 END
START -7124 -26180 892 -3319 2500 16170 END
START -7136 -31300 644 8196 15 16165 END
START -6284 -31900 -1312 7978 -557 12640 END
START -5608 -32768 -2552 -1125 -330 6745 END
START -4516 -32768 -3048 -4295 -1036 400 END
START -5072 -32768 -3132 -3707 -1621 -4690 END
START -6004 -32768 -492 856 -1824 -8972 END
START -5784 -30552 -116 -817 -2564 -13958 END
START -6828 -28568 1176 -5439 -2446 -18536 END
START -6848 -24680 1844 -7254 -3105 -21147 END
START -5632 -19432 1712 -6214 -3312 -22916 END
START -4892 -14296 908 -6525 -3577 -22837 END
START -4776 -10332 1212 -5627 -2966 -21742 END
START -3480 -5656 1192 -7161 -3552 -19884 END
START -2308 -2872 1040 -6380 -4113 -16852 END
START -1928 -1608 1268 -3047 -5036 -11533 END
START -900 -1244 84 600 -4892 -6258 END
START -860 -2696 -656 395 -5570 -1766 END
START -240 -6884 -2624 1329 -5982 1831 END
START 284 -9636 -4864 1712 -4456 4043 END
START 428 -14892 -5620 2259 -2612 4908 END
START 872 -18396 -6652 3747 -1470 4821 END
START 2352 -19960 -8528 205 -122 3880 END
START 2652 -22364 -9324 -557 3367 2110 END
START 2492 -24356 -9356 -179 4811 562 END
START 3344 -25560 -9776 -1341 5410 -1146 END
START 3660 -27040 -10436 -4976 6769 -2939 END
START 4628 -27604 -11900 -7066 10279 -6154 END
START 4696 -25692 -12304 -10770 12842 -8522 END
START 4976 -24396 -10840 -13173 14216 -9744 END
START 3792 -24200 -8488 -12566 14834 -9897 END
START 2728 -22040 -5808 -9895 18222 -11539 END
START 1492 -19484 -2136 -10969 19449 -12888 END
START 816 -16436 904 -12965 18038 -12930 END
START 92 -13476 3568 -9392 13543 -10950 END
START -456 -9472 4876 -2835 9838 -7915 END
START -728 -8912 6352 656 10707 -7472 END
START -1324 -8176 9480 -1767 8987 -7514 END
START -424 -7400 10976 -4623 3605 -7167 END
START 804 -5244 9372 -4672 -1167 -5368 END
START 2088 -4156 7404 -2299 -5459 -3334 END
START 3348 -2796 5552 -209 -6774 -1574 END
START 3412 -3344 6296 766 -8352 1155 END
START 3360 -6100 6804 1700 -12816 4172 END
START 3540 -9656 6132 4657 -19358 6190 END
START 4772 -13264 1828 5447 -23232 6579 END
START 4144 -15852 -2492 3455 -23814 6322 END
START 4408 -20760 -6312 1992 -22637 4274 END
START 5008 -21188 -10496 3589 -21551 1462 END
START 5180 -20228 -14588 2351 -19967 -299 END
START 5704 -20064 -19396 26 -15456 -2057 END
START 5012 -19140 -21404 -1214 -9556 -3947 END
START 4228 -15640 -19472 1054 -4471 -4169 END
START 4456 -12044 -16208 3914 -1502 -3401 END
START 4144 -10260 -12620 3439 -870 -556 END
START 3596 -10576 -10784 2978 -54 1625 END
START 3152 -10212 -8852 4080 395 2748 END
START 3120 -9872 -8436 2280 304 4606 END
START 2520 -10232 -7668 2971 1849 5790 END
START 2268 -10496 -6132 4380 3463 7320 END
START 876 -11772 -4400 5569 4140 7955 END
START 212 -11420 -3096 6069 3467 8545 END
START -220 -9760 -3568 5516 3429 9591 END
START -1084 -7700 -6128 3350 4857 11980 END
START -1316 -7924 -7940 3012 8061 13793 END
START -3060 -6532 -8740 4931 11279 16882 END
START -3584 -7824 -7876 4710 12824 20016 END
START -5700 -11696 -7668 6738 13531 22123 END
START -7048 -15796 -3980 15748 14926 21966 END
START -7332 -14160 -696 16037 14729 21495 END
START -5948 -13548 -728 6331 15112 23916 END
START -7968 -17980 -2380 -6615 13333 25486 END
START -10796 -30068 616 654 12858 23404 END
START -10468 -32768 3880 10402 10959 18553 END
START -8172 -32768 5572 1193 8330 11008 END
START -6660 -31336 5036 -9211 5369 4873 END
START -5076 -30524 2712 -10836 1746 -535 END
START -3640 -28112 1724 -4084 -415 -3951 END
START -2524 -23888 948 -99 -2265 -5433 END