START -1920 3456 -536 2982 3852 12477 END
START -2640 2624 1144 6760 1411 18561 END
START -4028 464 3216 7256 2480 24066 END
START -6344 -2936 324 7055 2817 27977 END
START -7688 -8812 3452 7522 3208 29752 END
START -6120 -10664 556 11451 4252 32767 END
START -5632 -15928 1952 8503 2861 32767 END
START -4480 -22332 1176 8927 2657 32767 END
START -3380 -27068 268 10614 1603 32767 END
START -1736 -32768 728 6127 471 32767 END
START -928 -32768 -364 4594 935 27991 END
START -444 -32768 516 5816 2585 21152 END
START 476 -32768 4072 3863 39 14213 END
START 3828 -32768 2196 1668 -4446 8660 END
START 4664 -32768 -3276 -2262 -5098 1847 END
START 4060 -32768 -4052 -5125 -3353 -4927 END
START 1572 -32768 -3344 -3854 -2517 -9234 END
START 524 -30436 -2488 -4835 -1942 -13084 END
START -1144 -26836 -144 -6359 -1940 -16177 END
START -1668 -23644 156 -6119 -3668 -17727 END
START -2400 -20116 -1456 -6375 -2207 -19673 END
START -3152 -16604 68 -7063 -147 -20805 END
START -3796 -12844 1548 -5529 -434 -20084 END
START -3696 -8268 2132 -3680 -1276 -16619 END
START -3064 -5896 2108 -1865 -2747 -12360 END
START -624 -6056 -8 -2084 -5529 -7148 END
START 2148 -11128 -7932 -2104 -5419 -3411 END
START 7396 -19464 -17536 -4261 -2108 -3279 END
START 9712 -28368 -25100 -5098 7039 -8574 END
START 7376 -28132 -21968 -6917 21935 -17018 END
START 3172 -26668 -13380 -11127 27867 -21016 END
START -1372 -23560 -1528 -5761 26997 -21474 END
START -360 -19188 6712 2852 23008 -17875 END
START -1188 -14516 9716 2119 16805 -16217 END
START -188 -10600 10704 -4848 11923 -15954 END
START 1560 -6660 10664 -8250 8048 -14804 END
START 2336 -4612 10524 -5251 3866 -10993 END
START 2836 -3372 10644 -2232 -438 -7705 END
START 3280 -3364 10288 -2538 -3587 -5610 END
START 2888 -1588 10228 -2918 -5694 -3798 END
START 3544 -1036 7612 -3567 -8794 -1631 END
START 2800 -1188 6284 399 -12272 1512 END
START 3504 -820 5076 2400 -11937 3816 END
START 2744 -3176 6780 2112 -13294 4839 END
START 1428 -2248 7056 4215 -17283 7903 END
START 4524 -5712 3488 5855 -19973 11268 END
START 5128 -9780 372 7715 -21680 13598 END
START 6988 -15328 -5420 8859 -20588 13580 END
START 8212 -18232 -9500 9302 -18663 11619 END
START 7560 -20512 -10228 4124 -15104 9545 END
START 8108 -21708 -13772 1734 -10592 6932 END
START 7148 -20588 -18504 -2938 -7193 5138 END
START 6600 -18776 -20168 -2867 -2558 2748 END
START 5176 -14024 -19244 2001 4504 2871 END
START 3112 -8620 -12144 4233 10583 3136 END
START 1000 -2768 -5804 3595 11132 6209 END
START -112 -2316 -704 3275 8807 10923 END
START -2824 -3788 924 8229 6850 14993 END
START -5556 -4172 -1284 6995 6116 19462 END
START -8584 -3068 -2208 463 9725 20121 END
START -9776 -3612 -1544 -4962 6300 25145 END
START -13908 -14568 -6516 -2384 7214 32767 END
START -14684 -26148 -5480 5651 11513 32767 END
START -9512 -32768 -5828 -7549 8337 32767 END
START -4628 -32768 -8992 -11318 9190 19732 END
START -2452 -32768 -10984 -14382 11588 15660 END
START -1224 -32768 -6508 -2075 15537 11168 END
START -120 -32768 -480 7857 14616 7941 END
START 616 -32768 3052 2104 10433 256 END
START 288 -29316 3688 -2907 6937 -4554 END
START 128 -27240 1892 -427 6513 -5369 END