START 4772 4072 2428 -1449 -2525 149 END
START 4524 4520 -296 -2766 -2711 7569 END
START 2976 3984 -1940 -909 3807 10149 END
START 1280 4052 116 -1524 5907 14377 END
START 36 2504 1112 -449 5114 18809 END
START -976 1084 852 2862 3761 24638 END
START -2720 -1156 1572 6023 3305 28892 END
START -4432 -6060 2376 10096 1487 32767 END
START -6216 -13620 312 11798 2148 32767 END
START -7708 -20684 1664 10791 6801 32767 END
START -8856 -22192 6156 7534 8783 31568 END
START -6868 -22208 6692 -811 4525 28966 END
START -7256 -25028 1732 -6061 766 28029 END
START -8940 -27796 2108 6127 4139 27365 END
START -9644 -24764 5740 7751 3869 25224 END
START -8016 -24620 3972 -1597 165 23254 END
START -8560 -29076 -500 -7647 -736 20225 END
START -10236 -32388 1180 -3720 676 16472 END
START -9620 -32768 2380 945 -2209 13403 END
START -6176 -32768 -180 97 -4089 6773 END
START -4240 -32260 -2620 -4294 -2615 1093 END
START -4848 -31876 -764 -6119 -2145 -3391 END
START -6668 -32768 228 -2674 -3039 -7013 END
START -7124 -32208 816 1815 -3530 -11864 END
START -7200 -27580 1188 -3574 -4200 -16940 END
START -8288 -23908 948 -8754 -2682 -20516 END
START -8424 -22488 1788 -6814 -1935 -22159 END
START -8756 -20264 2860 -3315 -3775 -23583 END
START -6852 -15404 2096 -3444 -5039 -25278 END
START -5468 -11024 620 -9549 -3061 -26168 END
START -4092 -7564 1108 -11000 -1976 -24237 END
START -3184 -4564 1172 -7585 -3272 -20717 END
START -1548 -1324 224 -3200 -3845 -14598 END
START 28 -416 156 -304 -2373 -9277 END
START 36 -480 1056 -527 -2525 -3627 END
START -268 -4664 1932 965 -5666 1799 END
START 316 -9256 804 2647 -8181 5246 END
START 1076 -11552 -1952 671 -6592 5646 END
START 1396 -16644 -4304 -3035 -6668 5340 END
START 2164 -21900 -8200 -2006 -6362 4968 END
START 3504 -24468 -11612 1123 -2906 3015 END
START 4696 -25220 -12484 251 1509 -943 END
START 4752 -25636 -11272 -2396 4893 -3284 END
START 4556 -26988 -10960 -3602 5859 -5034 END
START 4080 -27600 -11872 -2998 7908 -7694 END
START 3972 -24652 -10580 -5356 12601 -11171 END
START 4500 -21832 -9016 -13741 14430 -12493 END
START 4088 -22236 -7312 -15559 14449 -13835 END
START 3472 -19484 -4696 -10241 13822 -13876 END
START 3352 -17124 -4312 -8581 13285 -12456 END
START 1924 -16072 424 -6504 14283 -11580 END
START 1000 -14176 3388 -5493 14646 -12217 END
START 1068 -9196 6320 -8292 12338 -11271 END
START 1936 -6828 7516 -10228 9693 -8877 END
START 1840 -5692 8112 -8205 5307 -6145 END
START 1288 -5944 9336 -501 1525 -4008 END
START 1756 -4672 9844 1620 -1706 -2592 END
START 2152 -4108 10256 -985 -4488 -474 END
START 1256 -7088 11072 -338 -9389 1630 END
START 1972 -8604 9628 3793 -14563 3095 END
START 3360 -9432 6064 2381 -19156 5020 END
START 4700 -13596 2704 1597 -22462 5303 END
START 6824 -15756 -5240 1286 -24147 4663 END
START 8660 -16152 -13324 291 -18781 2768 END
START 8212 -16032 -16376 -881 -13239 -123 END
START 6980 -16484 -14712 4545 -10771 -1465 END
START 6240 -13012 -12508 11815 -9148 -650 END
START 5372 -11504 -14328 6545 -8061 1041 END
START 3220 -11584 -15532 2535 -3699 1467 END
START 3292 -10948 -14948 2205 162 3551 END
START 3576 -9220 -12648 6350 4191 4934 END
START 3604 -9352 -8448 9243 5557 6990 END
START 3876 -9852 -5708 9140 3377 10023 END
START 2896 -12300 -6368 8062 1622 11899 END
START 2912 -12452 -7904 6922 3937 12157 END
START 1936 -11460 -6776 2513 8223 11639 END
START 296 -10244 -3916 2534 9387 11116 END
START -1536 -9084 -24 6766 8907 11895 END
START -3260 -6504 -96 7641 8591 16018 END
START -4584 -7208 -16 2288 10906 20427 END
START -7572 -8160 1612 -1934 9559 20874 END
START -10380 -12312 -2432 -5957 5275 27150 END
START -9996 -19796 -7492 -6773 5123 31082 END
START -10268 -25244 -6928 1468 11829 28624 END
START -9064 -29868 -2156 4634 11184 24846 END
START -7364 -32768 -1620 2933 7182 21301 END
START -6992 -32768 -800 -278 5099 15893 END
START -6560 -32768 -180 -2108 4819 7832 END
START -5368 -32768 -588 -1198 3013 3582 END
START -4112 -31348 -2240 -454 992 -906 END
START -3456 -28004 -1724 666 -795 -7174 END