START 424 -3252 100 6719 -2 18605 END
START -852 -6060 0 10756 831 21651 END
START -1316 -8952 292 12241 1014 24100 END
START -1532 -15496 -304 11811 -389 26074 END
START -1552 -19712 -1828 11722 1484 24069 END
START -1168 -17244 -756 6803 3763 20111 END
START -1772 -16812 1340 625 3306 20361 END
START -3564 -22036 908 810 149 22076 END
START -3632 -26400 -8 8905 -1274 20887 END
START -3132 -24496 -856 11511 2980 15899 END
START -4488 -18968 812 4365 6308 15056 END
START -6208 -19140 2768 -3252 6658 18663 END
START -8068 -25924 3920 -371 3087 20094 END
START -7796 -31428 1896 7887 456 17825 END
START -6500 -31564 592 6157 -903 13068 END
START -4764 -31520 -1440 -2000 -1895 7472 END
START -3768 -31656 -3088 -5333 -1652 2448 END
START -3936 -31080 -3480 -3257 -660 -1031 END
START -5132 -30616 -856 518 -436 -3531 END
START -5756 -30172 2032 913 -2013 -7121 END
START -5568 -27792 1912 -4428 -4046 -12623 END
START -5096 -24484 -24 -13243 -3873 -16433 END
START -5224 -23916 -1416 -13627 -2849 -18339 END
START -5580 -21252 -1088 -4509 -1141 -18555 END
START -4340 -16452 1404 -470 -2662 -19445 END
START -3780 -9776 1440 -3253 -4048 -19948 END
START -2392 -5020 872 -8766 -2881 -17730 END
START -1724 -2288 1360 -8537 -3133 -13868 END
START -1584 -124 1496 -3869 -4289 -8253 END
START -896 76 188 -1952 -5669 -1455 END
START -740 -5188 -2616 -2810 -5196 3440 END
START -1420 -12456 -4256 -403 -3046 4373 END
START -860 -17648 -5652 1806 -2367 3321 END
START 424 -19244 -7600 766 -1275 2566 END
START 1560 -21916 -9736 -3423 1312 684 END
START 2056 -24656 -10368 -2114 3774 -1291 END
START 2088 -24296 -10272 -941 4974 -3924 END
START 2152 -23240 -9060 -3213 5790 -5001 END
START 1748 -23900 -8288 -5969 6676 -5503 END
START 1884 -24428 -8180 -7205 6668 -6568 END
START 2692 -26036 -10308 -10116 5802 -8367 END
START 3068 -25868 -14636 -12729 10800 -11601 END
START 2640 -22936 -12512 -13405 16941 -15248 END
START 2516 -20692 -8316 -13602 17817 -15669 END
START 1768 -16624 -3480 -7484 15967 -13938 END
START 2840 -13312 -900 -1079 15765 -10768 END
START 1708 -9968 2504 -2965 18786 -11294 END
START 984 -8684 7744 -7766 14712 -9068 END
START 920 -7456 10072 -5073 7868 -6116 END
START 984 -5552 10192 -1178 88 -2641 END
START 1868 -5468 7204 1215 -802 -1206 END
START 2032 -3764 7736 -3579 457 -1490 END
START 944 -4292 8088 -5500 -4054 -623 END
START 1520 -3172 5864 -388 -7711 1283 END
START 2520 -2256 4948 1046 -9919 4956 END
START 2952 -4700 4976 1367 -11081 6653 END
START 2952 -7036 3724 2535 -14185 8500 END