START 3920 -3216 1424 -4140 -1573 -13995 END
START 3892 -556 -912 -4154 -507 -7813 END
START 4032 516 -1720 -4738 191 -4034 END
START 3632 124 -748 -3808 666 -800 END
START 3692 244 -64 361 1177 2712 END
START 3400 -220 -1024 1443 1321 6218 END
START 2884 -980 -1108 375 1294 10280 END
START 572 -804 -356 4181 2149 14008 END
START -336 -552 892 5779 1991 18049 END
START -1988 -244 2756 7079 2146 22234 END
START -3036 -1768 3916 5835 1296 26956 END
START -3280 -9024 708 6595 195 29723 END
START -3320 -12236 -1232 10311 3966 30896 END
START -3876 -16556 1356 10128 5643 30865 END
START -2532 -23156 2484 10934 5734 30056 END
START -1036 -26856 2256 9976 5998 28178 END
START -1476 -29132 2424 3958 6731 24446 END
START -1236 -32076 4604 1470 6495 20275 END
START -1432 -32768 5096 4049 5052 16605 END
START -208 -32028 2860 4047 3289 12866 END
START 968 -29588 972 1196 3414 9515 END
START 900 -28848 880 -2518 2880 6945 END
START 124 -31744 3732 -447 1984 4330 END
START -88 -32768 3392 -24 49 660 END
START -576 -30976 2756 -4105 -1605 -4240 END
START -1396 -30168 3380 -5676 -2108 -8535 END
START -2132 -27340 3812 -4630 -2927 -12244 END
START -2064 -24576 3628 -3544 -4315 -14221 END
START -2668 -23272 4276 -3535 -4912 -16004 END
START -2564 -21024 3944 -4924 -5969 -17402 END
START -2196 -18376 2960 -8027 -6244 -18444 END
START -2316 -15708 3160 -6903 -6671 -18632 END
START -2248 -12308 3132 -4782 -8202 -17322 END
START -1944 -9756 2120 -5983 -7866 -16060 END
START -1180 -8196 1668 -7226 -7988 -14055 END
START -676 -6544 204 -5504 -7150 -11162 END
START -472 -5492 -976 -3196 -7351 -7729 END
START 1340 -6948 -2764 -661 -6331 -4591 END
START 1836 -7788 -3908 397 -3989 -2551 END
START 1724 -9344 -4332 879 -3316 -364 END
START 2716 -11292 -5368 1995 -2308 1796 END
START 3424 -13252 -5540 3567 899 2323 END
START 4472 -16440 -3992 2117 1151 2399 END
START 4848 -18908 -5356 1928 1449 2444 END
START 6496 -21444 -7568 760 3000 2017 END
START 7208 -24112 -9132 -208 4507 -144 END
START 7300 -26420 -9288 168 6252 -2753 END
START 6880 -26544 -11228 -1324 7632 -4713 END
START 5740 -24940 -13488 -4692 10358 -6199 END
START 5324 -23748 -12924 -6800 14285 -8660 END
START 4800 -18132 -9872 -7868 17876 -9012 END
START 2696 -14416 -3964 -8110 18861 -7578 END
START 3528 -11872 1564 -3541 16992 -5060 END
START 2656 -10240 5260 -1921 13765 -2428 END
START 2328 -12376 6688 -4290 14872 -2998 END
START 1064 -12848 10116 -9426 12904 -3334 END
START 896 -14660 13108 -7537 9600 -3831 END
START 2384 -13708 13988 -4045 4769 -4720 END
START 3696 -10908 12048 -1255 2034 -5815 END
START 4360 -7404 10764 -2065 -815 -5082 END
START 5108 -6640 9944 -2640 -4396 -3336 END
START 5320 -6896 9232 -713 -7619 -1450 END
START 5676 -8116 7604 215 -10554 -80 END
START 5116 -8500 6752 1272 -12411 1269 END
START 4908 -9184 6188 1105 -14136 2970 END
START 4364 -12128 5244 1954 -16379 4161 END
START 3896 -13748 3284 4083 -18112 4895 END
START 4648 -14980 76 4541 -19600 4349 END
START 6152 -17316 -2820 4529 -20020 4498 END
START 6736 -18604 -7340 3846 -19745 4013 END
START 5912 -18844 -11716 2915 -18173 2685 END
START 6044 -19456 -14720 1608 -15001 1384 END
START 5152 -19272 -16152 2762 -8727 -689 END
START 4296 -17668 -15492 3645 -4918 -604 END
START 4028 -15008 -14756 2160 -1483 -469 END
START 3732 -12836 -13052 1162 2006 78 END
START 3572 -10636 -10700 1548 4173 1811 END
START 3708 -10384 -8300 1953 5078 4190 END
START 3144 -10880 -6412 3207 6846 5910 END
START 2704 -10696 -5128 2013 7932 7794 END
START 1344 -9924 -4024 243 7112 8752 END
START 56 -7920 -5292 -1241 8647 11732 END
START -744 -6244 -6784 -1891 11993 14245 END
START -1956 -4864 -7760 -2235 13316 16909 END
START -3300 -7036 -8100 881 14693 19606 END
START -5332 -6056 -8004 1837 16724 23548 END
START -7728 -11460 -3952 1038 19044 28418 END
START -8680 -15100 548 8126 18253 29998 END
START -9804 -14740 1124 3758 13754 30867 END
START -11456 -22040 -724 -8535 13841 27060 END
START -12784 -30472 2596 -6166 15963 22051 END
START -11628 -31740 5384 3159 14636 18575 END
START -8812 -29844 5544 -696 10032 16308 END
START -6660 -30428 5556 -4425 5993 11462 END
START -5604 -30844 4296 -5083 1849 5972 END
START -5324 -30040 3104 597 -321 2037 END
START -4900 -28092 1332 823 -2397 -3098 END
START -4072 -27444 972 -836 -3606 -8672 END