START 3260 -1336 320 430 2431 -6719 END
START 3124 3492 -1380 2518 547 -1670 END
START 3500 5780 -2552 1599 3113 4319 END
START 3232 7272 -480 2241 5351 9647 END
START 1608 6640 2364 6372 3950 16670 END
START 492 5432 2548 11050 2802 23688 END
START -1368 2204 1468 9755 2096 28723 END
START -3800 -3580 392 8220 1356 32534 END
START -5348 -9852 604 10161 50 32767 END
START -6108 -19408 900 14241 -1151 32767 END
START -5300 -24436 668 16995 997 32767 END
START -5764 -24200 260 8009 4375 29620 END
START -6304 -26508 -1048 -3645 7276 27645 END
START -7280 -29336 2540 4112 6137 24832 END
START -7356 -26288 3900 9659 5378 22207 END
START -7656 -23296 5656 5650 5457 19611 END
START -7672 -22976 4296 -2655 3073 18945 END
START -6880 -24472 -836 -6995 1116 17137 END
START -7076 -27484 -2688 -3052 1637 16320 END
START -7520 -27672 444 5744 2630 13566 END
START -7756 -25604 3200 2576 122 10315 END
START -8280 -26800 2832 -6577 -2379 7069 END
START -8268 -31976 -156 -10315 -3637 2864 END
START -8700 -32768 -2380 -3571 -3007 -1753 END
START -8792 -32768 -1240 23 -2570 -7208 END
START -9120 -31636 852 629 -2838 -13152 END
START -9896 -29736 2484 -3302 -3396 -19353 END
START -9284 -26072 1992 -10154 -4286 -24269 END
START -8696 -22704 1416 -8171 -4332 -26965 END
START -6936 -17536 -376 -3861 -4505 -27535 END
START -6012 -12112 -1200 -7073 -3387 -26402 END
START -5364 -11124 768 -7383 -3016 -25597 END
START -4052 -7272 1208 -4395 -3050 -23182 END
START -2864 -4412 2736 -5314 -4389 -19706 END
START -2132 -3460 3296 -4569 -6101 -15916 END
START -1360 -3120 2276 -4626 -7179 -11117 END
START -272 -3872 20 -4203 -7424 -5980 END
START -80 -4964 -1560 -3493 -8359 -1850 END
START 588 -9328 -3900 778 -11027 2696 END
START 2280 -12356 -8456 6747 -7982 4230 END
START 2416 -12624 -9532 2983 -4112 4841 END
START 2660 -17388 -10108 -2252 -1672 4289 END
START 2760 -20404 -10436 -92 806 3213 END
START 2432 -20824 -8740 4950 2380 2187 END
START 2556 -20680 -7852 1419 2703 1993 END
START 2556 -21956 -9644 -4564 6418 -86 END
START 2488 -24188 -10772 -10796 9662 -2399 END
START 3192 -26112 -11948 -7568 10881 -4162 END
START 3724 -24576 -11464 -5351 12717 -6146 END
START 5008 -23700 -11984 -12214 15568 -8063 END
START 4704 -24592 -12328 -19331 18505 -9979 END
START 3904 -21304 -10836 -15812 23675 -11962 END
START 1468 -18792 -5016 -9895 23384 -11597 END
START 108 -14988 2448 -951 19434 -9810 END
START 244 -10604 8124 2365 12083 -7332 END
START 2588 -8100 5420 -764 16123 -9053 END
START 384 -5564 9704 -11029 15790 -9599 END
START 376 -7672 11580 -8646 7650 -7323 END
START 1048 -5232 9680 -194 1310 -3484 END
START 1800 -4808 8944 -388 -953 -1850 END
START 1820 -3844 9596 -2069 -3969 -248 END
START 2020 -5560 8572 -1210 -9561 2076 END
START 2788 -8012 6400 442 -13621 4227 END
START 3812 -10148 4616 1704 -15557 5375 END
START 4672 -11676 2556 -56 -18858 6404 END
START 4236 -16432 -860 836 -22737 6683 END
START 4284 -21480 -4880 5758 -23681 5157 END
START 5356 -21248 -7984 4070 -22735 2694 END
START 5116 -22964 -12716 -2681 -22877 47 END
START 5236 -22524 -17884 -3909 -19490 -3945 END
START 5680 -18272 -20004 -684 -13717 -6474 END
START 5820 -12996 -20644 2649 -8116 -6339 END
START 6076 -9640 -18252 566 -5082 -3942 END
START 4692 -8144 -14644 283 -2372 -1468 END
START 4652 -5900 -11744 1458 -1223 1243 END
START 2660 -5104 -10144 4455 155 3935 END
START 1232 -6508 -9572 5160 1746 7940 END
START 240 -9008 -7900 7409 2868 9518 END
START 172 -11304 -6640 6846 4155 10427 END
START -184 -11400 -6020 5284 6182 10421 END
START -360 -11456 -5896 1983 5629 11053 END
START -812 -11820 -6940 3421 6271 11823 END
START -1352 -9492 -7100 6557 9039 13338 END
START -2392 -7596 -5700 7175 11825 14502 END
START -3108 -5148 -4128 5840 13158 16688 END
START -4716 -2732 -3768 5005 14970 19729 END
START -7660 -7156 -4736 2521 15902 26455 END
START -10964 -16260 -2548 13038 15053 28831 END
START -8816 -18184 -2116 14317 14417 28273 END
START -9432 -17652 -1556 5416 16566 24380 END
START -11380 -22372 744 -12737 15512 25944 END
START -14216 -32768 5152 -3551 7452 24527 END
START -11880 -32768 3408 12071 1574 18114 END
START -8364 -32768 2572 6074 790 7825 END
START -5376 -32136 1244 -5471 -546 -322 END
START -3804 -28464 -748 -7286 -1526 -5452 END
START -2796 -24844 -1788 -3150 -2153 -7533 END