START 5936 -18260 -14100 306 -3457 -1864 END
START 5232 -16264 -14860 -2584 -341 -3104 END
START 3784 -12028 -14660 737 2601 -3187 END
START 1880 -8364 -10864 5136 3955 -1170 END
START 1720 -3884 -6288 4650 4812 1444 END
START 368 -3220 -2416 1576 2824 4650 END
START -1052 -3768 -3612 3403 889 8867 END
START -1712 -5292 -6224 3613 2557 12449 END
START -2856 -5196 -5032 4707 5019 13807 END
START -2708 -5940 -6256 3316 4456 17210 END
START -2404 -10452 -11028 3745 5776 18384 END
START -4516 -13008 -10764 9449 10206 17666 END
START -5744 -8784 -11172 3738 13971 24904 END
START -7812 -22564 -8436 -1618 15154 25952 END
START -7744 -29372 -4788 8369 14975 23766 END
START -7316 -25292 1688 7148 16221 21829 END
START -5208 -25712 6760 -4148 15364 18791 END
START -6096 -32768 8720 -1056 10445 17527 END
START -5380 -32768 6884 6257 6459 12206 END
START -4860 -32768 6808 1100 5637 4706 END
START -2356 -32768 5640 -568 2275 -2139 END
START 20 -31504 2312 -860 -635 -6852 END
START 1292 -28268 148 382 -1073 -9935 END