START 5908 -3632 -340 -20 1229 -702 END
START 5132 -1620 -744 665 944 4554 END
START 4796 284 -1268 3019 1407 7876 END
START 3036 1652 -424 3335 1605 9645 END
START 1176 2348 476 4864 1917 12304 END
START -80 2316 1820 5928 2583 16656 END
START -2804 1936 2604 4038 1464 20736 END
START -4464 -2404 2588 3351 231 24788 END
START -5636 -7236 1832 8381 -552 27364 END
START -4536 -11656 1064 11624 323 29048 END
START -4096 -16184 768 10138 2293 29395 END
START -3756 -24380 -800 6760 2667 29230 END
START -3004 -29036 -416 9623 4336 26918 END
START -2720 -31088 2736 12024 5645 24926 END
START -1900 -32768 2652 7659 4566 22623 END
START -988 -32768 2016 1840 4075 19226 END
START -1012 -32768 3724 1875 3581 15325 END
START -24 -32768 4728 2067 330 12246 END
START 1856 -32768 380 1631 -1302 8919 END
START 3100 -32768 -1664 -577 -483 4510 END
START 2508 -32768 -848 -2310 695 -303 END
START 816 -32768 1460 -2725 12 -4827 END
START -628 -32768 3228 -3896 -1501 -8960 END
START -1460 -32528 2980 -5782 -3224 -12647 END
START -2632 -30680 2148 -4423 -4108 -16409 END
START -2472 -28188 2528 -2889 -4375 -19508 END
START -2444 -23772 3276 -4776 -4597 -22105 END
START -3176 -19936 3216 -7388 -5538 -23650 END
START -2272 -15968 2152 -9085 -6471 -23301 END
START -2040 -11900 1096 -9571 -5646 -22074 END
START -1020 -6936 128 -9246 -4917 -19392 END
START -744 -2908 256 -6191 -3698 -16297 END
START 528 -636 1552 -4270 -4316 -11811 END
START 848 -1384 952 -4092 -6953 -6531 END
START 876 -4164 -2456 -3749 -6387 -2968 END
START 1308 -7260 -3804 -4803 -5281 -565 END
START 3020 -10884 -4468 -4153 -4423 790 END
START 4156 -13832 -5240 -221 -2979 613 END
START 4888 -14200 -5604 -568 -1837 172 END
START 5112 -15944 -4848 -2629 -632 -366 END
START 5520 -18448 -5000 -1646 -926 -853 END
START 5840 -17824 -7152 -79 -987 -1359 END
START 6804 -18704 -10880 -517 479 -1899 END
START 7524 -19564 -14692 -2096 3220 -2604 END
START 7860 -20112 -16168 -2667 6443 -3655 END
START 8396 -19092 -15972 -2725 9894 -4388 END
START 10092 -16824 -14332 -2320 13132 -4587 END
START 9564 -15276 -9196 -1626 15665 -4379 END
START 7932 -15976 -4352 -1620 15611 -2959 END
START 7080 -16536 360 -1146 15272 -3266 END
START 4764 -17664 3832 -587 13386 -4098 END
START 3576 -16084 4712 -714 11201 -5098 END
START 2876 -12832 4452 -3562 10025 -5463 END
START 3620 -9156 5532 -6508 8270 -5294 END
START 3740 -6976 7028 -4383 5243 -3689 END
START 3216 -4988 7444 -1660 1196 -1370 END
START 3076 -5072 6464 -1758 -1781 364 END
START 2928 -5564 5764 -2555 -2838 1224 END
START 2876 -5056 5840 -2262 -5168 2623 END
START 3596 -6268 7292 -1234 -8022 4453 END
START 4204 -9552 7192 -567 -12068 5959 END
START 5524 -13552 4720 1102 -15077 5781 END
START 6880 -14628 2244 532 -15618 5551 END
START 7880 -16592 2444 -265 -17717 5515 END
START 8092 -19952 -3140 1142 -19634 4312 END
START 8724 -21340 -8940 1125 -18814 2607 END
START 8176 -20936 -10224 545 -15572 308 END
START 6492 -20736 -12096 1646 -14985 -477 END
START 6640 -19548 -15528 3513 -13280 -1535 END
START 6384 -16508 -18704 4405 -6799 -3330 END
START 5676 -12332 -17000 1013 -753 -3272 END
START 4856 -9840 -12952 824 1745 -2057 END
START 3812 -6820 -9536 6005 3390 615 END
START 3064 -4760 -8440 4553 4630 3836 END
START 1784 -6272 -5940 1174 5163 6653 END
START 672 -8304 -3204 3422 4310 8789 END
START -204 -7848 -3064 5304 3885 10618 END
START -1116 -6868 -2968 3638 5479 11729 END
START -1696 -6292 -3884 630 6929 14528 END
START -2248 -6272 -6292 -1799 7145 18464 END
START -2976 -7740 -7496 1553 9425 20965 END
START -4736 -7060 -8576 3383 13071 23095 END
START -7032 -11392 -8024 4321 14245 25380 END
START -7936 -15264 -4748 8486 14996 26995 END
START -8448 -17892 -2008 6714 14652 30199 END
START -8756 -23268 -1616 849 15546 28892 END
START -10052 -32768 3808 -3825 13045 25773 END
START -9192 -32768 5972 -6102 5876 18740 END
START -6852 -32768 4784 -5433 687 11725 END
START -4188 -32768 1812 -3375 -438 6564 END
START -2736 -31228 0 -2268 228 1989 END
START -1784 -28640 -344 2048 772 -2493 END
START -2072 -26736 1060 1359 -226 -6498 END
START -3312 -26708 2208 3477 -1637 -9156 END
START -4180 -25832 2688 3418 -3201 -12319 END