START 2456 1116 1196 1458 -2626 9223 END
START 2052 688 -324 2380 -2884 13794 END
START 1464 -1604 -776 6686 -1687 17325 END
START 420 -3256 -348 10257 -2276 19486 END
START 448 -5688 -1168 10017 -4183 22159 END
START 44 -9432 -3640 7227 -2453 23503 END
START -1128 -14400 -1844 8123 -1307 22712 END
START -2588 -16252 -936 17007 -2678 24154 END
START -2376 -17768 -520 19327 -2189 25953 END
START -3116 -20608 -208 13926 2219 25685 END
START -5248 -22936 1652 6175 3727 23478 END
START -5636 -23904 2424 2416 1912 20884 END
START -6484 -25704 3016 3753 605 20518 END
START -5916 -26540 3092 8404 564 20003 END
START -6040 -26324 1684 6377 -413 16961 END
START -5512 -26036 -1008 -496 -397 14024 END
START -5180 -27040 -3632 -3959 1618 10891 END
START -6156 -28456 -44 3854 1988 8386 END
START -5976 -28120 1936 7493 -1169 5883 END
START -6080 -31336 -4 731 -3144 2160 END
START -5736 -32768 -1420 -6242 -3356 -3204 END
START -5804 -32768 -1740 -7366 -2851 -7714 END
START -6100 -32276 -552 -5143 -3024 -11609 END
START -5708 -29008 -1092 -6178 -2068 -15393 END
START -5816 -23788 -1372 -12117 -1063 -18573 END
START -5060 -22112 -256 -12436 -242 -21800 END
START -4924 -17116 1112 -5610 -81 -23533 END
START -3500 -9856 448 -3930 -874 -20895 END
START -2288 -5392 1108 -7680 -719 -18061 END
START -2652 -4704 2292 -9279 -1751 -14496 END
START -2616 -4504 3296 -4954 -2530 -11356 END
START -2284 -3068 2124 -3939 -4276 -7374 END
START -1152 -4512 -884 -7749 -5119 -2072 END
START -324 -9724 -2124 -3959 -5118 229 END
START 1040 -9828 -4060 2633 -3482 1880 END
START 2212 -12292 -4732 1631 -3686 3475 END
START 2404 -15596 -6520 -424 -4164 4152 END
START 3468 -19480 -9460 -849 -1851 3322 END
START 3052 -22228 -10748 -80 934 1875 END
START 3352 -24028 -11312 -2177 1504 413 END
START 3044 -27240 -14920 -6992 4149 -1829 END
START 2136 -28496 -15844 -7815 9041 -6089 END
START 1564 -25660 -14364 -6810 11904 -9256 END
START 1844 -21776 -12780 -8832 13536 -9751 END
START 2400 -20396 -11368 -12344 14717 -9974 END
START 3444 -20036 -11696 -14108 18706 -11021 END
START 3692 -15596 -8484 -15107 22517 -10650 END
START 3768 -11372 -5328 -18020 23203 -8604 END
START 3552 -9276 -1372 -18118 21034 -4562 END
START 1956 -10960 2412 -6689 13609 24 END
START 1664 -12188 3176 7876 9970 1186 END
START 596 -10544 4400 6078 11403 -866 END
START -864 -12332 7556 -2176 10576 -1968 END
START -1304 -12364 10048 -3977 6816 -3015 END
START -884 -10684 11368 -1359 908 -3815 END
START 860 -7368 9344 519 -4269 -3674 END
START 2560 -4932 7884 1001 -7252 -1941 END
START 3020 -5116 8132 2629 -9925 -116 END
START 3972 -5344 7196 2845 -15391 2415 END
START 5092 -7216 3524 2329 -19627 4914 END
START 5500 -10208 -88 2321 -20338 6446 END
START 4896 -14352 -2420 2632 -21491 6753 END
START 4052 -16864 -6344 4566 -23843 6820 END
START 4364 -21864 -11624 3974 -24207 6452 END
START 3800 -25516 -17400 827 -19330 1974 END
START 2400 -24944 -19744 -926 -14306 -2180 END
START 1712 -23120 -23012 198 -9205 -5444 END
START 1932 -18144 -21308 2065 -3066 -7321 END
START 1764 -12024 -16656 871 1690 -7215 END
START 1472 -7816 -11768 1070 3166 -4416 END
START 1988 -4940 -7764 6533 1708 -277 END
START 2400 -3548 -7360 4424 197 4125 END
START 1776 -5844 -7928 2527 1630 6950 END
START 380 -6336 -7220 3896 3054 10265 END
START -1000 -8656 -6692 4576 2931 12882 END
START -1632 -11600 -6152 6927 2243 14903 END
START -2104 -11968 -6440 7902 4260 14556 END
START -3360 -9416 -6360 5752 6810 15063 END
START -3800 -8956 -6804 2206 8260 17899 END
START -4620 -8088 -7232 3278 10736 19836 END
START -6204 -7660 -6648 4624 13139 21639 END
START -7872 -7940 -3548 6394 14560 24330 END
START -10200 -11888 -2588 3780 12980 29464 END
START -11072 -18380 -764 5686 11328 31851 END
START -12656 -25396 564 8808 11066 30153 END
START -13040 -32152 3112 8173 8420 26816 END
START -10556 -32768 3292 1490 4865 19342 END
START -8916 -32768 -1068 -6742 3344 11761 END
START -7372 -32768 -2128 -6486 3435 4109 END
START -7888 -29348 -2572 304 1382 -619 END
START -5632 -24108 -1840 4837 -738 -5792 END
START -5696 -21916 -2024 1124 -1693 -8838 END
START -5864 -22260 -1496 -3845 -2181 -10733 END