START 3300 2228 1704 -772 -1034 -2450 END
START 1844 3172 952 2030 -1016 2599 END
START 1256 5768 780 2754 -419 6393 END
START 892 5284 2116 1136 -1092 11169 END
START -496 3068 884 3352 -2027 16479 END
START -2120 924 688 3825 -2855 21047 END
START -3284 -2864 340 5508 -4141 25456 END
START -3728 -7888 -872 7351 -4018 28202 END
START -4596 -14340 -1492 9930 -3666 29471 END
START -5688 -18448 -556 13224 -2255 29005 END
START -5408 -23232 -1952 10385 -1904 28822 END
START -5344 -27092 -2160 9038 -263 26288 END
START -5332 -27712 -2332 6603 1002 23357 END
START -6296 -27396 -968 6323 1312 20873 END
START -7212 -26532 -488 6006 1729 18857 END
START -7252 -27632 172 5352 1306 18053 END
START -5104 -31264 -1176 6717 1057 15416 END
START -4956 -32768 -1196 7273 1072 10883 END
START -3768 -32768 -1364 4740 -346 5966 END
START -1888 -32768 -1688 778 -1476 744 END
START -2788 -32768 -1752 -2987 -3173 -4919 END
START -4824 -32768 -1940 -3105 -3691 -10798 END
START -7232 -32768 616 -2638 -4816 -15751 END
START -7240 -29156 1248 -4250 -6299 -20952 END
START -6604 -22652 880 -8564 -5575 -23949 END
START -5980 -17160 1020 -12655 -4646 -25746 END
START -4660 -11824 1344 -11548 -4668 -23948 END
START -3420 -7032 1496 -9169 -5915 -21607 END
START -2380 -3076 840 -5334 -6872 -17320 END
START -1796 668 252 -5395 -6241 -11967 END
START -1492 -420 1460 -5974 -6236 -6912 END
START -1172 -2096 532 -2294 -6729 -1914 END
START -916 -5968 -1336 2742 -6865 2773 END
START 8 -9508 -3900 2487 -5945 5647 END
START 1372 -15512 -7208 23 -5035 5840 END
START 1708 -20552 -10348 -1105 -1874 4339 END
START 2096 -23940 -11136 -319 1212 2361 END
START 2204 -24648 -11120 -1749 3620 -647 END
START 2564 -24628 -10568 -6181 5060 -2438 END
START 2632 -25116 -11644 -6167 6766 -4229 END
START 2520 -23808 -13188 -6644 10084 -6464 END
START 3216 -22600 -15508 -12405 12701 -7090 END
START 4240 -21088 -16184 -16370 15962 -7541 END
START 4396 -20700 -16324 -13851 20266 -8178 END
START 2400 -18580 -11524 -5104 26193 -9157 END
START 744 -16788 -3616 -1277 25772 -9229 END
START 1084 -14928 6008 -1601 21917 -8061 END
START 264 -13368 10264 -4500 14655 -7128 END
START 76 -11780 11288 -6188 9694 -5889 END
START -68 -9376 11056 -7961 10786 -7064 END
START -616 -8176 12696 -9195 5989 -6265 END
START -76 -7328 12452 -3578 -964 -4219 END
START 1536 -4688 9512 -1809 -6170 -2305 END
START 2320 -4096 6536 -624 -8724 -980 END
START 2544 -4284 5748 2663 -10903 1461 END
START 3112 -4816 5836 4338 -13997 4566 END
START 3316 -8104 5672 5331 -18106 7682 END
START 2740 -13636 2028 6282 -22301 8882 END
START 3900 -19080 -5020 5922 -22733 6431 END
START 5048 -21604 -9176 3399 -21972 5420 END
START 4548 -25456 -14104 -1143 -22553 2682 END
START 4608 -25804 -20940 -678 -17176 -1298 END
START 4368 -23244 -22328 -2595 -12166 -4843 END
START 4472 -20252 -21464 -339 -7286 -7588 END
START 3644 -14640 -18116 3347 -2374 -7345 END
START 4668 -9092 -14212 3858 2059 -4307 END
START 2756 -6580 -8804 3062 4031 -928 END
START 2436 -5844 -4436 3864 1412 2809 END
START 2004 -6504 -5692 3627 56 6019 END
START 652 -7824 -7048 2454 1237 8295 END
START 20 -8936 -6648 -243 2584 9727 END
START -1016 -10712 -5600 2124 2629 11290 END
START -1476 -10732 -4504 5136 3014 12541 END
START -1996 -11568 -4244 3916 3550 13140 END
START -2720 -11400 -4456 3429 4085 12854 END
START -2632 -10688 -6616 3399 4476 14243 END
START -2360 -9036 -10172 1291 8155 16375 END
START -3796 -11044 -9428 1521 11659 16944 END
START -6848 -13064 -5616 10356 12405 19654 END
START -6948 -12640 388 16125 12297 21857 END
START -7248 -9488 3384 8863 11593 23106 END
START -7488 -11472 1392 -4475 8373 27063 END
START -8440 -14344 -2940 -6400 8489 27023 END
START -11500 -19820 -2420 -2941 7445 27480 END
START -13396 -30004 -2160 9583 3546 27413 END
START -11652 -32768 -3428 8504 3735 20589 END
START -11188 -32768 740 1265 5827 10187 END
START -10260 -32768 3564 -3228 3983 1723 END
START -8792 -29204 3028 -5478 343 -5354 END
START -6696 -24140 2088 -9649 -4202 -10632 END