START 6324 -7644 -1756 1383 -637 -1667 END
START 6632 -7308 -2052 3054 726 5231 END
START 5988 -5556 -708 4793 2286 8351 END
START 4116 -1716 552 1360 853 11134 END
START 1808 224 1156 333 849 14753 END
START -56 1448 1600 875 547 19414 END
START -2920 -2352 1652 7062 1631 26171 END
START -4836 -7900 972 12271 1061 30520 END
START -6440 -14128 1168 13222 1975 30358 END
START -7104 -14128 524 3901 3653 29931 END
START -8260 -21936 -180 -11161 1993 30357 END
START -6320 -32768 1560 -7703 -551 27980 END
START -3904 -32768 -744 5160 1339 23647 END
START -1156 -32768 -756 3065 2881 17072 END
START -836 -32768 -1360 -6961 2218 9598 END
START -636 -32768 -740 -8540 1865 3448 END
START -708 -31132 208 755 2490 876 END
START -640 -29636 16 2998 1168 -1746 END
START -1440 -30904 208 1205 -77 -5415 END
START -2176 -31628 972 -1883 -1199 -11425 END
START -2408 -30264 724 -7346 -3284 -17836 END
START -2532 -27056 -12 -9035 -3855 -21208 END
START -2176 -23264 -388 -6310 -3097 -23421 END
START -2928 -16684 -1388 -4732 -3481 -24105 END
START -2420 -11136 -2080 -4609 -3353 -21930 END
START -1712 -7056 -2460 -5084 -2153 -17935 END
START -2104 -5076 -1188 -4900 -2187 -13150 END
START -1288 -4400 128 -800 -3883 -9717 END
START -480 -3904 -1924 1191 -4664 -3348 END
START 856 -6580 -2908 3760 -1000 -231 END
START 1396 -8408 -2920 1351 -1434 1601 END
START 2284 -12212 -3128 804 -1754 3251 END
START 2568 -14120 -3416 2888 -306 3672 END
START 2760 -16740 -3328 2931 -979 4250 END
START 3804 -19008 -4940 1697 -1801 4251 END
START 5248 -22216 -7752 427 199 2616 END
START 6488 -25040 -9044 613 1282 371 END
START 7624 -28432 -11860 2242 1880 -2356 END
START 8588 -30196 -15908 -1387 6320 -8054 END
START 6884 -28012 -14304 -8657 12604 -14719 END
START 4116 -25460 -8480 -10535 15042 -18138 END
START 2620 -19956 -4380 -8968 16370 -18593 END
START 1096 -15000 -624 -9510 16463 -17997 END
START 1160 -11672 2868 -10773 15293 -17266 END
START 1364 -9932 4244 -8007 12660 -14886 END
START 1392 -6488 6248 -4903 10044 -11656 END
START 1984 -5324 7652 -6466 6425 -8545 END
START 1812 -6040 8096 -7162 3098 -6130 END
START 1520 -6428 8788 -2793 -319 -3339 END
START 1744 -5108 8308 726 -3539 87 END
START 2848 -6256 8176 1799 -5714 3139 END
START 3628 -7504 8128 4038 -8143 5646 END
START 4820 -9472 7728 6524 -10829 7329 END
START 5428 -13272 7924 9589 -14123 8641 END
START 6788 -14812 4708 10469 -17389 9083 END
START 7776 -16052 -284 7417 -18896 8189 END
START 7256 -17836 -4356 5532 -19442 7340 END
START 7752 -19400 -10464 5001 -18056 5611 END
START 7188 -21328 -15308 4885 -13800 3334 END
START 7320 -19552 -15284 3936 -9190 973 END
START 6572 -16720 -12896 4197 -5565 646 END
START 6128 -15880 -11740 3289 -3563 609 END
START 5812 -15228 -10708 2326 -1846 1193 END
START 5648 -12996 -10552 952 318 1942 END
START 5292 -12112 -9148 -1670 1498 3062 END
START 4308 -12180 -7324 -1697 3477 4322 END
START 3376 -12480 -4704 -304 3571 5526 END
START 2724 -11048 -4684 89 3504 7313 END
START 2348 -9992 -6328 -1702 5239 8026 END
START 948 -6612 -8496 -3220 7301 9975 END
START -88 -1848 -8784 -3165 10753 12994 END
START -1620 -804 -8428 -3268 12063 17194 END
START -2956 -2552 -9060 -3441 13471 23714 END
START -6100 -9388 -6308 712 15817 27657 END
START -6932 -16320 -2680 2971 14293 31235 END
START -7200 -22980 -1648 380 13357 30956 END
START -7060 -28632 1588 -2273 14213 25716 END
START -5944 -29856 1776 -10231 12003 19049 END
START -7052 -32768 3804 -9612 7269 15972 END
START -5632 -32768 4160 5820 3826 13740 END
START -4800 -32768 1112 7703 3779 7389 END
START -3652 -30612 1500 -1372 969 -223 END
START -2752 -27328 440 -4805 -1644 -5024 END
START -2388 -25628 184 -2117 -3753 -6633 END
START -2816 -25820 120 3393 -4925 -9373 END
START -3440 -26220 472 3441 -7372 -13436 END
START -3664 -23944 88 1230 -9448 -17498 END