START 2176 2880 -1740 1821 256 12023 END
START 896 1072 -1356 5987 2522 21637 END
START -1348 820 328 11076 5264 26631 END
START -2188 -2260 2552 7873 2794 31830 END
START -3144 -10324 -432 7349 34 32767 END
START -3176 -13772 -2380 9518 4138 32767 END
START -4292 -15724 -628 9796 6362 31888 END
START -3672 -17412 3896 11560 6081 32031 END
START -4668 -21836 2344 9579 4011 32767 END
START -4392 -27112 584 8179 4482 31313 END
START -4320 -27136 1684 7171 5764 27573 END
START -3860 -23896 2056 793 4419 24469 END
START -4404 -26492 152 -7973 1902 25197 END
START -5592 -32768 -640 -4338 2612 20898 END
START -4984 -32768 1928 3174 1504 15719 END
START -4164 -32768 600 -567 -642 10582 END
START -3640 -32768 576 -2740 -1149 3463 END
START -2132 -32768 -980 -4560 -1653 -3305 END
START -2004 -31828 -260 -672 -1382 -7759 END
START -2856 -29828 836 1933 -1390 -11683 END
START -3880 -30812 1484 -631 -2651 -15989 END
START -3516 -27680 404 -6667 -4710 -22309 END
START -2860 -23736 100 -10852 -5812 -25979 END
START -4244 -20500 -16 -6997 -4471 -26168 END
START -3380 -14332 -1156 -6090 -4872 -26352 END
START -4240 -11616 -476 -4500 -4161 -24293 END
START -4444 -9120 -380 1048 -2876 -21846 END
START -2908 -6156 -1340 -110 -3694 -17143 END
START -1296 -5700 -1228 -4514 -4255 -14025 END
START 12 -4044 -1760 -7275 -4502 -10202 END
START 1096 -5568 -1560 -5450 -5088 -4992 END
START 2404 -6752 -2228 2823 -2999 -1160 END
START 3212 -8696 -3008 4269 -1948 1551 END
START 3816 -10700 -3324 1235 -1945 1920 END
START 4620 -14540 -4100 -452 -2056 4254 END
START 5588 -16960 -5196 2975 224 3804 END
START 5452 -17868 -6280 1701 974 3244 END
START 6008 -20880 -6504 -794 1056 2133 END
START 7372 -23256 -8884 -2471 1157 1125 END
START 8656 -25272 -13392 -4416 3028 -1439 END
START 8552 -26528 -16044 -7364 6581 -5382 END
START 7992 -26156 -17692 -9282 11825 -9860 END
START 6816 -24104 -16044 -10503 17753 -13098 END
START 5140 -21924 -11080 -11762 21038 -14472 END
START 3680 -18916 -3788 -10933 21997 -14830 END
START 3756 -14500 2232 -10778 19682 -14346 END
START 3104 -9372 5284 -9848 15530 -11754 END
START 3504 -7088 5544 -9423 11227 -7463 END
START 3552 -7856 4812 -5637 11770 -6069 END
START 2132 -6948 8020 -2847 10312 -4575 END
START 2336 -7412 9620 -4502 4693 -2473 END
START 2048 -8180 10140 -4907 331 77 END
START 2300 -9588 10992 -682 -2401 965 END
START 2268 -8700 10296 665 -5950 1693 END
START 3568 -8096 8120 -117 -10215 2834 END
START 4432 -9100 6424 2400 -11456 3898 END
START 4800 -10248 6980 5335 -13575 4967 END
START 4776 -11812 7476 7284 -17396 6308 END
START 5908 -13764 3480 8598 -21939 6908 END
START 6440 -15564 -3632 6357 -23753 7327 END
START 6328 -19044 -8628 5859 -22221 5818 END
START 6356 -19800 -12064 8062 -19346 3289 END
START 6236 -18832 -17568 5462 -17671 2201 END
START 5620 -17588 -20348 2606 -12288 1208 END
START 5056 -15056 -19848 2921 -5306 1093 END
START 4468 -13444 -18264 3364 -248 1625 END
START 3784 -12160 -15440 3194 2929 2571 END
START 3904 -12428 -12432 2811 4318 4220 END
START 3260 -12588 -9196 4971 6378 5744 END
START 2924 -11876 -6440 4277 6785 6528 END
START 2608 -10724 -4440 1019 5574 7125 END
START 1476 -7264 -5032 -1400 5538 9968 END
START -188 -4172 -5304 -4432 7403 13062 END
START -2920 -1492 -5144 -4765 7114 15944 END
START -5836 -548 -6276 -2402 8027 20264 END
START -8372 -3524 -7376 1101 11065 29483 END
START -9788 -9688 -3280 5983 14764 32767 END
START -10572 -15216 -1596 2310 12237 32767 END
START -9748 -24952 -228 -3687 11866 32611 END
START -9232 -32768 3284 -3046 8807 28683 END
START -5920 -32768 -1308 -4033 5937 21460 END
START -3496 -32768 -3624 -10590 6226 14562 END
START -3072 -32768 -1560 -7404 5398 8380 END
START -2300 -32768 416 5673 5026 3963 END
START -1296 -31196 -712 4716 1159 -1773 END
START -1336 -27432 -2012 -1161 -1431 -7059 END
START -1400 -24792 -3584 -2890 -2411 -10477 END
START -2572 -25492 -3312 -697 -2792 -12527 END