START 3108 1776 260 2034 3354 1209 END
START 2344 3772 -1172 1661 3693 8014 END
START 2404 2372 -364 4299 2642 14663 END
START 1032 1660 268 7301 3715 18688 END
START -540 1484 2124 9278 4719 23229 END
START -1912 -1912 3140 8409 4199 27524 END
START -3976 -6400 3052 6147 3486 29918 END
START -6472 -13056 2436 5996 4525 30913 END
START -6368 -18504 2112 7910 6250 30985 END
START -5600 -20804 3952 3186 5318 30814 END
START -3960 -28000 2472 164 2893 29011 END
START -2456 -31132 2004 3116 2776 25822 END
START -1812 -32768 3936 5794 3840 22007 END
START -176 -32768 5272 5055 2934 18515 END
START 2544 -32768 4408 459 621 13489 END
START 3596 -32768 1916 -4429 -372 8154 END
START 2872 -32768 2900 -3038 -350 1983 END
START 1836 -32768 3728 -819 -1538 -3427 END
START 364 -32768 5328 -2382 -3478 -9236 END
START 436 -28084 5092 -8411 -5806 -13545 END
START -1112 -24216 6476 -11242 -7406 -16242 END
START -1852 -19748 6400 -7688 -9141 -17015 END
START -1596 -15544 4620 -4952 -10804 -16877 END
START -1300 -11304 2228 -4217 -11478 -15135 END
START -1240 -8604 -216 -5677 -10878 -13133 END
START -2000 -6576 -672 -4274 -9719 -10579 END
START -1592 -6800 -2588 -3219 -9989 -6783 END
START -904 -8400 -4760 283 -7929 -4053 END
START 644 -9904 -6844 4597 -4937 -1525 END
START 1768 -12496 -9700 4471 -1372 -78 END
START 3072 -15648 -12076 2524 3601 -41 END
START 4404 -19888 -11556 -127 6335 -600 END
START 4580 -24256 -9676 3567 9179 -1875 END
START 7220 -26708 -7400 4514 10818 -3708 END
START 7108 -29388 -5956 -125 11271 -7478 END
START 6160 -32252 -5324 -5279 11965 -10845 END
START 5020 -32768 -5584 -8449 13694 -15138 END
START 1692 -28676 -1088 -6278 16392 -18451 END
START -2272 -22296 4672 -3309 16039 -19587 END
START -3592 -13844 8916 -2531 13205 -19397 END
START -2824 -7356 10536 -5587 9447 -18047 END
START -896 -2672 8644 -8432 6663 -15249 END
START 776 1408 9956 -8660 3883 -11143 END
START 2088 3556 9544 -5248 1036 -6683 END
START 3452 3724 8720 -1613 -874 -2654 END
START 4504 1316 8656 -28 -2887 274 END
START 4896 40 7628 -1955 -5209 3444 END
START 4784 -3776 6928 -1779 -7253 5289 END
START 3980 -9040 6960 1210 -9126 6824 END
START 3988 -10820 6540 2146 -11579 7906 END
START 3844 -12532 7176 316 -14109 8579 END
START 4104 -14616 5688 -599 -17716 8764 END
START 4572 -17436 2788 1028 -19084 7591 END
START 5108 -17732 -1384 -34 -20288 6815 END
START 4620 -18204 -5824 -327 -18991 5176 END
START 4988 -19080 -10420 -1354 -17482 3729 END
START 5896 -20696 -16320 1502 -13329 1497 END
START 6432 -19152 -19388 5056 -6430 -518 END
START 6596 -16112 -19348 3401 -807 -681 END
START 6104 -13804 -15512 1330 3385 686 END
START 5348 -12484 -11544 2588 6947 2018 END
START 5040 -11020 -7748 3154 7188 4195 END
START 4068 -12000 -5244 3356 5771 6870 END
START 2356 -13056 -3788 5145 4880 8738 END
START 1052 -10060 -4688 4801 6102 9198 END
START 64 -6292 -6616 417 7168 10975 END
START -1188 -1692 -9632 -2972 9452 16544 END
START -2812 -3236 -10304 -1406 12105 22443 END
START -4336 -6188 -8188 5955 14679 26228 END
START -4544 -10740 -5248 10915 16679 27798 END
START -8956 -11572 -5748 4590 18930 30834 END
START -10092 -18724 -4508 -6100 20237 31048 END
START -14464 -28396 2516 -931 19244 29315 END
START -13692 -32056 8756 6142 15622 25260 END
START -11224 -32768 8008 -4889 11595 19446 END
START -9460 -32768 8616 -8267 9928 11775 END
START -7384 -32768 10364 444 5765 4872 END
START -3800 -30040 7828 2773 1668 -744 END
START -2312 -25548 6340 1014 -851 -3738 END
START -2400 -22952 4436 -1276 -2543 -5884 END
START -3012 -23220 4160 -2299 -4432 -7912 END
START -3780 -22884 4456 -3699 -6410 -10665 END
START -4564 -21184 4184 -4072 -7852 -13119 END
START -5296 -20008 5092 -2656 -9045 -14592 END