START 3792 5320 1312 -5106 258 2964 END
START 2180 4336 1196 -2268 1279 7612 END
START 1044 3260 2184 2360 557 12175 END
START 628 5432 1940 2773 -871 17878 END
START -584 1244 2020 2745 -707 22510 END
START -2592 -1452 2412 4988 -1304 26648 END
START -3204 -5292 628 5029 -2209 30070 END
START -3812 -11524 -2012 5902 -628 30701 END
START -3976 -16600 -1716 10605 1488 30361 END
START -4792 -16752 176 13021 3403 31258 END
START -4836 -18736 452 4820 5246 30580 END
START -5868 -22604 -912 -1153 6194 28476 END
START -7704 -27772 528 2610 4759 27720 END
START -8024 -27132 3372 12412 4859 25716 END
START -7776 -24636 3124 5368 4170 24014 END
START -7472 -26620 -676 -5378 4394 20634 END
START -7828 -30284 -2824 -7940 5001 17349 END
START -9312 -32620 168 2653 3808 14403 END
START -7912 -32252 3004 6115 48 11620 END
START -5636 -32768 16 -1275 -1757 6466 END
START -4564 -32316 -1688 -3508 -954 135 END
START -5524 -30796 -1516 -1644 -1350 -3275 END
START -6688 -32420 804 1502 -2803 -6499 END
START -7048 -30076 552 -11 -3601 -12030 END
START -6580 -26824 -156 -6527 -3350 -17065 END
START -7096 -24260 -768 -7048 -2674 -19964 END
START -6792 -20636 432 -1894 -2433 -21239 END
START -6036 -16416 1876 152 -2566 -21377 END
START -5168 -12100 2312 -2566 -3237 -21338 END
START -4812 -10296 2536 -7598 -3491 -19574 END
START -4468 -9332 3424 -5534 -4096 -17627 END
START -3168 -7124 2828 -1084 -5716 -14773 END
START -1836 -4804 1328 -1773 -6332 -11181 END
START -864 -4308 -176 -5345 -5527 -8243 END
START -1264 -5736 -220 -5061 -4989 -4898 END
START -1060 -7072 -348 1444 -5300 -775 END
START 80 -8268 -704 3363 -6371 1801 END
START 936 -9656 -3116 378 -6280 3486 END
START 1400 -11624 -5372 -1658 -2087 4411 END
START 888 -14492 -4544 -335 -793 4996 END
START 1288 -16992 -5604 3285 -1136 5892 END
START 1380 -19376 -7140 5384 1684 5664 END
START 1532 -21388 -6784 2110 4499 4092 END
START 1572 -23396 -7252 -1058 5818 2067 END
START 2348 -26140 -7560 -1810 6287 148 END
START 3068 -28152 -9812 -335 7434 -1477 END
START 3640 -30600 -11348 -2909 10197 -4964 END
START 2976 -31032 -10172 -5793 12967 -9241 END
START 2496 -29712 -7356 -7723 13387 -12112 END
START 1852 -27820 -7244 -9627 12530 -13810 END
START 444 -25144 -7900 -10883 15057 -15758 END
START -1268 -21456 -6844 -9236 20692 -17808 END
START -3192 -18860 -2580 -5990 22070 -18445 END
START -4672 -13764 5124 -1509 20533 -17702 END
START -4596 -12216 12188 -273 14539 -15766 END
START -2424 -7408 15356 -3844 7037 -14117 END
START -316 -4828 13664 -7735 2143 -12204 END
START 2028 -1472 10616 -7881 932 -10025 END
START 3328 -48 9280 -5025 -1751 -6827 END
START 4532 860 8500 -391 -5353 -2450 END
START 5124 284 7692 554 -9094 1668 END
START 5132 -2028 5632 1271 -9490 4542 END
START 4828 -3988 6104 725 -10235 7181 END
START 3892 -7020 6852 2474 -14169 9712 END
START 3584 -10944 5912 5772 -18139 11909 END
START 3472 -14580 3488 5021 -22320 12761 END
START 3828 -21196 -3132 3359 -23791 11596 END
START 4108 -25080 -8796 4729 -21356 7556 END
START 4788 -25180 -10744 4661 -18385 3618 END
START 5340 -24468 -12444 1821 -16795 681 END
START 4692 -24020 -13644 1090 -14712 -1705 END
START 4188 -20472 -14724 1336 -10155 -3780 END
START 3512 -15648 -12860 1449 -6036 -4392 END
START 2764 -12676 -13072 -1253 -4508 -3080 END
START 2556 -10856 -15260 -2480 -732 -2291 END
START 2576 -6688 -14528 2104 5960 -846 END
START 1320 -3320 -10468 3218 8802 3484 END
START 1072 -4344 -5892 6447 9308 8584 END
START 536 -5260 -2848 6492 7788 13032 END
START -72 -7632 -4724 2532 6597 16133 END
START -784 -10240 -6500 456 7674 16906 END
START -2900 -9704 -6872 642 9309 18527 END
START -4196 -10416 -4948 1583 11617 20268 END
START -5932 -10468 -1508 3845 13416 21880 END
START -7804 -11140 -156 1921 13060 23805 END
START -9392 -15796 -4384 -4067 12547 27645 END
START -9712 -22004 -5912 -3909 13874 26765 END
START -10064 -24268 -3528 1092 13955 25392 END
START -10696 -28124 -4 4777 12740 23389 END
START -10420 -32376 3128 7097 10809 19423 END
START -8808 -32768 4996 6282 6949 13389 END
START -5328 -31384 3412 314 2867 7131 END
START -2592 -29380 1188 -2417 954 448 END
START -1924 -27888 -360 -1242 -817 -3960 END
START -1860 -26584 -844 473 -2070 -8047 END