START 8696 -10320 -4156 422 -260 1547 END
START 7604 -10248 -3700 -870 819 2370 END
START 5880 -8540 -3892 1217 2009 3156 END
START 4412 -7676 -2324 3024 1473 3116 END
START 2484 -4748 -1300 5364 975 4766 END
START 1156 -2772 720 5562 1376 7902 END
START -764 -2288 3756 4503 -427 10880 END
START -1960 -3712 3896 5970 -3305 14464 END
START -2960 -3140 2164 6367 -3970 17516 END
START -3052 -5152 1528 3670 -3382 20625 END
START -3336 -9804 920 5143 -5801 24326 END
START 92 -17220 -3092 9895 -7213 27477 END
START 2872 -26344 -5736 10139 -5033 26787 END
START 1008 -32552 -3780 7515 112 22166 END
START 2036 -32768 -1560 5523 387 17313 END
START 3152 -32768 -800 5500 -1721 11561 END
START 4312 -32768 -1912 3785 -1992 4871 END
START 4980 -32768 -3624 -2037 -1941 -1858 END
START 4216 -32768 -5008 -4254 -663 -7858 END
START 3920 -32132 -5460 -5555 -436 -11584 END
START 3408 -27264 -6112 -6165 824 -14707 END
START 2244 -21072 -4112 -3675 1766 -15277 END
START 1924 -16164 -2116 -3162 966 -14587 END
START 1836 -12304 -1436 -2798 603 -12645 END
START 1336 -8708 -1568 -4386 2383 -11367 END
START 804 -6580 36 -4686 3659 -9811 END
START 324 -5428 1176 -4742 2580 -6845 END
START 128 -5744 944 -840 1195 -3114 END
START -56 -6288 844 841 958 -580 END
START 756 -8708 596 -1050 388 673 END
START 1368 -11472 -32 -503 -796 1643 END
START 2584 -12952 -1512 882 -2344 2497 END
START 4416 -15400 -4140 61 -2351 2798 END
START 5084 -17764 -5820 -463 -1016 2376 END
START 5364 -20212 -7712 -597 261 1790 END
START 5772 -23212 -9564 -1011 2206 320 END
START 7248 -25728 -11024 -1267 3873 -885 END
START 9564 -27296 -12180 -2277 6441 -3420 END
START 9980 -27636 -11604 -3920 9216 -6022 END
START 8468 -26276 -9368 -2830 8815 -7166 END
START 7708 -25356 -8760 682 9790 -8306 END
START 6196 -22124 -7512 -955 14624 -10805 END
START 3856 -20644 -3592 -5085 19281 -14445 END
START 1932 -13528 1332 -7739 19462 -13525 END
START 792 -9028 6752 -6771 14033 -9621 END
START -1428 -6580 11436 1008 6037 -4021 END
START -996 -5496 11428 2317 1660 -1005 END
START -1624 -4916 12816 -5082 2601 -2862 END
START -2088 -5008 14956 -10253 -2012 -2590 END
START -1272 -3580 11844 -7176 -9147 -618 END
START 636 -1388 8112 -4732 -13338 2036 END
START 2408 -1916 6300 -2388 -13548 3329 END
START 3972 -2528 6080 -1569 -16445 6775 END
START 4756 -6492 2936 -2520 -21487 10332 END
START 5616 -12892 -2640 -2995 -24384 12112 END
START 6428 -21704 -9884 -357 -22435 9959 END
START 8792 -25520 -16436 -1234 -17388 5291 END
START 8136 -27432 -18460 -1510 -11105 134 END
START 6836 -25516 -18068 1418 -7212 -3387 END
START 6360 -20796 -16856 4956 -3336 -4791 END
START 5780 -14636 -13800 5508 893 -5242 END
START 5100 -9940 -9588 3771 3953 -4027 END
START 3372 -7220 -4812 1975 2721 -1040 END
START 2204 -5912 -3452 2214 -1038 2376 END
START 1612 -5436 -6020 360 -2240 5346 END
START -56 -6324 -7572 319 1224 4920 END
START -2040 -4592 -6420 2549 2908 4805 END
START -1884 -2880 -6572 3183 4689 9362 END
START -3660 -2344 -7152 3241 5932 10582 END
START -2956 -3700 -8892 5102 6724 9242 END
START -5144 6364 -11180 6067 11758 17228 END
START -5524 -4548 -9236 -1460 13598 27848 END
START -8292 -8080 -7596 3764 15636 30993 END
START -10376 -12792 -3308 3914 16937 32767 END
START -11964 -24728 -528 -3236 15180 32767 END
START -14484 -32768 -928 -7154 11788 32767 END
START -17896 -32768 2864 -359 12868 25138 END
START -9748 -32768 6380 928 4681 11954 END
START -5140 -32768 2280 -1467 1095 1353 END
START -2668 -32768 -356 -2907 587 -7098 END
START -2080 -30132 -2048 -1599 97 -11049 END