START 1412 4028 1784 -40 4264 -2263 END
START 436 4156 3256 200 2967 7499 END
START -960 3648 3420 5559 875 13191 END
START -952 2952 2724 9229 -350 18388 END
START -1436 780 2384 10630 989 22775 END
START -2056 -2292 3140 10827 -10 26768 END
START -2788 -9948 1712 14334 -2165 29803 END
START -2900 -14900 -828 20246 -305 30116 END
START -2496 -16080 140 17832 3197 30622 END
START -2000 -18164 476 8058 2869 30979 END
START -2292 -25344 500 4398 1249 29642 END
START -2680 -27248 -232 8829 2436 26750 END
START -4328 -24128 1244 7949 4044 24709 END
START -4268 -24492 836 1691 1807 24163 END
START -5564 -27920 -1996 -349 1202 24706 END
START -5104 -32188 -2020 1024 2930 20964 END
START -4384 -31816 -540 2428 3540 16681 END
START -4464 -32768 684 4632 3660 12007 END
START -3268 -32768 664 -127 589 6616 END
START -1796 -32160 160 -5722 -1468 1311 END
START -1904 -31292 -992 -4391 -2076 -1907 END
START -1512 -31956 -2412 -4132 -1869 -5807 END
START -3324 -32280 -1148 -2019 -934 -10310 END
START -3868 -30208 -132 -4087 -1528 -15563 END
START -4588 -27780 652 -7299 -2201 -20497 END
START -4432 -25412 736 -6935 -2647 -23433 END
START -4800 -20196 -864 -6560 -3164 -23524 END
START -4648 -17272 148 -5617 -1710 -23410 END
START -4704 -12716 200 -6660 -1370 -23458 END
START -4020 -9844 1348 -9977 -2594 -22397 END
START -2768 -7368 1448 -8284 -3409 -19675 END
START -1316 -4676 648 -5661 -3961 -14647 END
START -92 -3812 -392 -3722 -4441 -10391 END
START 552 -5520 -1508 -3002 -5092 -7245 END
START 1508 -7592 -3740 -3069 -3850 -4387 END
START 2620 -10036 -4212 -4047 -3116 -2230 END
START 3168 -11572 -5264 -1279 -2253 -475 END
START 3792 -13008 -6188 -37 -859 226 END
START 4312 -14320 -7084 -1991 -211 533 END
START 4544 -17180 -7884 -1422 803 1711 END
START 5448 -20288 -10680 823 1561 822 END
START 6948 -21688 -13168 -2366 3474 -505 END
START 7804 -22520 -14964 -7217 5941 -2689 END
START 9032 -22104 -17168 -10646 6947 -3767 END
START 8516 -21100 -21720 -11263 9746 -4494 END
START 7556 -18028 -20016 -7413 19103 -6041 END
START 6108 -15096 -12428 -6377 23615 -6181 END
START 5172 -11964 -6012 -7174 22032 -5039 END
START 3176 -10744 -1552 -5547 18806 -2165 END
START 416 -10760 1972 1920 19693 620 END
START -1548 -10692 7276 -1994 20001 561 END
START -2336 -13916 13544 -10475 14145 527 END
START -2832 -16300 17344 -5892 7307 -221 END
START -2240 -15220 17588 960 711 -1204 END
START -616 -11856 15972 -1101 -5785 -2367 END
START 1824 -9044 12464 -4323 -10130 -2347 END
START 2148 -9568 11712 -1426 -13785 -1166 END
START 3228 -8980 10488 3241 -18395 977 END
START 4948 -10252 6760 1013 -24417 2791 END