START -2492 -28024 264 6297 1758 9359 END
START -1672 -31920 1292 6693 1209 5638 END
START -676 -32768 904 3091 -29 -222 END
START -964 -32768 1608 2153 -678 -5864 END
START -2432 -32768 3176 3302 -1589 -12003 END
START -3036 -32768 3360 2349 -3397 -16338 END
START -2340 -31016 2480 -1175 -4913 -21326 END
START -3100 -27040 2320 -3281 -5951 -24580 END
START -3412 -23120 1636 -2128 -7415 -23795 END
START -1988 -19800 1128 -509 -7321 -22320 END
START -2852 -17452 400 -1630 -5660 -23180 END
START -2764 -12564 1016 -3114 -3439 -24755 END
START -2524 -8644 2212 -5450 -4152 -23400 END
START -1928 -5008 2304 -4741 -6553 -18299 END
START -976 -3844 -900 -4644 -3959 -15480 END
START -1100 -964 -4 -5467 -783 -15142 END
START -936 1916 136 -6437 -1272 -12153 END
START 72 2388 -892 -3533 -1071 -7478 END
START 104 3880 -812 -481 -628 -3304 END
START -500 3896 -572 -250 -886 -22 END
START -1212 1960 180 2134 -2277 3787 END
START -1788 744 548 4033 -2739 7950 END
START -1464 -1240 -204 2297 -2380 11264 END
START 188 -6300 -892 4714 -1520 12832 END
START 3984 -10332 -124 5618 -3403 16459 END
START 8104 -17764 -3608 6353 -4507 18543 END
START 11600 -26720 -8080 5173 -3913 17326 END
START 12388 -31192 -10124 6565 2625 11790 END
START 11372 -32012 -5456 4568 4226 7173 END
START 10676 -31088 -2824 3836 2055 6122 END
START 9076 -29908 -3684 3929 2271 4790 END
START 7216 -27644 -2284 2281 4920 548 END
START 6352 -25560 -1292 -385 4270 -1584 END
START 7384 -24624 -3272 -1461 3923 -3000 END
START 9528 -23268 -6496 -3142 3697 -3533 END
START 12156 -25308 -11544 -2987 6879 -5390 END
START 11832 -25084 -11124 -746 10735 -7219 END
START 9700 -24156 -7404 -617 13096 -9344 END
START 5164 -22632 -1540 -32 11667 -9108 END
START 1544 -19488 1124 3202 13870 -9548 END
START -1804 -16676 8632 -204 13760 -11827 END
START -2336 -12360 11040 -3263 9194 -11810 END
START -2172 -8420 10784 -2836 4813 -9492 END
START -1220 -5588 8484 -2463 5295 -8901 END
START -1184 -2496 9960 -4484 3092 -8010 END
START 936 -280 7224 -5126 -532 -4973 END
START 1624 752 4892 -3024 -2279 -1150 END
START 2500 -96 3516 -693 -3006 2185 END
START 3364 -380 4004 -1940 -4102 4791 END
START 3168 -4120 4772 -1108 -5380 6625 END
START 2612 -6648 7420 634 -8349 9831 END
START 2608 -11216 8864 1628 -13156 12498 END
START 3140 -17632 8420 2066 -16796 13526 END
START 5308 -20376 6000 -1114 -18738 12441 END
START 7196 -27436 740 -3462 -21077 9817 END
START 7180 -29872 -5064 -1429 -18798 5360 END
START 7584 -29848 -9156 -978 -15638 583 END
START 8832 -27524 -13740 -1865 -11136 -3556 END
START 7960 -22528 -12744 -2005 -7342 -6825 END
START 6396 -15772 -11700 607 -4534 -6777 END
START 5152 -9308 -11760 -596 53 -6846 END
START 2420 -3204 -7356 -354 2608 -4647 END
START 860 -64 -4792 1520 3084 1386 END
START -648 76 -4032 -136 3643 5472 END
START -2144 -876 -3884 -803 3756 8788 END
START -2464 8 -4712 708 5204 12314 END
START -3088 428 -5648 1398 5460 15011 END
START -5388 3252 -10176 2436 9950 19880 END
START -5532 1896 -12716 -2421 15233 28210 END
START -7576 -1864 -12312 -2307 19478 32767 END
START -10632 -9392 -8884 -6229 20906 32767 END
START -14392 -20896 -6924 -4076 20248 32767 END
START -16180 -32768 -6512 -11846 21169 32767 END
START -16936 -32768 332 -9261 19115 26898 END
START -12404 -32768 4140 -1937 15637 18178 END
START -8272 -32768 5280 -4654 11797 8804 END
START -6332 -32768 3980 -5441 8324 3438 END
START -6016 -30700 3616 -347 5647 3721 END
START -5296 -28364 2776 -423 1726 2013 END