START 1184 2104 -244 -2299 -22 8444 END
START 232 -524 -736 -2639 6 10443 END
START -1200 -3056 -152 3799 80 16245 END
START -1496 -3948 544 6393 1037 20072 END
START -2628 -7116 1796 6212 43 22477 END
START -3380 -11420 1008 7345 778 23997 END
START -2836 -16768 876 6294 886 24155 END
START -2884 -20004 2752 6817 420 23454 END
START -1960 -22980 2560 7172 -871 22900 END
START -808 -26280 -416 7674 -498 22148 END
START 404 -27208 -232 7120 1596 19911 END
START -1152 -27628 3216 7455 2901 17287 END
START -44 -30292 3432 5906 -386 16563 END
START 1988 -32768 -700 3876 -1071 13310 END
START 2244 -32768 292 2332 1839 7065 END
START 2144 -32768 3164 -1055 681 2489 END
START 2160 -32768 2956 -2465 -2486 -621 END
START 2324 -32768 1296 -3705 -3524 -3986 END
START 976 -30900 1584 -5774 -2912 -8640 END
START -468 -26896 1088 -6429 -2974 -11269 END
START -100 -23304 -376 -6559 -2668 -13577 END
START -608 -19576 -1492 -5417 -2070 -14405 END
START -1124 -15192 -948 -1005 -2086 -12311 END
START -984 -11956 -652 2837 -2426 -9204 END
START 1440 -11040 -3064 -708 -1426 -8068 END
START 2872 -11948 -4856 -4530 -361 -6665 END
START 4428 -17296 -8052 -3505 -82 -4812 END
START 8028 -25160 -14248 -2827 2760 -5022 END
START 9136 -32228 -18184 -5104 10601 -10990 END
START 5212 -32768 -16412 -6011 18546 -17751 END
START -620 -26588 -10272 2989 21807 -19041 END
START -3956 -17456 -368 8751 21536 -17966 END
START -5216 -11080 10268 4086 17856 -16506 END
START -5456 -8628 14688 -2767 14024 -14982 END
START -5880 -7300 14800 -6132 9576 -13204 END
START -5176 -5724 14068 -4411 3485 -10691 END
START -3924 -3116 13136 -4828 -1690 -8666 END
START -2120 208 12724 -6256 -4984 -6781 END
START -296 2984 11188 -6713 -8838 -3747 END
START 432 2128 9680 -5226 -13042 45 END
START 780 2028 8512 -1628 -17189 4825 END
START 2428 544 5396 -2075 -18213 8491 END
START 3184 -3756 3852 -1874 -19630 11110 END
START 6192 -8296 -120 -2937 -21746 14324 END
START 7488 -16572 -7808 -4052 -22001 14550 END
START 8004 -26724 -13488 778 -17230 11167 END
START 8500 -32768 -16372 4134 -11623 6027 END
START 8792 -32768 -15900 5193 -5621 -615 END
START 7980 -30380 -13460 2201 -1565 -5399 END
START 6524 -24300 -10676 673 366 -8168 END
START 5368 -16532 -8292 1762 994 -8792 END
START 3844 -9200 -7792 1743 2737 -7183 END
START 2712 -4600 -4868 1031 3463 -4072 END
START 1472 -1224 -3400 629 1768 714 END
START 788 -400 -3940 1877 2442 4925 END
START -648 2248 -2700 499 2691 9164 END
START -1240 28 -5372 -915 1437 13411 END
START -1416 -708 -8900 746 4591 17638 END
START -3012 -1560 -8484 2251 7753 22228 END
START -5364 -1888 -10232 3061 11641 26290 END
START -8704 -2716 -7436 3791 15586 31789 END
START -11328 -5280 -2664 10293 16685 32767 END
START -13308 -15704 -888 13044 16979 32767 END
START -14472 -23368 1732 -1215 17390 32767 END
START -16148 -32768 1812 -11279 14932 32767 END
START -17916 -32768 1840 -2076 13709 25740 END
START -15536 -32768 6540 2392 10474 14384 END
START -11768 -32768 8004 688 7224 1572 END
START -8728 -32768 7372 159 3299 -7839 END
START -5720 -32768 5248 2840 526 -12807 END
START -5028 -27460 3796 1957 -826 -15805 END