START 4768 3068 648 -31 3480 9579 END
START 3160 2436 724 -784 1893 13982 END
START 1556 636 180 5484 1091 20594 END
START -148 1752 -480 7747 1750 26581 END
START -2084 -844 1988 6486 1978 29985 END
START -4316 -5032 4148 5482 -254 32767 END
START -6616 -14664 1516 7795 -3064 32767 END
START -6372 -20796 1332 12072 -626 32767 END
START -6264 -20972 3568 8226 1023 32767 END
START -6008 -21232 2688 1400 -1082 32422 END
START -6116 -27292 -2524 -2290 -2465 31836 END
START -6384 -29716 -2468 4212 1028 28648 END
START -6712 -26972 112 4165 1791 24472 END
START -6152 -23896 312 -1233 855 21976 END
START -5248 -24000 -4688 -6748 1743 20278 END
START -7724 -26392 -3440 -4885 3530 18214 END
START -10832 -30640 2300 4967 1321 17611 END
START -9508 -32768 676 3209 -3255 13531 END
START -7216 -32768 -2928 -5043 -2795 4037 END
START -6136 -32768 -4576 -8830 -1860 -2221 END
START -6536 -32768 -5076 -1616 -1276 -5727 END
START -7188 -32008 -3068 3199 -928 -9722 END
START -7268 -29500 -2236 -1623 -1062 -15365 END
START -8320 -27036 -944 -4245 90 -19824 END
START -8924 -25372 904 -5821 -1316 -22119 END
START -8532 -22992 1256 -3609 -2918 -24566 END
START -8004 -18760 1536 -4041 -3429 -25935 END
START -7116 -15936 1600 -5448 -3273 -26647 END
START -6040 -12440 1100 -8673 -2266 -26795 END
START -5040 -7944 360 -10355 -1478 -24568 END
START -4032 -6160 744 -7466 -1911 -20891 END
START -2660 -4024 28 -1917 -2741 -16973 END
START -288 -320 -1172 -2558 -2938 -11915 END
START 356 -1252 -872 -3339 -2880 -7418 END
START 396 -4572 -964 -2603 -5224 -1709 END
START 1060 -7416 -2776 963 -6969 2242 END
START 1936 -9004 -5604 2198 -4835 3174 END
START 2660 -13112 -6944 -1612 -2210 4083 END
START 2540 -16008 -7436 -294 -547 4530 END
START 2864 -19308 -7652 1390 -1537 4886 END
START 4052 -21588 -9612 3139 783 3518 END
START 4768 -24424 -10336 -1680 2201 1877 END
START 5292 -27536 -12692 -4207 4260 -1144 END
START 6244 -29824 -15628 -6107 7805 -5338 END
START 6036 -29184 -17096 -10072 12928 -10328 END
START 4932 -27700 -16180 -12481 17028 -14500 END
START 3228 -22124 -12276 -10578 20828 -16203 END
START 1360 -15460 -6712 -6883 24589 -16695 END
START 872 -10396 2176 -6448 22187 -13837 END
START 1208 -7312 8576 -3008 15472 -9185 END
START 960 -5100 11904 -1374 4839 -3842 END
START 1784 -7188 6432 1065 6361 -3348 END
START 256 -6492 11040 -6388 5638 -3409 END
START -4 -7652 10848 -5098 411 -2015 END
START 96 -5976 10792 -2042 -5037 -215 END
START 1712 -4772 8476 105 -8356 1091 END
START 2568 -4500 8312 743 -10449 2913 END
START 2928 -6908 8212 1603 -15268 5813 END
START 3484 -10160 6912 4611 -19789 7592 END
START 5816 -14772 1496 2613 -25176 8813 END
START 6620 -20004 -7492 90 -25595 6250 END
START 5692 -20900 -12892 -1570 -21320 2328 END
START 4544 -20428 -16896 -736 -16909 -785 END
START 3288 -18016 -18748 2301 -12899 -2762 END
START 2680 -14272 -18520 5186 -8437 -3300 END
START 2292 -10744 -17368 4817 -2490 -1985 END
START 1880 -9216 -13892 4955 1238 -66 END
START 2096 -8292 -10708 5979 1874 2432 END
START 2064 -8608 -9512 8312 2244 5634 END
START 1884 -8316 -9640 9217 5406 8221 END
START 576 -9028 -7296 8684 9220 9898 END
START -92 -8648 -2328 7774 8699 10728 END
START -440 -6188 -668 8018 8131 13850 END
START -1076 -3176 -1944 4664 9148 18827 END
START -3380 -4868 -2996 593 8232 23293 END
START -5280 -9300 -7052 2633 8138 26120 END
START -8084 -13740 -7092 10747 12578 28119 END
START -10380 -14136 -3300 11437 14451 30573 END
START -9932 -18636 -508 1892 14382 32767 END
START -13344 -26628 3060 -2754 11895 30685 END
START -14088 -32768 6196 -3566 6019 25689 END
START -12704 -32768 5280 -3980 982 19472 END
START -10192 -32768 2296 -3895 -1298 12480 END
START -7088 -32768 -1132 -3766 -2248 4376 END
START -4472 -31620 -3976 -623 -1188 -2456 END
START -3256 -26376 -3768 660 -651 -6754 END
START -3388 -23252 -3336 766 -635 -9267 END
START -4032 -21308 -2788 -823 -1450 -11572 END