START 2268 896 1864 -2656 4197 -5232 END
START 716 4596 1636 -712 4270 -2068 END
START 1880 5768 2148 -853 3389 3396 END
START 912 4600 3492 585 2561 9544 END
START 348 2008 4104 4994 -891 15036 END
START 720 1264 2524 8698 -2594 20777 END
START 156 -2420 636 7912 -2532 25114 END
START -1856 -6152 920 9459 -2900 27946 END
START -2592 -10380 248 8483 -3840 29914 END
START -3324 -15108 -1552 8802 -3369 30618 END
START -4168 -18472 -2160 9378 -1776 30466 END
START -5032 -19932 -936 12022 121 29644 END
START -4524 -19476 -524 7853 532 29965 END
START -5432 -21240 -1660 2312 575 28758 END
START -7608 -22596 -1916 1562 1336 28292 END
START -9828 -24904 196 4177 -350 28469 END
START -9012 -27440 -2388 3945 -2853 26746 END
START -8608 -28080 -6536 -2024 577 21389 END
START -10920 -32228 -3940 -1870 3120 16436 END
START -11156 -32768 -624 2628 463 13043 END
START -10460 -32768 512 5615 -1637 7025 END
START -7692 -32768 -1140 -1570 -3057 -1301 END
START -5552 -31640 -3648 -7540 -2958 -7350 END
START -6124 -30672 -4060 -4621 -2310 -10547 END
START -6960 -28764 -3628 332 -3007 -13331 END
START -7572 -27756 -2524 1541 -2435 -16383 END
START -7728 -25340 -2424 -1980 -1710 -20903 END
START -8504 -24748 -1012 -3412 -895 -23741 END
START -7604 -21364 -172 -4003 -1687 -25465 END
START -6088 -16568 -1008 -3986 -2223 -26374 END
START -4208 -12188 -2072 -7698 -1122 -25906 END
START -3140 -9632 -2620 -8781 1594 -24516 END
START -2876 -7244 -724 -7144 2414 -21716 END
START -1944 -4000 444 -5975 719 -17390 END
START -1276 -3104 1240 -5515 -1122 -12268 END
START -892 -2292 1780 -3242 -1784 -8487 END
START -712 -2168 2548 -734 -2080 -4899 END
START 136 -3452 1596 -1833 -4229 -261 END
START 1192 -8420 316 -893 -6916 3964 END
START 3032 -12468 -3424 3145 -6220 4800 END
START 3960 -15964 -5836 685 -4710 3822 END
START 3656 -19128 -8160 -530 -2022 2185 END
START 3900 -19764 -8160 -443 437 1044 END
START 3688 -18452 -6588 471 1110 38 END
START 3764 -17984 -6696 1398 888 126 END
START 4208 -17152 -8024 1343 1607 451 END
START 4756 -18020 -9344 892 3196 1358 END
START 4960 -19816 -11000 -989 3349 1479 END
START 5092 -21428 -12380 -2375 5401 693 END
START 5396 -24104 -14232 -5006 8080 -260 END
START 6116 -26788 -15296 -6396 11488 -2330 END
START 5464 -26928 -13164 -7320 13747 -5508 END
START 4908 -23544 -9340 -8709 15550 -7594 END
START 3760 -21332 -5140 -10860 15011 -7523 END
START 2756 -20020 -2772 -7456 14697 -8170 END
START 1408 -16572 460 -6616 16181 -8791 END
START 256 -13252 5020 -8665 15814 -9976 END
START -712 -11436 9048 -7144 11460 -8938 END
START -296 -9092 8968 -4202 6310 -7497 END
START 188 -8388 8832 -3081 2804 -6554 END
START 836 -6536 7844 -3486 1525 -6673 END
START 1276 -4388 7952 -6694 -1767 -5995 END
START 2056 -3604 5536 -2891 -5769 -3674 END
START 2732 -3968 3636 322 -8235 -1205 END
START 3284 -4636 4156 3760 -8430 899 END
START 3500 -6408 6060 5367 -12233 3445 END
START 3596 -9432 5384 8158 -16674 5838 END
START 4476 -13868 2144 6838 -21479 7456 END
START 5156 -17820 -3368 5235 -23630 6347 END
START 5292 -20228 -8520 3550 -22649 3899 END
START 5448 -20532 -14776 399 -20576 1674 END
START 5460 -22380 -21092 -1312 -16034 -1528 END
START 5616 -20064 -23380 3429 -8519 -4268 END
START 4532 -16668 -18936 7940 -3009 -5608 END
START 4004 -11696 -14432 7262 179 -4659 END
START 3916 -8160 -12140 198 2955 -1458 END
START 3068 -8048 -10312 -2826 4820 922 END
START 2616 -6600 -8944 2477 4631 3822 END
START 2828 -4376 -7596 5013 4455 7786 END
START 1700 -4732 -7068 2732 5143 11490 END
START 464 -8192 -6376 2032 6533 13966 END
START -972 -11208 -5244 7574 5972 15212 END
START -1460 -9948 -5152 8562 6276 18171 END
START -1724 -10428 -5164 2774 9153 19859 END
START -3176 -9088 -3984 -4234 10214 20643 END
START -4992 -12932 -8184 -5053 8578 22784 END
START -7932 -18008 -7152 8346 11063 25898 END
START -8876 -16148 -1684 14931 12578 27048 END
START -7752 -15308 1956 4142 11196 26462 END
START -7700 -14568 -288 -11935 7630 25912 END
START -8532 -18168 -3248 -13653 5890 26738 END
START -10296 -24088 -3336 2501 4333 27502 END
START -8932 -27792 -3596 7724 1985 25152 END
START -9504 -32052 -4532 3376 3129 17367 END
START -9548 -32768 -4188 -2587 5012 7928 END
START -8732 -32768 -1432 406 4960 1575 END
START -7944 -29952 152 7178 3011 -2466 END
START -7088 -27284 516 6352 243 -7552 END
START -7464 -26804 1156 4199 -2702 -11651 END