START 4000 6512 -320 2761 1962 4465 END
START 3080 5320 -1456 -672 4133 10258 END
START 320 4020 708 1408 3740 15305 END
START -492 4828 2816 4598 1752 20983 END
START -1712 -1484 4076 7740 -361 28089 END
START -3672 -7204 2412 12230 -329 31916 END
START -5212 -11504 1772 12302 624 32205 END
START -5744 -15652 1620 8738 1022 31933 END
START -5428 -18416 1480 3706 1243 31597 END
START -7232 -21068 1820 628 432 32016 END
START -7636 -21320 924 1403 -878 30883 END
START -7052 -21736 -3472 -464 210 29770 END
START -8112 -23960 -3716 837 3297 28384 END
START -8340 -25044 -1592 1909 3658 26456 END
START -8436 -27668 -2116 -927 1972 24797 END
START -8812 -32076 -2620 -2392 782 21283 END
START -9376 -32768 -2684 -885 846 15929 END
START -7684 -32768 -1608 1607 22 10858 END
START -6708 -32768 -1780 -16 -750 5345 END
START -6436 -32768 -2992 -1808 -967 384 END
START -5640 -32768 -3592 -3571 -760 -5285 END
START -5408 -32452 -3968 -5056 -1098 -10976 END
START -6504 -30916 -4204 -4078 -1074 -15563 END
START -6984 -28928 -2688 -1742 -1426 -18577 END
START -7920 -26720 -1124 1442 -1179 -21691 END
START -8336 -23784 1780 674 -2826 -24479 END
START -8676 -21132 1920 -547 -4617 -26054 END
START -7604 -16792 1608 -2317 -4802 -26915 END
START -6384 -12660 1680 -5118 -4898 -26518 END
START -4884 -7796 944 -8444 -5062 -24112 END
START -3332 -5496 48 -6616 -3451 -20433 END
START -2408 -3004 820 -4110 -4057 -16124 END
START -1716 -2476 856 -1339 -6260 -11275 END
START -1008 -1696 -1056 -106 -6612 -6199 END
START -60 -5428 -848 -1669 -5975 -2751 END
START -232 -5800 -1056 -656 -6348 199 END
START 692 -8664 -2680 206 -8414 3959 END
START 2176 -10376 -6776 -1069 -7699 6173 END
START 2492 -14868 -10112 -1405 -3418 5855 END
START 3304 -17916 -11304 523 -1377 5388 END
START 3944 -22584 -15204 -1820 -926 5571 END
START 4824 -28784 -18944 -3366 4683 2520 END
START 6508 -32324 -19512 -5342 10882 -3144 END
START 5528 -32028 -19636 -9858 15442 -8931 END
START 3112 -28532 -16908 -7978 20647 -12591 END
START 448 -19604 -9348 -6409 22970 -13625 END
START -424 -14144 -2028 -4884 22991 -12281 END
START -756 -10612 2864 -1111 24779 -11189 END
START -1084 -7628 10240 937 21769 -9401 END
START -52 -8264 14756 -1789 13424 -6426 END
START 76 -8848 14484 -3117 5017 -3800 END
START 1004 -10616 11980 -2968 1146 -3303 END
START 664 -9620 11420 -3463 1060 -4179 END
START 716 -7708 12648 -5451 -4000 -3348 END
START 1700 -6948 10660 -3552 -9620 -1864 END
START 2880 -5908 8180 -2048 -13672 229 END
START 3376 -7160 6872 1009 -16384 1879 END
START 4104 -8388 4964 1863 -20098 4541 END
START 4904 -11744 952 3174 -23696 6207 END
START 6588 -16660 -4576 6055 -23740 6679 END
START 6596 -19420 -9388 3967 -22314 5004 END
START 6332 -20820 -14388 473 -20566 2641 END
START 5820 -21588 -18804 -1310 -16982 818 END
START 4420 -20796 -23448 1845 -9649 -1478 END
START 4024 -16028 -22188 2501 -1930 -3597 END
START 2964 -12164 -17756 2555 4620 -3867 END
START 1184 -7292 -11840 5021 6815 -459 END
START 1488 -5748 -6136 5792 6281 3497 END
START 704 -6544 -3468 3986 4091 7846 END
START 16 -8516 -4520 3991 2698 11053 END
START -236 -8472 -5448 3942 4623 12528 END
START -956 -7936 -5756 482 5761 14243 END
START -1460 -6680 -7176 -1062 7010 16020 END
START -2040 -6476 -8700 249 9842 17383 END
START -4596 -3628 -8548 3625 13143 20323 END
START -6756 -3800 -6624 5114 15203 25501 END
START -8084 -5412 -2744 3692 14506 32409 END
START -10728 -11780 -352 8585 10894 32767 END
START -12660 -16904 -1440 13173 13187 32767 END
START -14840 -22440 800 -1520 13480 32767 END
START -16140 -29272 2296 -12090 9552 28674 END
START -16568 -32768 1592 -5684 6302 23991 END
START -14372 -32768 1156 5935 4036 16913 END
START -11176 -32768 1848 7551 2908 8236 END
START -8444 -29988 96 814 1414 1767 END
START -7276 -29048 -100 -820 243 -3068 END
START -6472 -27864 -1680 2685 -1866 -6925 END
START -7108 -26008 -2588 2401 -2325 -10767 END
START -8552 -26696 -444 1088 -3026 -14199 END
START -9252 -25888 548 1523 -6186 -18432 END