START 4544 1376 -1280 -1612 259 -8438 END
START 4116 3396 -2124 -1421 -227 -1251 END
START 4512 3104 -2084 829 1686 4135 END
START 4544 4132 -436 438 2552 10252 END
START 4720 1992 588 1238 2449 13090 END
START 3908 444 200 4164 859 16988 END
START 2664 -1696 -1060 5740 1860 20179 END
START 740 -4592 -468 8445 4897 22954 END
START -452 -8092 408 8409 4422 25940 END
START -1672 -11156 292 8752 4112 27328 END
START -2692 -14144 372 8045 6800 27975 END
START -3344 -16696 3712 5525 7565 27768 END
START -1208 -20340 3120 3565 5651 26878 END
START 20 -23532 1620 4304 5824 25257 END
START -248 -25340 2440 6080 8170 23079 END
START -1460 -25396 6068 5824 8208 21419 END
START -728 -25644 6200 4723 5677 20077 END
START 96 -26760 5952 2882 3887 18656 END
START -384 -28576 6768 3951 3283 16145 END
START -140 -32768 5560 4014 933 12650 END
START 264 -32768 5368 516 -650 7384 END
START 1416 -32768 4520 -4036 -2341 1811 END
START 1912 -32768 2972 -4750 -2733 -3581 END
START 740 -31292 3492 -5633 -3821 -8084 END
START -256 -28564 3940 -6806 -4404 -11782 END
START -1812 -26072 5640 -6775 -5725 -14761 END
START -2396 -23124 6000 -3430 -7530 -16245 END
START -2696 -16820 5208 -3046 -10221 -15979 END
START -1316 -13408 3140 -6940 -11228 -14672 END
START -1204 -10488 1648 -8227 -9897 -13665 END
START -1132 -9676 1536 -6947 -9632 -11638 END
START -884 -9352 268 -3496 -9429 -10138 END
START 24 -8276 -1880 -3872 -8813 -7669 END
START 1068 -9052 -3928 -5351 -6249 -5851 END
START 1192 -9632 -3780 -4168 -3789 -4659 END
START 1372 -9680 -4104 -1303 -3145 -2130 END
START 1968 -11760 -3888 1903 -1872 -641 END
START 2052 -12392 -3952 1657 870 -856 END
START 1848 -13388 -2976 -2303 1587 494 END
START 2484 -15316 -404 -459 1632 1141 END
START 3296 -15260 -300 1621 1203 2001 END
START 4216 -15924 -836 543 1232 2379 END
START 4548 -17524 -700 -838 1158 1938 END
START 4688 -19728 -2128 -625 481 1990 END
START 5544 -21528 -4588 -364 532 1390 END
START 7188 -25576 -8600 -2505 647 276 END
START 7560 -29612 -13184 -4082 2610 -2647 END
START 6520 -30952 -16712 -5765 7184 -6642 END
START 5656 -29780 -17588 -9195 11488 -9430 END
START 4288 -27684 -16096 -10598 16451 -12098 END
START 3008 -22840 -11440 -10156 21693 -14460 END
START 892 -16704 -3304 -9856 23601 -13820 END
START 884 -11880 2832 -10678 21179 -11156 END
START 28 -9744 7060 -9423 17119 -7970 END
START 156 -9028 10112 -5952 12819 -5490 END
START 640 -9224 9884 -4167 9726 -4331 END
START 752 -8336 10256 -5322 7139 -3687 END
START 1300 -8864 10268 -8117 5050 -3483 END
START 1836 -8508 10924 -6159 2180 -3136 END
START 3080 -7032 10160 -2713 -1138 -2221 END
START 4328 -5088 9144 -1643 -3021 -1524 END
START 4224 -4608 8160 -2968 -6005 271 END
START 4160 -5984 7128 -899 -9061 2380 END
START 4308 -7556 6920 1198 -11270 3650 END
START 4360 -7972 7472 1574 -14089 5356 END
START 3364 -9816 7424 2111 -17484 7581 END
START 3068 -14776 5532 3253 -20812 7795 END
START 3692 -18952 112 3519 -23398 7331 END
START 4108 -20048 -4772 4289 -23642 4478 END
START 4488 -21360 -11016 4270 -23390 3380 END
START 4168 -22576 -17500 5108 -18550 771 END
START 5172 -20436 -18916 3612 -13755 -936 END
START 4600 -17692 -18212 2399 -8446 -845 END
START 3464 -14680 -15000 2888 -4680 -291 END
START 2520 -12304 -11536 3406 -3395 633 END
START 2476 -12168 -11392 4348 -2141 2527 END
START 2864 -12484 -11476 4235 -26 4086 END
START 2276 -11880 -10192 4021 2738 4706 END
START 1372 -12824 -8444 3456 4120 5252 END
START 1468 -11868 -6944 4589 4825 5836 END
START 784 -9716 -6632 5026 6480 6837 END
START 76 -7104 -6800 3116 7688 8216 END
START -856 -4560 -7152 1463 9282 10581 END
START -3852 -1868 -8540 2011 12528 18192 END
START -3956 -5524 -9184 1333 15439 23871 END
START -5664 -7700 -8100 5837 19804 24779 END
START -8592 -13852 -2020 8160 18311 26778 END
START -10664 -17164 1680 14999 18044 30673 END
START -10128 -22104 1184 2760 14653 30263 END
START -12160 -29340 1364 -12905 15772 24548 END
START -12452 -32768 7352 -3019 13553 18074 END
START -10012 -32636 8648 7267 8594 13342 END
START -7064 -32344 5760 115 3543 9412 END
START -5688 -31968 4696 -3949 917 3288 END
START -3748 -29556 2556 -1686 -1462 -1716 END
START -2696 -26000 -100 993 -1969 -4956 END
START -2244 -25356 -772 1009 -2051 -7137 END
START -2984 -25464 964 1477 -2775 -11073 END
START -4308 -25288 3520 1629 -5304 -14301 END
START -5604 -25356 5356 2968 -7913 -17164 END