START 3164 6020 3172 1872 -936 6215 END
START 1380 5548 3464 5398 617 12095 END
START -320 4500 3692 8048 713 18437 END
START -1468 2596 3296 4619 -2971 23818 END
START -2912 -5300 1412 5905 -4580 27524 END
START -3472 -9312 692 12820 -3840 29985 END
START -3248 -14744 -40 14144 -4469 30474 END
START -3368 -18000 -1008 13320 -2515 28514 END
START -3864 -19188 -1536 7983 -24 28991 END
START -4532 -22780 -1048 4502 841 27659 END
START -5392 -25224 -964 6995 812 25959 END
START -5208 -26300 -728 8544 1680 23585 END
START -4920 -23092 -1184 4314 2510 20419 END
START -5280 -21232 -2088 -2035 2560 20017 END
START -6824 -23328 -2412 -3214 2856 19534 END
START -8816 -27352 120 5385 1709 19788 END
START -8372 -27328 1892 10097 -820 17328 END
START -6652 -28040 -532 1309 -2714 12982 END
START -5420 -30836 -4432 -6135 -1762 7949 END
START -4484 -32768 -5696 -6627 -469 2791 END
START -4912 -32768 -4572 1388 -74 -1551 END
START -5128 -31208 -2692 4046 -733 -5428 END
START -6368 -30876 -904 1403 -846 -9964 END
START -6792 -29964 48 -2240 -524 -15343 END
START -6500 -27480 -536 -5903 -1902 -20085 END
START -6516 -25376 -496 -4572 -2339 -22906 END
START -6176 -21140 -96 -2174 -1766 -23833 END
START -5900 -18248 2004 -1270 -1482 -24800 END
START -5176 -13556 1764 -6403 -2998 -25087 END
START -3716 -10300 368 -9995 -2430 -24353 END
START -2576 -6708 -84 -10807 -1610 -21314 END
START -1944 -5308 792 -4460 -1982 -17505 END
START -488 -1324 372 -1501 -3946 -12458 END
START 464 -88 444 -1678 -5301 -7142 END
START 1272 -332 -1748 -3816 -3772 -3234 END
START 640 -3048 -2240 -4468 -3479 1891 END
START 376 -7248 -2696 -98 -5288 5963 END
START 980 -11728 -4908 2238 -5711 9570 END
START 1388 -18896 -7016 1766 -3666 8938 END
START 1864 -24116 -8996 -356 -1139 6252 END
START 2572 -25460 -10788 -2577 1045 2568 END
START 3492 -25608 -11252 -3452 3794 106 END
START 4416 -26528 -12212 -3215 5546 -2278 END
START 4656 -25040 -11988 -2538 8753 -5377 END
START 5388 -23788 -10912 -5736 10977 -7728 END
START 6400 -22572 -9792 -8732 12251 -9141 END
START 6676 -21232 -9824 -10124 13553 -10496 END
START 6244 -19640 -9828 -11043 15943 -11411 END
START 4596 -17236 -7360 -10330 17679 -10839 END
START 3456 -14448 -3000 -7432 16165 -9283 END
START 2972 -10452 2156 -5483 12217 -6034 END
START 1688 -10424 4876 -3376 7818 -3047 END
START 768 -9360 5828 -373 9937 -3556 END
START -464 -10584 9308 -4622 6673 -3136 END
START -312 -11100 9408 -5931 1036 -2737 END
START 212 -10216 8300 -3324 -2629 -2442 END
START 1092 -8928 7812 -2336 -5192 -2660 END
START 1672 -8756 7116 -679 -8123 -2237 END
START 2912 -7896 6056 1998 -11366 -1361 END
START 3716 -9100 4700 2229 -14922 204 END
START 4832 -12428 2364 3967 -17752 1014 END
START 6584 -12836 -3232 2726 -21126 1822 END
START 7304 -14660 -9864 -1318 -21261 1370 END
START 6388 -16684 -15900 -2655 -17697 -401 END
START 5600 -14696 -19684 191 -11250 -1575 END
START 4944 -13152 -18364 3268 -6479 -2178 END
START 4684 -12336 -15964 5540 -3718 -1153 END
START 4688 -11300 -13084 7800 -1203 539 END
START 4464 -9696 -10996 5035 339 2180 END
START 3808 -9440 -9912 1527 391 4048 END
START 2916 -9792 -9428 2115 669 6324 END
START 2616 -9204 -8268 6393 2798 8121 END
START 1480 -9284 -6004 8080 4139 9812 END
START 1124 -9864 -3884 8298 3574 11237 END
START 380 -10236 -3500 8595 3426 11912 END
START 284 -6068 -4224 6167 5614 13509 END
START -884 -3152 -4164 228 7998 17829 END
START -3160 -4172 -3320 239 7299 22149 END
START -6168 -7396 -1360 8123 5861 26836 END
START -8504 -8724 256 14239 6550 28880 END
START -10376 -8508 -192 5712 7615 31448 END
START -13408 -14820 -2020 -3516 7062 32767 END
START -14944 -22984 -2324 -2227 4426 32767 END
START -14900 -29180 -640 6107 2812 31488 END
START -13924 -31480 524 6039 2121 26645 END
START -12248 -32768 1376 -31 1671 18591 END
START -11436 -32768 -452 -4619 -1273 11583 END
START -9140 -32768 -2880 669 -2431 4625 END
START -6988 -31904 -4792 3319 -1879 -2039 END
START -6508 -27504 -5220 2044 -509 -7533 END
START -6180 -25104 -3140 1957 40 -11741 END