START 3952 2872 -220 4658 8254 4450 END
START 3208 4040 1608 3318 6824 9443 END
START 1236 5504 1812 3755 7199 14691 END
START 72 3504 3896 5750 7321 18944 END
START -2048 1176 5080 8002 6353 26206 END
START -3908 -2572 5184 11677 6192 32767 END
START -5556 -5504 6008 11524 3600 32767 END
START -5572 -12996 2980 11684 -278 32767 END
START -3992 -16920 700 11580 814 32767 END
START -3548 -17604 80 5442 3409 32767 END
START -4952 -21404 -2024 1476 2961 32767 END
START -4816 -26212 -3316 3086 3096 31588 END
START -6100 -28220 -764 11302 3404 28235 END
START -7724 -24568 1188 11553 6992 24206 END
START -7864 -23472 1924 -3334 8520 24675 END
START -10468 -24372 1736 -11347 6761 21476 END
START -11496 -28924 2120 -6656 2190 21941 END
START -11244 -29616 3608 4754 713 20097 END
START -10660 -28328 3400 -1121 -1974 15960 END
START -8852 -31140 -96 -6312 -3360 9521 END
START -8644 -32768 -2432 -6518 -2548 4047 END
START -7900 -32200 -1328 -1244 -2020 -824 END
START -7800 -29816 424 301 -2926 -5234 END
START -9280 -29228 2180 -1489 -3221 -9496 END
START -9476 -29856 3740 -4861 -4942 -14069 END
START -9084 -27912 2464 -5314 -7239 -19468 END
START -8624 -24600 1220 -4566 -8688 -22145 END
START -7296 -20104 124 -2898 -7665 -23322 END
START -5712 -17068 -960 -6723 -6455 -24660 END
START -5888 -16512 412 -7329 -5965 -26087 END
START -6156 -14200 1164 -3883 -6377 -24328 END
START -4568 -9608 1896 -885 -6132 -23322 END
START -2956 -5904 1168 -5938 -6534 -21927 END
START -1228 -3208 8 -12255 -5822 -18396 END
START -964 -1564 -168 -11337 -6601 -13556 END
START -84 -2092 -1648 -5038 -7778 -6231 END
START 292 -4044 -2932 2644 -6955 408 END
START 1104 -6288 -4744 5818 -4205 3044 END
START 1648 -8272 -5476 1002 -2757 4421 END
START 2180 -13012 -7340 -2436 -3012 6266 END
START 2876 -18896 -10236 1468 990 5934 END
START 3420 -21864 -9536 5030 4330 4686 END
START 3376 -25444 -8504 3439 4698 1730 END
START 3924 -27512 -9504 -880 5129 -808 END
START 5136 -29632 -10644 -6092 8705 -5283 END
START 4888 -29584 -9964 -8757 10577 -8952 END
START 5576 -28904 -10284 -10044 10140 -12326 END
START 5892 -27276 -12612 -12416 13810 -14625 END
START 4660 -24780 -11356 -14503 20641 -18071 END
START 2168 -21044 -5720 -10969 21782 -19709 END
START 1524 -15372 -524 -6818 20505 -18301 END
START 1076 -9660 6144 -3333 16828 -14787 END
START 556 -5924 9648 -2287 9156 -9497 END
START 1044 -6944 8180 -619 7913 -7559 END
START -232 -5440 10752 -3333 7527 -7163 END
START -684 -5796 11648 -7286 1593 -6115 END
START 64 -4724 10380 -5396 -3515 -4197 END
START 904 -3288 8252 -4318 -6806 -2360 END
START 1848 -1964 7404 -3599 -7669 -345 END
START 2084 -3628 8456 1 -10548 2599 END
START 3268 -4764 7060 3854 -14273 5594 END
START 4580 -10172 3568 5467 -17583 7698 END
START 6608 -15180 -780 6466 -19160 7974 END
START 8320 -18752 -4828 4966 -21312 6684 END
START 9168 -22456 -12608 751 -21942 4164 END
START 9084 -22240 -20576 -224 -16239 313 END
START 8692 -19216 -20760 2598 -8504 -2169 END
START 7324 -14744 -16232 6098 -4359 -1893 END
START 7216 -11764 -12648 7409 -2822 -344 END
START 6268 -10216 -11180 4108 -2808 1788 END
START 5856 -10036 -11716 1862 -353 3657 END
START 5196 -10600 -9440 2851 915 5602 END
START 4332 -11996 -7176 4709 138 7127 END
START 3932 -12104 -5064 5140 222 8063 END
START 3052 -12468 -3900 2938 496 8381 END
START 1964 -12332 -4732 2076 682 8875 END
START 1432 -10156 -5548 1491 2265 9678 END
START 1212 -7608 -5840 397 4877 9879 END
START 340 -4436 -4192 1529 6249 11519 END
START -1736 -1280 -2648 4144 6179 15677 END
START -3632 -2324 -772 7127 5340 22779 END
START -5884 -6060 -1268 11083 7178 28692 END
START -8400 -12388 -2032 11283 7487 30868 END
START -9268 -19656 -3920 6447 6769 30051 END
START -9884 -24056 -5372 -230 10125 27297 END
START -10992 -29016 -832 -1231 10894 24101 END
START -10236 -32768 3084 6185 5375 21719 END
START -8044 -32768 1892 9086 2944 15649 END
START -5972 -32768 1420 -2919 2146 7397 END
START -4588 -32768 -1368 -9800 1188 533 END
START -3400 -31140 -2660 -5601 -7 -4087 END
START -3044 -27000 -3188 854 -26 -7147 END
START -2832 -22420 -2828 -340 -404 -10034 END
START -3872 -20276 -1992 -4264 -640 -11522 END
START -5472 -19988 -112 -7526 -1510 -12519 END