START 648 4532 144 488 1450 2476 END
START -540 3696 2424 4842 657 7659 END
START -556 4556 3640 7216 327 12514 END
START -2200 3356 4372 5357 -2367 17954 END
START -3256 -3552 1960 2697 -6101 21891 END
START -3264 -9408 -208 9281 -6242 23464 END
START -2248 -9816 -400 15316 -3255 25418 END
START -2140 -12888 160 13123 -4366 27805 END
START -2620 -18564 -2336 10184 -6997 28689 END
START -3664 -23020 -4116 11771 -3571 27757 END
START -4848 -25048 -1896 12732 -2436 26733 END
START -4004 -30400 -3532 9854 -3536 24232 END
START -3048 -29372 -6112 5683 632 20146 END
START -3932 -24884 -3604 -805 3653 16422 END
START -6036 -23932 -824 -525 2392 16263 END
START -7344 -27280 -1196 6223 -202 15983 END
START -7712 -28252 8 8429 -504 12743 END
START -6992 -25912 1112 4145 -740 9163 END
START -5752 -26188 192 -2818 -2782 6296 END
START -3804 -29508 -4724 -6146 -4383 3413 END
START -3292 -30660 -8276 -3932 -2462 -603 END
START -4896 -30332 -6132 -1142 -184 -4688 END
START -6204 -31304 -3940 -1231 -943 -9468 END
START -6732 -29400 -3696 -4938 -601 -14218 END
START -6092 -26348 -3424 -9848 1550 -18379 END
START -6928 -25008 -556 -8082 1596 -20376 END
START -6552 -20872 -1600 -4236 18 -21565 END
START -4428 -16052 -1148 -6272 107 -22165 END
START -3404 -11964 -680 -9881 2319 -22032 END
START -2968 -9036 1508 -12255 2699 -20915 END
START -1808 -5424 2632 -10624 111 -17573 END
START -628 -2972 2988 -7099 -3777 -12359 END
START 112 -2036 1388 -3715 -3894 -7756 END
START -24 -3332 472 -3951 -3446 -4603 END
START -408 -8260 -2280 -3612 -4665 -1922 END
START -408 -10956 -3704 193 -5617 629 END
START 536 -11620 -5612 2985 -4390 1980 END
START 860 -13568 -7964 -6 -3735 2341 END
START 1844 -16808 -10048 -1139 -2229 2626 END
START 2572 -17792 -10704 2650 -18 2433 END
START 3120 -17116 -11228 3307 1738 1834 END
START 3648 -18100 -12620 -1270 3489 1813 END
START 2784 -20384 -12416 -1814 5341 1545 END
START 2484 -21464 -12812 593 7344 877 END
START 3452 -22248 -12216 -2371 8694 -649 END
START 3836 -23688 -11976 -7019 8599 -1842 END
START 4528 -25316 -14644 -9616 9483 -3035 END
START 4456 -24464 -15244 -9307 15320 -6395 END
START 3848 -21600 -12208 -10073 17727 -7578 END
START 4364 -20912 -11024 -11253 17549 -7866 END
START 3076 -18028 -6268 -6249 18484 -8095 END
START 1200 -14648 -1588 -1797 18988 -8342 END
START -608 -11532 3268 -1464 19157 -8910 END
START -1160 -8732 7228 -5035 15959 -8205 END
START -2004 -8364 9260 -5072 9856 -6382 END
START -588 -7596 7852 128 8031 -5075 END
START 248 -5060 9388 -2417 5752 -4523 END
START 996 -6052 7808 -3237 958 -4082 END
START 2792 -5276 6840 -467 -3409 -2611 END
START 3696 -5284 5544 2333 -7270 210 END
START 4368 -6728 5628 3888 -11004 2593 END
START 3832 -8636 4560 3568 -14366 4155 END
START 3872 -9728 2580 2650 -17459 6330 END
START 3000 -11860 584 4214 -19678 7106 END
START 2492 -14344 -616 6702 -22287 7892 END
START 3216 -18396 -5472 6334 -25850 9160 END
START 4596 -24420 -16528 1905 -23518 6521 END
START 4612 -24632 -20316 1019 -15415 1459 END
START 4616 -22896 -20760 -186 -11078 -1808 END
START 4440 -19432 -18528 4750 -6924 -3164 END
START 4744 -15036 -16152 4460 -3692 -2504 END
START 3672 -12280 -13100 1702 -2304 -1395 END
START 2148 -9504 -12976 1744 -349 443 END
START 1424 -9992 -13312 1507 1364 2668 END
START 1028 -10324 -11788 3564 4993 4237 END
START 428 -10460 -8648 4212 5403 5467 END
START 928 -11440 -5340 4665 3868 7539 END
START 540 -12364 -4004 5193 2760 8227 END
START 40 -12420 -5460 1674 3526 9995 END
START -412 -12216 -6612 -53 5959 9876 END
START -664 -9988 -6532 -1311 7528 10837 END
START -1468 -6244 -5764 47 8858 12934 END
START -2736 -3356 -7020 150 11031 17643 END
START -5748 -9188 -4428 6787 10296 21426 END
START -6948 -12580 -3244 17182 8465 23160 END
START -6448 -13952 -2376 14119 7596 23579 END
START -5992 -17192 -4752 1259 10909 24203 END
START -10092 -26716 -1244 -750 11581 21320 END
START -10032 -32272 2872 13170 7741 18572 END
START -7648 -30476 4256 12700 5244 13228 END
START -6304 -28724 5684 -1273 3468 7030 END
START -3868 -27300 2212 -12385 1342 2422 END
START -3196 -27176 -780 -9914 -709 -618 END
START -2480 -24768 -1952 -1673 -2237 -2842 END
START -2508 -21936 -1680 -797 -2728 -5445 END
START -3528 -20104 248 -3223 -2677 -7456 END
START -4236 -18324 2056 -7337 -3678 -8876 END
START -4640 -17508 3132 -7956 -6171 -9880 END