START -888 -3700 -9636 5846 660 11224 END
START -632 -7888 -14272 -3133 9834 11745 END
START -2492 -11664 -13928 -11747 14728 15471 END
START -2396 -19816 -13132 -10052 16452 17020 END
START -6144 -29052 -9824 6159 21460 20164 END
START -8388 -32768 868 19411 25402 17242 END
START -6372 -32768 11204 11846 21345 7622 END
START -4264 -32768 14468 -6864 12457 -2778 END
START -348 -32628 9576 -16176 6616 -10975 END
START 1696 -27464 3388 -15225 4420 -11903 END
START 2776 -26060 516 -9212 5336 -10905 END
START 2336 -24592 1052 -4952 5366 -12676 END
START 1428 -23556 1092 -4322 4364 -15764 END
START 916 -20832 1992 -4899 5471 -18671 END
START 388 -18912 1924 -7603 5669 -19223 END
START 488 -18300 1572 -8151 5021 -17825 END
START 552 -16892 3296 -3067 3609 -17780 END
START 1248 -14940 4232 240 -395 -16391 END
START 1532 -14696 2236 -1968 -3531 -15512 END
START 2188 -12924 1204 -3814 -799 -17412 END
START 2004 -10444 2488 -6619 -210 -18072 END
START 2516 -7248 3196 -7855 -2532 -17026 END
START 2284 -4300 2820 -8825 -4267 -13793 END
START 2116 -3856 2184 -5620 -5807 -10682 END
START 2260 -1972 1812 811 -6475 -7990 END
START 2316 -1164 2376 2144 -8281 -6414 END
START 1928 -164 1044 -235 -9834 -3355 END
START 1364 -2112 -184 -1294 -10575 -872 END
START 1592 -2200 -1820 2734 -11685 1718 END
START 2168 -2320 -4256 3606 -12102 4281 END
START 2716 -3536 -5604 2232 -11564 6598 END
START 2028 -5192 -7004 1930 -9186 7600 END
START 1184 -6044 -6636 6570 -7741 8954 END
START 812 -4760 -5820 10876 -7148 12604 END
START 0 -5184 -6232 9631 -6302 16670 END
START -1008 -7660 -7832 7164 -4191 19340 END
START -2520 -10044 -8296 8762 -303 20337 END
START -4552 -10620 -8312 15600 2056 23066 END
START -6440 -11700 -7032 18872 4149 25995 END
START -7280 -9996 -5740 16270 7505 28862 END
START -7808 -13100 -8508 4647 8753 32475 END
START -8408 -17668 -16116 -4425 10253 32767 END
START -10500 -25884 -20328 6038 15138 32767 END
START -13104 -30920 -16244 21555 19587 32767 END
START -13484 -32768 -10224 19491 19212 31533 END
START -14528 -32768 -7868 5177 24445 21059 END
START -18996 -32768 -2076 -8258 32767 3575 END
START -15248 -32768 8392 -9743 31964 -4058 END