START 640 -20576 -6116 2793 7236 4882 END
START 1900 -24780 -6320 1552 9271 3879 END
START 2780 -29268 -6492 67 10201 2104 END
START 1496 -32768 -4472 793 12540 -1339 END
START -900 -32768 544 2983 12605 -6444 END
START -2580 -32768 5796 -3433 10868 -13368 END
START -3788 -31284 7792 -11522 7716 -18014 END
START -3616 -26364 7072 -10932 6274 -18234 END
START -3084 -22968 7572 -6653 4232 -16858 END
START -2832 -19692 7168 -5731 1223 -14888 END
START -2596 -19580 4956 -4963 1330 -15603 END
START -1812 -17652 4160 -5068 2029 -16519 END
START -1144 -16316 4240 -3632 972 -15672 END
START -552 -12984 4900 -1603 -1568 -13103 END
START -1152 -11684 4480 -2330 -3237 -10588 END
START -620 -12844 3396 -4412 -2562 -10876 END
START -332 -12148 3656 -5517 -1197 -12975 END
START 476 -10116 4404 -7187 -3001 -11419 END
START 856 -9856 3876 -5531 -6603 -7975 END
START 520 -10000 1616 -3035 -8230 -5954 END
START 732 -10616 708 -2710 -5799 -8337 END
START 820 -9100 1676 -2720 -5392 -10084 END
START 1320 -7564 1168 -2161 -7253 -9100 END
START 2204 -6056 -1100 -2255 -7385 -6898 END
START 2056 -5548 -796 -2583 -6411 -6984 END
START 1948 -4820 -1308 28 -8056 -6506 END
START 2960 -2252 -2444 1880 -7927 -4237 END
START 3692 -2660 -2364 242 -8195 -1196 END
START 3324 -4012 -2788 910 -8751 993 END
START 2964 -4100 -2992 1369 -8678 2184 END
START 4012 -3532 -2532 -1256 -9418 5537 END
START 3620 -6556 -4736 806 -9900 8102 END
START 2964 -7792 -6632 4473 -7057 10366 END
START 1336 -7524 -5116 7151 -5032 11442 END
START 856 -7672 -4104 3865 -5162 13644 END
START -396 -11444 -5436 4566 -4805 15336 END
START -744 -14324 -7656 11188 -1605 15457 END
START -1536 -13752 -7604 14314 2621 14742 END
START -3288 -11532 -4920 14132 6022 15403 END
START -3992 -11704 -3300 13813 8471 15990 END
START -3580 -14832 -5496 12489 10532 18931 END
START -3072 -18528 -7736 7715 16710 22190 END
START -5148 -19516 -7364 7380 22961 18632 END
START -6292 -18776 -3468 2669 23811 16697 END
START -4848 -17332 -1280 4336 24198 16701 END
START -3656 -18332 -2156 -3017 26295 21760 END