START 4688 -18860 -9320 -1833 11526 678 END
START 4884 -23748 -8796 -1058 17714 4773 END
START 3836 -28164 -3012 5071 20773 5884 END
START 2276 -32452 3028 4457 17367 4466 END
START -336 -32768 8104 4490 14861 -3123 END
START -1596 -32768 12220 -3724 10426 -10436 END
START -1688 -30624 13180 -9944 6477 -15546 END
START -1864 -26200 11536 -13203 4336 -16932 END
START -1128 -22936 11148 -9476 1191 -16603 END
START -1408 -19788 9636 -4886 -637 -15978 END
START -1024 -18504 8220 -9790 -667 -14706 END
START -1664 -19424 7528 -9597 1894 -19044 END
START -1556 -16116 8992 -8033 -68 -21538 END
START -468 -13264 7852 -6745 -3146 -19432 END
START -136 -10580 6904 -6080 -4290 -16940 END
START 396 -9916 6168 -6808 -6080 -15081 END
START 872 -8424 5140 -3914 -8141 -14040 END
START 1580 -6560 3548 -2036 -9096 -11230 END
START 2044 -5704 2060 -2553 -8695 -9440 END
START 2772 -5280 1356 -5014 -7838 -8792 END
START 3016 -5576 572 -3969 -8567 -8313 END
START 3664 -5028 -912 -2060 -8898 -6978 END
START 3512 -4836 -1892 -1627 -8213 -4622 END
START 3348 -4060 -1052 1715 -6872 -4746 END
START 4044 -2992 -20 2298 -8298 -3097 END
START 3908 -2480 -1536 1147 -8108 1216 END
START 4204 -4504 -2300 2262 -7586 3375 END
START 4440 -4076 -2800 1823 -7599 5512 END
START 4276 -4896 -2332 1454 -8946 7567 END
START 4080 -6196 -3496 5259 -8637 10310 END
START 3448 -8028 -5196 5790 -7094 13592 END
START 3248 -10512 -6512 4620 -6036 14608 END
START 2272 -12212 -7832 2411 -3064 14981 END
START 1316 -12376 -5676 8613 1457 13906 END
START 540 -10756 -3384 13951 1404 15752 END
START -180 -10936 -2960 14338 2034 17550 END
START -1300 -11208 -3764 10641 5294 18375 END
START -2860 -9980 -3816 4107 9808 20922 END
START -4684 -11364 -5008 2861 13020 23196 END
START -5012 -11252 -6756 5433 19082 23399 END
START -5640 -11548 -9236 -502 24476 27943 END