START 720 -14016 -5228 -2679 7016 2885 END
START 844 -16608 -7540 -995 9582 5773 END
START -176 -22008 -7612 3144 14466 8037 END
START -932 -27476 -5168 3062 14906 7370 END
START 64 -30424 -4584 538 11685 4396 END
START 1504 -32160 -4944 -1217 9631 891 END
START 316 -32768 -7804 -5106 15993 -4589 END
START -2304 -32768 -1824 -7168 21593 -10266 END
START -3656 -32768 3272 -6564 19255 -14373 END
START -4604 -31792 6904 -5883 15334 -16183 END
START -5972 -29632 9092 -4534 11623 -17860 END
START -6100 -26728 10580 -4443 10014 -21521 END
START -5388 -22808 12156 -7262 7945 -25134 END
START -4272 -17192 12152 -8481 4108 -25690 END
START -2300 -13416 10576 -8968 394 -23125 END
START -904 -10872 9228 -5836 -3334 -20135 END
START -156 -8052 7572 -3756 -6921 -16999 END
START 468 -7180 5744 -2599 -8708 -14954 END
START 948 -6312 4000 -3498 -9345 -14244 END
START 1248 -5392 2336 -2059 -8316 -13673 END
START 1724 -3664 2068 -687 -8950 -11908 END
START 2808 -2924 788 1472 -10248 -8066 END
START 2780 -3040 -392 2686 -10323 -6551 END
START 2768 -2852 -1916 1534 -9406 -5760 END
START 2592 -2660 -2880 1280 -9028 -4394 END
START 3408 -940 -3808 2870 -8429 -1869 END
START 3848 -980 -3656 1874 -7734 1215 END
START 3396 -1432 -3260 2567 -7178 3677 END
START 2824 -2548 -3652 3658 -8010 6593 END
START 2760 -4088 -4876 5846 -6944 9477 END
START 1772 -5616 -3448 7947 -5729 12194 END
START 992 -6976 -3140 8412 -5678 14399 END
START 724 -9928 -5144 7723 -4777 15942 END
START 420 -11868 -6072 8329 -2448 16356 END
START 20 -12920 -5212 8999 -782 17519 END
START -632 -13452 -4012 13087 1453 19082 END
START -1544 -13964 -3692 14762 3184 19925 END
START -3284 -14216 -4320 13769 5666 20546 END
START -4116 -15188 -4488 8201 8530 24151 END
START -5712 -23464 -4832 9498 9425 26200 END
START -5884 -23640 -3304 17867 14857 22971 END
START -6484 -19956 -868 12777 17649 20382 END
START -6328 -21596 -3784 -1454 18369 22655 END
START -6256 -27876 -7844 -3230 21429 20458 END
START -8336 -29400 -6008 7378 27574 17978 END
START -8096 -29236 2900 12929 30371 15750 END