START 2272 -11336 -2444 958 2470 1787 END
START 1836 -12388 -2824 -249 4870 1782 END
START 2868 -14612 -4296 1618 5138 3653 END
START 3852 -15284 -7612 883 5790 6194 END
START 4620 -16564 -10796 -3186 8980 7467 END
START 3604 -21812 -12312 -4728 16115 7352 END
START 1884 -27692 -7248 1765 19994 10270 END
START 1088 -32624 -116 10214 18109 9372 END
START -312 -32768 7016 8163 16227 3937 END
START -3004 -32768 10052 -6105 14380 -7146 END
START -3256 -32768 11544 -16397 12462 -17285 END
START -2496 -29896 11708 -12936 8868 -20685 END
START -1136 -23040 11292 -6776 4492 -21407 END
START -236 -18672 10760 -6452 1594 -21450 END
START -760 -15424 10136 -7640 -1202 -21354 END
START -872 -12776 9284 -6329 -3496 -20096 END
START -376 -9648 8648 -3785 -5418 -18275 END
START 736 -7328 7304 -2966 -7499 -16199 END
START 1948 -5124 5660 -1837 -8508 -13903 END
START 2664 -3220 4012 -1369 -8701 -11491 END
START 2460 -1008 3072 -891 -9198 -8282 END
START 2888 -808 2168 328 -9954 -4420 END
START 2796 -1388 1048 2802 -9613 -1152 END
START 2736 -2060 36 2673 -9363 2274 END
START 2404 -3692 -1136 4812 -9355 5241 END
START 2432 -4988 -2200 7831 -9357 8307 END
START 2572 -5260 -3268 6860 -6373 10201 END
START 1824 -7864 -3280 3936 -5342 12366 END
START 1372 -10544 -4544 5802 -4853 13994 END
START 784 -11496 -4956 9151 -3716 16070 END
START 428 -13704 -6644 9190 -1750 18533 END
START -116 -15444 -6956 8713 2593 19174 END
START -1028 -17240 -7108 7190 5790 19511 END
START -1912 -19504 -9240 3609 6698 20345 END
START -1608 -25152 -14724 484 8780 20535 END
START -252 -28860 -19164 1690 15167 18088 END
START 1204 -29048 -18544 509 21228 14906 END
START 936 -27160 -16272 -4732 24340 12672 END
START -2676 -29560 -13488 -2473 32767 10226 END
START -6412 -28720 -4468 -1063 32767 6527 END
START -9876 -30688 5820 -4663 32767 2590 END
START -11368 -31920 14588 -11154 31534 -1296 END