START 992 -15448 -11512 -3334 5132 10719 END
START -168 -19908 -10428 2361 11756 11723 END
START -628 -22044 -7784 2726 14242 12383 END
START -76 -25296 -8072 -3186 13842 10458 END
START -1656 -32768 -9104 -6343 20470 5868 END
START -1288 -32768 -3456 -1400 23983 1932 END
START 564 -32768 1792 3765 20988 -3600 END
START -72 -32768 6820 907 16489 -5735 END
START -796 -31996 10224 -6268 14428 -9771 END
START -540 -29280 12184 -10749 10504 -14589 END
START 616 -25204 10404 -10715 4410 -16427 END
START 1232 -21260 7684 -11901 1029 -15297 END
START 956 -20836 5956 -9828 469 -15273 END
START 284 -19816 5300 -5360 1699 -18143 END
START 456 -16928 4788 -6169 582 -19501 END
START 1508 -14008 4168 -6424 -804 -19081 END
START 1836 -13220 4096 -3666 -1929 -17389 END
START 1952 -11092 4544 1381 -4382 -15960 END
START 2968 -8568 4300 111 -6758 -13975 END
START 3368 -8244 3096 -3357 -7967 -12676 END
START 2876 -8776 1348 -2774 -8535 -11235 END
START 3052 -8396 784 493 -8384 -10258 END
START 3148 -7372 652 2637 -8106 -10649 END
START 3164 -6004 -88 830 -7750 -9017 END
START 3748 -5504 -184 316 -6657 -7564 END
START 2972 -4748 -16 2083 -7310 -6278 END
START 3812 -3252 68 3691 -8087 -4667 END
START 3724 -2140 -624 1519 -8746 -856 END
START 3412 -3276 -2064 877 -8839 1834 END
START 3324 -4388 -3432 4875 -8460 4013 END
START 3284 -3536 -2540 8253 -7443 5930 END
START 2280 -3808 -2084 8723 -8405 9139 END
START 2396 -5980 -5828 5466 -9652 14140 END
START 2028 -9960 -9412 5377 -5015 14786 END
START 1304 -8084 -7824 6061 726 14644 END
START 868 -7220 -5960 7048 1302 17548 END
START -92 -9424 -7776 9309 2521 21062 END
START -1012 -11796 -9036 11068 7123 23587 END
START -3492 -12380 -7604 12407 11414 25432 END
START -3872 -14872 -9972 7871 11728 28149 END
START -4392 -15756 -13844 1946 17695 30070 END
START -5952 -20252 -14232 6591 25877 30788 END
START -5908 -24252 -13748 15348 30883 32767 END
START -9132 -32768 -9716 16632 32767 32767 END
START -11388 -32768 -2084 5502 32767 24168 END
START -12288 -32768 3424 -11605 32767 10874 END