START -1656 -9208 -13072 -2960 8933 12852 END
START -2788 -12840 -12748 -2886 16408 14370 END
START -3732 -16504 -9136 1615 21881 15322 END
START -4352 -18448 -5300 2479 21398 15863 END
START -5160 -24108 -2512 2664 19851 15653 END
START -5772 -30376 316 4568 23907 11493 END
START -3532 -32768 6224 -113 21965 5690 END
START -708 -32768 7444 -2752 16003 -209 END
START -564 -32768 8148 -3193 11729 -2207 END
START -184 -32028 8872 -2452 10329 -7159 END
START 1244 -29340 9536 -4862 7063 -11119 END
START 1648 -26836 8128 -5724 3425 -13244 END
START 1548 -22944 6672 -7554 706 -12651 END
START 1356 -20168 5232 -8501 -1277 -11623 END
START 348 -20800 4344 -6707 -2070 -12560 END
START 716 -19676 3696 -5011 -2411 -13818 END
START 852 -18608 2552 -6268 -2536 -14960 END
START 912 -17428 2320 -6256 -2614 -15690 END
START 420 -15220 2512 -4798 -2813 -16253 END
START 492 -12632 3188 -3871 -1963 -16171 END
START 724 -10668 4160 -4011 -3791 -15294 END
START 304 -9276 4016 -4138 -6837 -14759 END
START 388 -7360 3268 -5133 -9372 -13822 END
START 500 -6632 1788 -3887 -10500 -12608 END
START 352 -4788 44 -1920 -8521 -11428 END
START 516 -3476 484 -155 -7463 -10882 END
START 1208 -860 724 310 -8998 -7881 END
START 1428 -804 344 1518 -10129 -4722 END
START 2072 -200 -1772 1410 -10331 -1781 END
START 2056 -1180 -3448 855 -9051 1272 END
START 1904 -3200 -3644 273 -11201 4615 END
START 1636 -4192 -4460 4517 -12630 7334 END
START 1016 -4904 -6228 9919 -10964 10010 END
START 368 -6628 -6064 11257 -8930 12543 END
START -744 -9452 -7508 9889 -7890 15215 END
START -784 -11464 -8244 11039 -4218 16240 END
START -964 -10528 -6904 11460 -794 17147 END
START -1532 -9756 -4668 13747 1191 18817 END
START -2968 -12864 -4860 14912 376 21672 END
START -4568 -15528 -6540 15294 1959 21087 END
START -5904 -15944 -8972 11655 5646 22516 END
START -6744 -17900 -11944 5375 11592 25258 END
START -7172 -20008 -11936 2770 15645 25409 END
START -7664 -22444 -13448 5667 18835 24814 END
START -8668 -22768 -12328 8401 21243 24960 END
START -10376 -24724 -10276 6135 21825 29141 END
START -14216 -32768 -5120 10203 24191 28503 END
START -14064 -32768 -840 13779 29433 17275 END