START -3816 -12816 -13012 1454 5657 11654 END
START -4704 -16276 -14648 5840 11806 14216 END
START -5412 -20672 -13148 12664 16907 14958 END
START -4836 -24272 -9560 12756 18198 14380 END
START -6132 -31716 -10032 8004 22737 10171 END
START -5436 -32768 -4128 1307 23926 4329 END
START -3984 -32768 -324 -1800 19639 -592 END
START -2432 -32768 2276 -1925 12632 -1423 END
START -6200 -32768 -788 -1094 14853 -3518 END
START -5996 -32676 3740 -6522 19920 -11898 END
START -5952 -31616 7340 -8305 15285 -15310 END
START -5400 -25556 7860 -6638 10851 -15964 END
START -4080 -21936 8160 -8783 7454 -12844 END
START -4332 -21608 7172 -11950 8695 -14050 END
START -4852 -19684 7976 -9397 5234 -15067 END
START -4724 -17808 9652 -5576 -348 -13566 END
START -4592 -16796 7272 -6380 -908 -14071 END
START -4000 -16268 7076 -11848 441 -15948 END
START -4148 -13800 7484 -10582 -2119 -17821 END
START -3040 -9156 7236 -5924 -6918 -15728 END
START -1864 -6768 4844 -3087 -7696 -14323 END
START -804 -3756 4320 -6132 -5374 -14678 END
START -48 -2440 4180 -7709 -7420 -13725 END
START 812 -1004 1528 -5959 -10536 -9871 END
START 1560 -1992 -804 -4989 -10927 -7984 END
START 1740 -1644 -3020 -4132 -9697 -7825 END
START 1748 -1768 -3260 -2196 -10636 -6540 END
START 1672 -1152 -4136 -153 -11641 -3486 END
START 1784 -1504 -5552 1607 -10095 -1587 END
START 1440 -1700 -5168 2220 -8703 -28 END
START 1040 -2956 -4920 2203 -10315 2849 END
START 808 -4172 -6764 3285 -10185 5613 END
START 148 -4992 -6520 7960 -7969 6603 END
START -432 -5716 -6364 6213 -7617 9456 END
START -1544 -8476 -6916 2889 -5357 11235 END
START -2536 -10300 -7024 4264 -4029 11667 END
START -4136 -8508 -6624 14449 -2482 12616 END
START -4044 -6552 -5212 14074 -1479 16881 END
START -4452 -6884 -5088 7786 3936 19275 END
START -5076 -11856 -7424 5712 3456 22117 END
START -6588 -11240 -12600 13152 6210 25376 END
START -8548 -13604 -14908 12041 12855 28002 END
START -10724 -14448 -15956 8832 21078 28629 END
START -12024 -16296 -16712 10462 25925 30284 END
START -14188 -19256 -15960 10877 29783 32474 END
START -16480 -23984 -11372 12023 31727 31092 END
START -19436 -28492 -3888 8815 31764 26973 END