START -364 -10376 -8676 9453 2792 1847 END
START -192 -12008 -7080 5971 3218 5052 END
START -572 -12780 -8984 412 3676 5068 END
START -1144 -13132 -10380 -7244 8495 3897 END
START -2376 -18440 -9408 -10351 13436 8056 END
START -2388 -23120 -6564 -2668 17185 9450 END
START -2952 -25760 -3516 4649 18662 9258 END
START -3884 -29424 968 5277 18709 7135 END
START -2732 -30820 4276 659 15204 1406 END
START -1148 -30020 4476 -5097 13087 -3410 END
START -156 -29128 5276 -7791 11746 -6392 END
START 100 -26184 5976 -6186 9768 -6788 END
START 488 -25944 5732 -6312 5836 -6475 END
START -368 -25220 4280 -3753 3325 -9039 END
START -1120 -22076 3380 -5787 5932 -12097 END
START -956 -21328 5084 -4219 7162 -14565 END
START -1016 -19052 5516 -3004 4196 -14570 END
START -736 -17428 5376 -3454 2485 -13350 END
START -800 -16132 4984 -2562 1837 -12256 END
START -584 -16056 4924 -769 396 -13875 END
START -108 -14748 4768 -822 -1027 -15046 END
START 220 -12984 4860 -2440 -1794 -14714 END
START 588 -13004 5012 -2898 -2871 -14887 END
START 740 -11520 4828 -1322 -4421 -15524 END
START 776 -9532 4360 320 -6447 -14270 END
START 1552 -8380 3692 891 -7939 -11904 END
START 1872 -7608 2904 286 -8666 -10360 END
START 2580 -7616 1372 -41 -8570 -10270 END
START 2228 -6316 1752 1405 -8473 -9809 END
START 2792 -4012 1688 665 -10326 -6580 END
START 3092 -5224 -24 -37 -11422 -3873 END
START 3516 -4344 -1696 1955 -10375 -1680 END
START 3288 -4684 -2224 2799 -10506 136 END
START 2844 -3788 -2620 6250 -9363 2246 END
START 2676 -2772 -2192 5303 -7601 6047 END
START 2536 -3652 -1804 4721 -7078 8656 END
START 1880 -6184 -3704 7061 -6586 11773 END
START 1188 -7996 -5572 9694 -3386 14000 END
START 1124 -8804 -5448 7889 -175 15132 END
START 368 -11020 -4868 8710 2100 16237 END
START -872 -12380 -4688 13674 4604 17599 END
START -1828 -12908 -4468 14703 6801 19023 END
START -3548 -14676 -2720 12149 10636 21366 END
START -4028 -17068 -1828 9213 11436 24390 END
START -3076 -22760 -7300 2755 10789 26230 END
START -3480 -24292 -11792 982 17219 22004 END
START -3668 -21964 -11732 -5404 22352 21063 END
START -5064 -25072 -11468 -4524 26286 23650 END
START -8428 -26592 -5896 6508 30719 25013 END