START -124 -11528 -6048 1410 8613 8779 END
START -1956 -15532 -5752 3445 11262 9520 END
START -1044 -20032 -5896 7380 14312 9954 END
START -828 -20572 -6988 4201 17233 10052 END
START -2060 -24956 -6196 -1032 19323 10150 END
START -2520 -30976 -3148 787 20523 7961 END
START -1556 -31992 -1108 3712 20245 4025 END
START -100 -29900 644 -20 17789 1347 END
START -524 -29652 3168 -5006 17050 -2302 END
START -1432 -30304 6404 -7017 16437 -7372 END
START -736 -29712 8544 -7677 12226 -10628 END
START -92 -26308 9004 -7296 8934 -12326 END
START 832 -24156 8388 -10225 5952 -13845 END
START 40 -21916 7712 -9905 6725 -17140 END
START -704 -18868 8824 -10857 5208 -18192 END
START 684 -17460 8656 -11729 1985 -17918 END
START 984 -15748 7340 -8795 -458 -17092 END
START 1688 -13488 6168 -6774 -864 -17128 END
START 1040 -11052 6292 -6325 -2547 -16396 END
START 1552 -10444 6344 -4813 -5537 -15227 END
START 1348 -9328 5292 -1539 -7560 -13546 END
START 1068 -8236 4048 -763 -8865 -12291 END
START 1328 -6340 1972 -1710 -9609 -11286 END
START 1312 -5692 592 -846 -10312 -9694 END
START 1368 -4820 -544 684 -9674 -6876 END
START 1728 -3508 -1336 2014 -9007 -5244 END
START 1792 -3808 -2068 3333 -9797 -2986 END
START 1760 -4824 -2540 6577 -10025 -146 END
START 2260 -4892 -2904 8232 -9368 2546 END
START 2604 -5760 -3520 7957 -9762 5844 END
START 2688 -7472 -5176 9491 -8873 8515 END
START 2100 -8320 -5552 10776 -6994 10684 END
START 1012 -7512 -5352 10244 -4876 13447 END
START 44 -9900 -4308 9391 -5428 16892 END
START -284 -12152 -6088 12896 -4205 19500 END
START -1756 -13948 -7784 13363 -501 21252 END
START -3408 -15628 -8148 13958 2896 22084 END
START -3612 -18116 -10760 9876 3768 23056 END
START -4296 -21116 -14984 5016 7741 22426 END
START -7500 -26056 -14356 6607 16545 19523 END
START -7128 -27428 -12348 7296 20198 17695 END
START -6312 -27808 -12560 3090 24309 15524 END
START -6116 -26016 -10916 -3628 27937 13189 END
START -8200 -27228 -7692 -6859 30395 11219 END
START -9740 -28388 -3380 -2239 30828 8973 END
START -9764 -29588 3196 3257 28290 6424 END
START -10444 -28480 9536 6864 22707 2116 END