START 1256 -15212 -11072 -6676 12751 7157 END
START 720 -18724 -10368 -6655 16829 7373 END
START 20 -21964 -9016 -8354 18910 6735 END
START -2044 -28916 -5280 -4294 21920 6945 END
START -2508 -32624 576 6149 23616 4593 END
START -2384 -32548 6412 7264 22284 1293 END
START -1148 -32228 10200 1145 16179 -3167 END
START 136 -30760 9188 -4093 9549 -7758 END
START -168 -30752 7276 -4893 7205 -12437 END
START 420 -27344 7652 -4245 6033 -15956 END
START 564 -25684 6500 -6263 3326 -15123 END
START -120 -23712 6460 -3363 2031 -15746 END
START -920 -21072 6940 -1213 803 -17576 END
START -804 -17356 6196 -2577 1133 -17254 END
START -892 -16908 7396 -4305 -1111 -17797 END
START -408 -15520 6144 -2887 -4522 -18515 END
START -92 -13044 4824 774 -3790 -18455 END
START 336 -9592 5008 -197 -4092 -16757 END
START 1352 -8576 5668 -2429 -6527 -16015 END
START 1744 -7816 4792 -1111 -9352 -13528 END
START 1908 -7052 3864 1815 -11172 -10409 END
START 2476 -6256 3112 3366 -11335 -8657 END
START 2316 -5568 2292 2364 -12002 -8248 END
START 2772 -4800 640 -394 -12117 -5866 END
START 2612 -4740 -216 -139 -11316 -3646 END
START 2780 -4608 -752 1643 -11324 -1526 END
START 2900 -3828 -1504 2530 -10829 -504 END
START 3072 -3592 -1648 904 -11160 2281 END
START 3412 -6152 -3144 779 -11188 5055 END
START 2984 -7552 -4612 4108 -9484 5876 END
START 3744 -5828 -4052 4691 -8604 8093 END
START 3928 -6760 -4404 4203 -7465 10312 END
START 3528 -8724 -5564 2767 -7131 12631 END
START 2232 -11804 -7616 3301 -5517 13239 END
START 2428 -10876 -7848 5863 -1087 13329 END
START 1660 -9812 -5572 4659 1936 14319 END
START 524 -10204 -2552 4823 3516 15874 END
START -416 -11172 -140 2957 2387 18878 END
START -1612 -13652 -2556 2370 511 21610 END
START -2324 -15172 -5232 3722 1930 23215 END
START -2544 -15076 -5312 4613 6725 23633 END
START -3700 -16136 -6552 -423 8494 24371 END
START -4072 -18484 -9684 -5789 8984 25669 END
START -5092 -20072 -12256 -6481 11457 25453 END
START -6796 -21420 -12360 -4729 15465 25696 END
START -7760 -26496 -11708 6274 16838 28653 END
START -9736 -32768 -11576 9569 19991 28262 END
START -11948 -32768 -8028 8230 27017 14422 END