START 1612 -17764 -8016 5746 6381 5098 END
START 200 -22196 -6824 3626 11860 7380 END
START -1012 -27660 -3488 3741 16356 9284 END
START -2512 -30688 1216 5499 16735 7651 END
START -2768 -31900 4044 4094 14582 479 END
START -3388 -31668 5632 -4056 14864 -7126 END
START -3028 -31048 6920 -11339 11897 -11659 END
START -2928 -29684 7092 -8162 9227 -15628 END
START -2576 -25648 7584 -2604 6074 -16487 END
START -2884 -23864 6716 -4535 6247 -16932 END
START -3808 -22128 8348 -9123 8296 -20004 END
START -4032 -20988 10564 -8631 4825 -20620 END
START -3344 -19460 9144 -3394 267 -20605 END
START -2336 -16308 7736 -3721 -705 -19747 END
START -1740 -14648 7956 -5942 -1062 -19163 END
START -1044 -13788 7632 -5524 -2963 -18504 END
START -420 -12836 7212 -4657 -5326 -17757 END
START 484 -11488 5528 -2861 -7147 -15936 END
START 484 -10056 4400 -3857 -7249 -14337 END
START 564 -8872 4368 -3612 -7497 -14013 END
START 1724 -6952 4004 -5635 -9274 -12678 END
START 2280 -6840 2796 -6286 -11071 -11320 END
START 2684 -6788 540 -3360 -11028 -9346 END
START 3412 -5808 -1100 -1915 -9935 -8255 END
START 3896 -4732 -1016 -2240 -8378 -7593 END
START 4136 -4556 -1752 -3086 -9854 -5541 END
START 4256 -4360 -3152 -799 -10294 -3526 END
START 4780 -2912 -3848 133 -9017 -1678 END
START 4980 -3632 -4096 494 -7648 610 END
START 4848 -4160 -4024 2317 -6167 2393 END
START 5080 -3624 -2940 3318 -6152 4294 END
START 5080 -4636 -3332 3671 -7348 7311 END
START 4476 -6396 -4148 5728 -6123 10081 END
START 3996 -8044 -4416 6554 -5429 12036 END
START 3368 -9432 -4156 6844 -4740 12912 END
START 2772 -12132 -5104 7964 -3230 12597 END
START 1872 -11304 -4376 10043 -1349 11685 END
START 1396 -10068 -4020 8525 -256 13151 END
START 160 -9020 -3836 6487 2013 17092 END
START -888 -10780 -4020 3973 2857 22947 END
START -1796 -15264 -6136 3523 2446 26338 END
START -2652 -18224 -8924 6517 6446 23424 END
START -3428 -16568 -8416 7103 9457 20086 END
START -3632 -14080 -10408 190 10077 23480 END
START -2312 -16360 -14092 -14427 9280 32665 END
START -4196 -26348 -24048 -18917 17379 32767 END
START -8304 -32768 -19040 7899 32767 32767 END