START 2280 -15896 -5260 -3762 10895 2446 END
START 208 -17488 -5880 -1163 13248 3817 END
START -420 -17684 -5000 4320 14795 5069 END
START -1552 -17352 -3096 2918 15269 6058 END
START -2552 -20272 -2624 -2672 15873 6280 END
START -2560 -21988 -1592 -4142 17136 5677 END
START -3328 -24328 -136 -2747 16248 5266 END
START -3272 -24448 500 -1566 16937 2530 END
START -1412 -25840 1816 -4431 17302 1005 END
START -692 -24692 3296 -6908 17354 -1678 END
START -1044 -28040 4020 -5068 13282 -3174 END
START -660 -27432 4720 132 10910 -3337 END
START -780 -27264 4436 -1446 11930 -7366 END
START -1352 -26196 7680 -2238 13941 -12583 END
START -804 -24000 9528 -6571 8735 -14078 END
START -216 -21160 9940 -10084 5096 -15146 END
START -368 -19908 9980 -11317 1607 -14460 END
START -140 -20096 8460 -7875 -205 -14478 END
START 252 -18192 7172 -6615 -746 -15099 END
START 232 -14448 7060 -6100 -1223 -16450 END
START 1600 -13624 6544 -7948 -3173 -16532 END
START 1656 -13060 6340 -6110 -4647 -15511 END
START 1348 -10972 6720 -1765 -7206 -14602 END
START 1976 -8156 5752 -256 -9235 -12941 END
START 2616 -6064 4568 -2496 -10169 -11347 END
START 2860 -5848 2908 -3831 -10961 -10136 END
START 2644 -5444 1076 -3108 -11469 -8824 END
START 2128 -3772 -336 2567 -11237 -6800 END
START 2624 -1508 -1892 3563 -10362 -2974 END
START 1396 -1572 -1200 3352 -9477 -1065 END
START 1096 -2488 -1112 3516 -10977 1822 END
START 972 -3092 -2120 3422 -11138 5444 END
START 636 -3888 -3212 4408 -10180 8095 END
START 544 -6060 -4776 5413 -9999 10830 END
START -376 -9152 -5804 8711 -9020 13054 END
START -1088 -10244 -7488 11815 -6419 14813 END
START -1296 -10880 -7628 9441 -2910 16278 END
START -2688 -11812 -5656 8653 596 17266 END
START -4896 -11732 -5472 9578 1981 19940 END
START -6576 -12768 -7280 10189 3399 23800 END
START -7828 -14704 -7992 11745 7895 25812 END
START -7484 -20452 -9928 10954 9926 26894 END
START -6356 -23040 -14204 8525 13903 26000 END
START -6996 -27788 -15364 3682 19437 24169 END
START -6860 -32768 -15016 -1815 24155 20096 END
START -6724 -32768 -13192 -2080 30817 13716 END
START -7176 -32768 -6876 273 32767 7772 END