START 2392 -11236 -1892 -6369 3174 1844 END
START 2016 -11684 -3096 -6856 7277 3703 END
START 604 -13600 -2696 -1292 11277 8207 END
START 280 -17216 -904 2618 11892 11347 END
START 40 -19384 44 3955 9920 11752 END
START -692 -24232 -660 3831 9738 9826 END
START -264 -27076 1288 2170 10420 6302 END
START 2036 -29524 2728 -2381 9901 2090 END
START 3104 -31264 3184 -4310 9539 -2783 END
START 3136 -31632 4732 -3576 9417 -7031 END
START 2616 -29852 6068 -4796 7268 -11129 END
START 1580 -28572 6716 -6399 5539 -14074 END
START 1304 -25412 7288 -6824 3840 -16885 END
START 492 -21684 6604 -6355 2952 -18992 END
START 612 -18192 6692 -6043 1514 -19253 END
START 272 -15576 6656 -4618 92 -18430 END
START 492 -13444 6808 -2603 -1394 -17377 END
START 172 -10308 6604 -2608 -3033 -16792 END
START 540 -8188 6328 -3133 -4590 -15409 END
START 648 -6976 5660 -3000 -5418 -13345 END
START 856 -5304 4836 -1426 -6510 -11246 END
START 856 -3524 3576 -277 -7507 -7740 END
START 1252 -3068 3324 826 -7759 -4806 END
START 1156 -2828 2984 1586 -8761 -1182 END
START 1424 -2736 2364 2282 -9707 2558 END
START 1428 -3748 1456 4625 -10719 5811 END
START 1536 -4240 -1108 4874 -10063 10111 END
START 2020 -6868 -2440 4759 -8765 12751 END
START 1992 -7976 -2992 5087 -7560 15237 END
START 1544 -9960 -3320 5824 -6572 17838 END
START 244 -11764 -4364 7068 -5499 20506 END
START -808 -14216 -6292 5582 -3808 22735 END
START -2492 -17416 -7624 4379 -648 24451 END
START -2788 -19436 -10540 1032 1590 25035 END
START -3252 -20412 -14464 -4060 3585 25260 END
START -4492 -21568 -18452 -5582 9302 24695 END
START -7452 -26748 -14776 -573 18576 22760 END
START -7468 -27668 -11564 1967 22137 20631 END
START -6344 -27652 -9832 -4402 24645 17150 END
START -7896 -29124 -7692 -5753 31838 11504 END
START -10016 -29772 376 -2995 32767 6834 END
START -9844 -30720 7764 1226 32767 4292 END