START -992 -14284 -14440 -13122 7433 19637 END
START -1960 -21512 -12952 3949 15244 21844 END
START -4372 -26840 -7156 13572 20465 25435 END
START -6604 -32768 -1316 10308 27393 18596 END
START -6996 -32768 7348 3723 24635 9051 END
START -4628 -32768 11012 1313 17024 -120 END
START -3716 -32200 8920 -4117 10337 -5880 END
START -2180 -29976 6328 -5891 9328 -8535 END
START -1176 -26888 6584 -3375 9204 -11113 END
START -1052 -24056 6660 -3751 7068 -12158 END
START -1540 -23300 6884 -4902 5566 -14275 END
START -1336 -22032 7392 -4727 3411 -16174 END
START -1644 -19100 7024 -4314 2155 -16367 END
START -888 -17728 6828 -5293 1062 -15038 END
START -724 -17464 6512 -4467 -694 -15298 END
START -232 -16472 5436 -690 -1337 -16124 END
START 484 -14596 5580 406 -2533 -16000 END
START 1068 -13844 5016 -3261 -4519 -15179 END
START 1340 -13872 3852 -4168 -5128 -15233 END
START 1748 -12312 2944 -2761 -5135 -15059 END
START 1532 -11452 3832 356 -6032 -14359 END
START 2232 -9676 4156 114 -6929 -12198 END
START 2136 -9980 3868 -3210 -7755 -10897 END
START 2268 -10916 2108 -2712 -9160 -10964 END
START 2516 -8496 804 -1149 -9151 -11386 END
START 3012 -7520 748 325 -8685 -9776 END
START 3436 -6148 668 1069 -8712 -7582 END
START 3088 -6012 532 737 -9526 -5882 END
START 3396 -5056 -180 2508 -9807 -4498 END
START 3644 -3936 -816 2512 -9206 -2143 END
START 3540 -3804 -80 2245 -9975 272 END
START 3708 -4304 -1428 1296 -10008 2819 END
START 3588 -5140 -1964 3230 -9764 5012 END
START 3388 -5992 -3644 4954 -9389 6955 END
START 3496 -6968 -5624 5061 -7895 9475 END
START 2928 -7872 -6132 7547 -4505 11515 END
START 2452 -7924 -5032 9251 -2152 13838 END
START 1704 -9688 -5932 9789 -95 14872 END
START 800 -9260 -4704 10050 3485 16045 END
START -624 -10280 -3488 11196 7407 16238 END
START -1268 -12892 -1968 17443 7755 15786 END
START -2592 -13520 -3224 22347 7804 21366 END
START -2516 -18372 -5696 15254 12117 27553 END
START -3088 -22564 -8004 8259 17542 24044 END
START -2536 -22440 -8984 2035 22043 20650 END
START -3272 -21840 -8140 -2270 24349 18773 END
START -4592 -22420 -8260 -11816 24287 21326 END
START -8672 -29680 -7524 -7768 25120 22703 END
START -9772 -31916 -3384 -404 26702 21033 END
START -9996 -32768 820 -5632 24844 15944 END
START -13068 -32768 5920 -10191 21625 8695 END