START 2460 -12200 -1928 -3484 3753 669 END
START 2236 -12656 -2684 -3629 4207 3650 END
START 972 -14560 -3444 254 4221 6306 END
START 484 -17076 -4888 4278 5523 8103 END
START 884 -19932 -5612 4328 9349 7573 END
START 1572 -23648 -4852 253 10608 5857 END
START 4172 -26180 -4544 -3814 9232 3337 END
START 5532 -29128 -5364 -7059 7648 2313 END
START 4488 -32768 -5232 -2729 11990 -1552 END
START 3628 -32768 1080 -2067 12717 -6507 END
START 2768 -32008 5180 -5332 10120 -10985 END
START 1472 -30012 8188 -4647 6638 -13121 END
START 1156 -25548 7260 -7097 3768 -16225 END
START 1516 -20704 6324 -12104 2983 -18463 END
START 1848 -17324 6244 -10598 1780 -19364 END
START 2656 -12768 5648 -6442 -802 -17554 END
START 3100 -10176 4992 -3479 -2670 -15684 END
START 2836 -8184 4768 -3263 -3568 -14110 END
START 2160 -6120 5132 -3314 -3849 -12871 END
START 2104 -4900 5172 -3977 -6631 -10646 END
START 2128 -4032 3332 -2377 -8091 -7909 END
START 1964 -2952 2464 -1868 -9125 -5472 END
START 1956 -1964 1088 -1173 -9455 -3110 END
START 1644 -1980 380 672 -9326 -605 END
START 1128 -2380 -348 3016 -10178 1943 END
START 1284 -2520 -1400 4631 -10142 4693 END
START 1188 -3908 -1752 3959 -10005 7218 END
START 864 -5812 -2260 4944 -10365 9154 END
START 240 -7288 -3204 8971 -9154 10276 END
START -100 -9148 -3760 9472 -9234 13158 END
START 36 -10988 -5060 10927 -8341 15345 END
START -384 -13280 -6668 11443 -6234 16220 END
START -1300 -15884 -7068 12916 -3966 14927 END
START -2324 -15360 -7600 13614 -630 15873 END
START -3716 -15912 -5588 15881 2407 15640 END
START -4228 -16512 -4628 14744 2548 17892 END
START -4164 -20464 -7236 9398 3043 19708 END
START -4584 -22024 -9404 6021 7853 16678 END
START -5388 -19508 -9624 1059 12320 13540 END
START -6608 -21144 -11688 -5619 12888 15364 END
START -7616 -27340 -12336 3894 16846 19983 END
START -6868 -29712 -11952 5389 21162 20648 END
START -7240 -30476 -13660 -7318 26666 15939 END
START -7588 -28260 -13940 -12606 32378 11098 END
START -10224 -27736 -12704 -8212 32767 10033 END
START -12280 -25956 -5504 -4460 32767 9423 END
START -13548 -25544 2712 -1879 32767 3831 END
START -13752 -24880 7252 123 32767 -156 END
START -12256 -24996 10388 1185 32767 -5722 END
START -10392 -23548 14016 127 26810 -9389 END