START 1336 -11112 -6168 5026 10400 7442 END
START 708 -12164 -6208 5366 13083 9837 END
START -420 -16316 -8004 4716 14241 13057 END
START -1980 -23536 -10468 4758 19446 14217 END
START -4620 -29732 -4552 10319 25496 9785 END
START -4076 -32768 3084 9301 23854 3731 END
START -3360 -32768 9072 4571 19470 -967 END
START -2544 -32768 11284 -3424 12646 -5017 END
START -3100 -32768 11508 -6549 10709 -10916 END
START -4068 -31368 12568 -8616 8553 -15755 END
START -4384 -27984 13112 -9277 5717 -18694 END
START -3992 -24524 13368 -9559 1983 -20666 END
START -3640 -20336 11628 -9829 -1342 -21223 END
START -3128 -15936 10000 -9144 -2405 -21690 END
START -3184 -12932 9472 -7405 -2993 -21463 END
START -2436 -9860 9288 -6115 -4965 -19888 END
START -1752 -7092 8600 -5278 -7186 -18016 END
START -968 -6012 7104 -3062 -9199 -15384 END
START -296 -4216 5576 -806 -9468 -12760 END
START 724 -3592 4072 -753 -9504 -9919 END
START 972 -3020 3664 -159 -9658 -7953 END
START 908 -3136 3360 688 -10278 -5723 END
START 1224 -2180 2784 2397 -11366 -2378 END
START 1636 -2916 1096 1001 -12023 828 END
START 1768 -4724 -612 2123 -11238 2669 END
START 1776 -5288 -1588 5448 -9993 4771 END
START 2104 -4828 -2588 4450 -8475 7838 END
START 1532 -6392 -3364 3665 -6883 10794 END
START 860 -8048 -3648 8533 -5820 14001 END
START 76 -9672 -4928 10680 -4632 17909 END
START -372 -12636 -5744 10734 -2689 19670 END
START -508 -17824 -7784 10969 819 20260 END
START -1232 -21572 -9156 9472 5154 19010 END
START -1672 -23868 -6608 10295 8556 16773 END
START -1892 -24852 -5940 8387 9779 16280 END
START -1256 -25664 -8440 846 10635 16337 END
START -1216 -27920 -12760 -3520 17705 12294 END
START -1640 -27388 -14604 -4948 23903 10631 END
START -2964 -25988 -12528 -2966 29509 9039 END
START -4116 -25024 -8108 -34 32573 8976 END
START -6040 -26252 -2256 742 32767 6745 END
START -8124 -26968 6556 -3104 32767 2778 END
START -11960 -27376 16144 -12181 31089 -4661 END
START -11476 -30264 20956 -10828 20224 -9281 END