START -5296 -19124 -9904 9383 13727 15030 END
START -3932 -21224 -8796 9242 15830 13536 END
START -2872 -22544 -8964 -2026 15961 12652 END
START -5924 -29652 -8056 -4453 18235 10620 END
START -6200 -32768 -5076 2422 18886 6992 END
START -5412 -32768 -3068 3315 20058 1197 END
START -5016 -31832 672 -4782 19350 -3419 END
START -4072 -32156 3652 -11304 16431 -7282 END
START -3396 -29780 3776 -8573 14981 -10939 END
START -2272 -25316 4564 -7950 12801 -13683 END
START -1288 -23068 4572 -7865 10998 -15831 END
START 28 -20508 4256 -8717 8202 -15692 END
START -364 -19288 3940 -6858 6974 -16129 END
START 32 -17824 4416 -4707 5978 -16701 END
START 316 -16232 4576 -3333 3609 -16868 END
START 708 -13724 4484 -3836 1099 -16134 END
START 1092 -12540 4672 -5218 -420 -15921 END
START 1196 -11056 4064 -4277 -2134 -14984 END
START 1368 -9936 3536 -1479 -4395 -13525 END
START 1968 -9280 2596 2242 -6456 -11400 END
START 2324 -8260 1256 2763 -7263 -9541 END
START 1808 -7936 1236 1541 -8246 -9793 END
START 1768 -6284 588 2019 -9119 -9139 END
START 1404 -4532 72 3986 -10099 -6316 END
START 1308 -4992 -160 5463 -11369 -3592 END
START 1164 -5560 -1200 7107 -12432 -1259 END
START 1176 -5504 -1552 8144 -12524 743 END
START 964 -5796 -2836 6853 -13431 3375 END
START 1292 -7796 -4076 6907 -13776 5508 END
START 656 -8168 -5720 7561 -11801 6989 END
START 108 -8548 -5756 8192 -9890 8664 END
START -88 -9052 -5216 9934 -8120 10532 END
START -752 -10476 -5720 9527 -6986 12624 END
START -1232 -13400 -7480 11124 -6189 14598 END
START -1632 -13732 -8636 14672 -2210 14604 END
START -2596 -11844 -5932 16014 1766 15068 END
START -4628 -13308 -4712 13616 1450 18065 END
START -6100 -17944 -7260 11721 1972 20610 END
START -6020 -18680 -9144 12167 7866 20860 END
START -6732 -18428 -9420 5945 11249 21512 END
START -6824 -21488 -13360 -2549 12948 22595 END
START -8812 -26652 -15756 -2164 17950 22280 END
START -10484 -28320 -13208 9570 25233 18446 END
START -9320 -26980 -9760 6644 28271 14059 END
START -10608 -27940 -5356 -878 30604 10517 END
START -11876 -28008 336 -4473 29831 7227 END
START -11944 -28360 5780 -3548 26178 5020 END
START -12136 -29220 6916 -337 24493 2923 END
START -10680 -26740 9744 2867 23376 -3059 END
START -9192 -22948 11124 2006 17358 -9252 END