START 492 -11260 -3836 590 5863 5565 END
START 1300 -12972 -4204 -1211 8509 8642 END
START 228 -15964 -5436 2800 9627 10255 END
START -1904 -20532 -6988 6366 13089 10197 END
START -2916 -25772 -5104 5328 14785 7397 END
START -2144 -30208 -4532 2051 15501 3689 END
START -2424 -32768 -2860 -1118 16437 80 END
START -4180 -32768 -20 -2609 16041 -4721 END
START -6272 -32768 1448 -2776 15486 -9342 END
START -7568 -32144 4812 -2640 15411 -13847 END
START -7492 -28892 8752 -4397 12822 -17182 END
START -7288 -26228 10752 -7041 8362 -19127 END
START -5156 -23372 8628 -7434 5247 -20110 END
START -3960 -19960 8396 -8216 5699 -21476 END
START -4408 -17200 9896 -7291 3721 -22036 END
START -3372 -14348 10168 -5007 -320 -21127 END
START -2252 -11692 9032 -5636 -3680 -19426 END
START -836 -10684 7420 -6789 -4937 -18350 END
START -516 -8468 6528 -5180 -6340 -17654 END
START 512 -6612 4144 -3740 -8937 -15004 END
START 1524 -6360 1856 -2376 -9033 -13076 END
START 2436 -4756 592 -1888 -8059 -11308 END
START 3340 -4536 -516 -2758 -8723 -9945 END
START 3708 -3172 -1584 -1026 -8427 -7926 END
START 3668 -2368 -1916 -348 -8008 -5703 END
START 3548 -2488 -3328 1314 -7242 -3504 END
START 3744 -1844 -3404 1175 -5653 -1383 END
START 3028 -2512 -2888 2736 -6004 1407 END
START 3264 -3564 -2520 5340 -5800 3837 END
START 3004 -4124 -2040 4589 -5761 6580 END
START 3040 -6344 -3280 3298 -6167 9256 END
START 2492 -8636 -5472 4302 -5066 10751 END
START 1812 -9260 -5472 5693 -3486 12272 END
START 1368 -8456 -3828 8938 -849 13622 END
START 776 -9600 -2220 7226 -1153 16350 END
START 420 -13112 -3740 8241 -2359 18386 END
START -488 -14140 -5968 10394 964 18801 END
START -2172 -12272 -4440 10352 5767 19393 END
START -3020 -15072 -3096 8789 5844 23216 END
START -3800 -21200 -7780 8379 5776 25595 END
START -4468 -23012 -10288 7503 13153 22165 END
START -6048 -20324 -11208 3387 20456 20827 END
START -6924 -24508 -12624 3566 25218 21687 END
START -8228 -26620 -9412 11362 31702 20572 END
START -9244 -26276 -2072 7475 32767 15512 END
START -9400 -26484 2328 -5831 31247 10682 END
START -9596 -26900 5304 -9236 27001 9948 END
START -10044 -27332 9376 -4028 19285 9440 END