START -552 -17972 -8412 14554 8797 5955 END
START -1072 -20208 -5424 7437 9917 5139 END
START -1216 -26184 -3184 3698 11540 4218 END
START -1420 -28832 -568 2245 12020 4252 END
START -1472 -31680 1256 1629 10091 1021 END
START -1860 -32768 2272 59 9620 -5101 END
START -1572 -32336 4100 -3363 8379 -10599 END
START -1520 -30308 5144 -7038 6870 -14956 END
START -1808 -28460 5588 -8719 5574 -16821 END
START -2480 -25052 5552 -7967 4210 -16903 END
START -3348 -21380 5968 -7700 3458 -16248 END
START -3148 -19596 6632 -8000 2727 -15842 END
START -3036 -19468 5864 -7655 3221 -17881 END
START -3308 -17432 6216 -7269 4442 -21314 END
START -2776 -14524 7080 -8178 2659 -21252 END
START -1492 -13396 6452 -6734 -50 -19454 END
START -628 -11300 6004 -5255 -980 -17759 END
START 112 -10112 5676 -4860 -1584 -16841 END
START -20 -7760 5152 -4828 -3431 -16348 END
START 700 -6908 4140 -5939 -5269 -14555 END
START 1608 -6292 3496 -5108 -5908 -12807 END
START 1512 -5304 3188 -2403 -7307 -11210 END
START 2544 -3908 2552 -1492 -9098 -8539 END
START 3492 -3592 2084 -3694 -10244 -6336 END
START 3552 -4004 412 -4770 -10648 -4565 END
START 3416 -4272 -736 -1942 -9309 -3032 END
START 3140 -3096 -1072 -29 -9862 -1397 END
START 3880 -3204 -2296 276 -10502 1469 END
START 3980 -4004 -4028 875 -9631 4746 END
START 4100 -4964 -4756 4075 -7646 6385 END
START 3880 -5452 -4952 6095 -6934 8697 END
START 3524 -6460 -5356 8110 -6271 11569 END
START 3392 -7240 -5780 7399 -5955 13917 END
START 2964 -10248 -7784 5355 -5446 16220 END
START 2036 -12704 -8652 8856 -556 15564 END
START 416 -12124 -5704 12740 2217 14485 END
START -1484 -10680 -2892 12868 2765 15429 END
START -2588 -9392 -2716 7588 2503 20640 END
START -3116 -11372 -4580 273 1938 25536 END
START -3352 -13304 -9724 -504 5084 29774 END
START -3936 -15628 -16356 -2279 10010 32767 END
START -5164 -23528 -21188 -2212 21390 32767 END