START -2004 -15428 -13472 -6913 10088 12854 END
START -4104 -20988 -13436 274 18814 13337 END
START -6828 -25548 -7532 4632 19793 12916 END
START -6608 -30540 -3140 7999 16727 13385 END
START -7428 -32768 -1248 6304 17983 7066 END
START -7172 -32768 2196 -2363 16181 -3339 END
START -5236 -32768 2116 -4381 11476 -8920 END
START -4192 -31924 2704 -3469 6694 -9433 END
START -5976 -31000 1264 -1936 7514 -11979 END
START -6480 -28036 3468 -2308 11789 -19142 END
START -6376 -25044 4320 -3686 7689 -19793 END
START -5856 -21280 5972 -2603 4643 -18160 END
START -5452 -19424 6816 -2861 -575 -16241 END
START -4708 -17436 4396 -3178 -732 -17679 END
START -4000 -16592 4160 -4517 9 -20690 END
START -2816 -13748 3732 -8525 -1077 -19129 END
START -2568 -10872 4088 -7365 -4358 -17682 END
START -2192 -9464 2836 -6924 -6413 -15317 END
START -1104 -7772 676 -6083 -4147 -14736 END
START 276 -6416 680 -8574 -2821 -14421 END
START 932 -5520 532 -9802 -4359 -12678 END
START 1360 -5052 76 -5776 -7147 -10084 END
START 1760 -3792 -1992 -1087 -8842 -7240 END
START 2524 -5704 -3992 -3124 -6944 -6177 END
START 2124 -5756 -4260 -4173 -6577 -6238 END
START 2440 -4660 -4336 -1486 -7693 -5315 END
START 3348 -3224 -4484 71 -7551 -2908 END
START 2752 -3008 -3796 830 -6155 -2104 END
START 3060 -2800 -3076 353 -7302 -173 END
START 3392 -2408 -3856 1993 -8093 2425 END
START 3208 -4052 -4952 2918 -8167 4693 END
START 2672 -4156 -5592 4574 -6289 5775 END
START 1268 -3768 -4628 6971 -4875 6955 END
START 860 -3304 -3832 6457 -5565 10024 END
START -736 -5632 -4132 10509 -5721 13016 END
START -1076 -6876 -5580 15381 -3555 15485 END
START -1760 -6464 -4912 16839 -812 17671 END
START -2764 -8076 -3760 17510 485 20609 END
START -4332 -8408 -3820 20216 2180 23479 END
START -6008 -9736 -5560 19246 6548 25569 END
START -7176 -14028 -7984 13717 10754 27770 END
START -8752 -17100 -9748 12191 14299 28439 END
START -11352 -17940 -9148 13623 21684 27369 END
START -13592 -17492 -5336 9112 24045 28110 END
START -15704 -22548 -6156 -264 24055 29481 END
START -18544 -30712 -6072 1223 27402 26370 END
START -18304 -32768 -488 9538 27329 24880 END
START -17884 -32768 2520 3566 24499 18558 END