START 1480 -23352 -9820 6434 12223 8275 END
START 1520 -28140 -6684 3947 13390 5889 END
START 2180 -31580 -3400 1292 11929 2133 END
START 972 -32768 -880 -1106 9449 -1408 END
START -1100 -32768 -2696 -1029 11491 -7794 END
START -1964 -30996 2192 -5162 13542 -14533 END
START -2268 -29592 4312 -5959 10628 -17190 END
START -2432 -24460 5944 -4821 6295 -16685 END
START -3220 -21816 6320 -3759 1640 -14248 END
START -3976 -20476 5260 -748 2948 -15443 END
START -3552 -18140 6824 -3701 3759 -18577 END
START -2452 -17320 6612 -7939 -340 -19477 END
START -1712 -15164 4408 -6689 -3806 -18199 END
START -396 -13024 3516 -3781 -4685 -15756 END
START 32 -11084 2564 -1903 -3757 -14536 END
START 1228 -10096 3196 -3644 -2854 -14424 END
START 1312 -9996 2500 -4243 -5024 -13406 END
START 2044 -7896 1244 -3821 -6045 -11279 END
START 2708 -7848 780 -3469 -5854 -10385 END
START 3264 -7464 344 -2453 -6157 -10176 END
START 3116 -7208 -604 -1681 -6570 -9429 END
START 4068 -6448 -1548 -2237 -6699 -7590 END
START 4152 -6288 -1792 -1724 -6931 -6130 END
START 4748 -5280 -2600 -2755 -7188 -5216 END
START 4900 -4768 -2876 -2980 -6840 -4987 END
START 4632 -4280 -3536 -1264 -7100 -3000 END
START 4400 -4240 -3560 3081 -7376 -669 END
START 4952 -3836 -3200 3863 -7328 1544 END
START 5428 -4408 -2792 1193 -7446 3719 END
START 5204 -5544 -3784 1521 -8067 5686 END
START 4996 -6868 -5748 3380 -8435 7381 END
START 4304 -8636 -6744 5264 -6583 8441 END
START 3580 -8600 -5736 6775 -4378 9338 END
START 3212 -9320 -4996 5868 -3742 10583 END
START 2916 -10348 -4576 7104 -1951 11689 END
START 2936 -11520 -4356 7250 -1909 13308 END
START 2312 -12576 -5072 8018 -1503 14453 END
START 2144 -12756 -5728 7620 1165 14720 END
START 896 -12844 -5172 8793 4007 15586 END
START 396 -12444 -4120 11683 6372 16995 END
START -684 -13548 -5260 9341 6878 18806 END
START -2396 -16100 -7052 4846 10758 20221 END
START -3016 -19240 -6512 6639 14856 19686 END
START -3408 -16220 -4656 9556 17198 19964 END
START -5480 -13316 -4524 2509 20864 21262 END
START -6908 -15644 -4028 -2806 22560 23979 END
START -8292 -18720 -3872 6698 22692 30063 END