START 1256 -11956 -8904 4019 4299 11693 END
START 468 -18560 -9440 -2579 9662 18140 END
START -1472 -27468 -8704 4118 20944 16745 END
START -992 -29420 -1888 7618 21829 12199 END
START 396 -30340 1564 1858 18091 7242 END
START -1008 -32004 2412 -2231 14935 3755 END
START -2816 -32768 4552 -3287 16882 -2362 END
START -2312 -32024 8628 -5486 15650 -7755 END
START -624 -29336 9620 -6388 10509 -11550 END
START 136 -26876 8696 -9540 6925 -12289 END
START -444 -24596 7404 -8426 4277 -12857 END
START -568 -22760 6648 -7234 3482 -14003 END
START -540 -20488 6700 -5916 3758 -16046 END
START -932 -18660 7288 -7719 2075 -16902 END
START -784 -18224 6080 -6803 379 -16873 END
START -816 -16588 6024 -4445 392 -18410 END
START -524 -14800 6416 -4872 -1197 -18573 END
START -424 -12660 5676 -4721 -3595 -17510 END
START 336 -11908 4508 -3589 -5207 -16799 END
START 972 -9476 3880 -2309 -6145 -15154 END
START 1620 -8660 2812 -2401 -7597 -13925 END
START 2012 -7468 2256 -1903 -7915 -13673 END
START 2220 -5876 1780 -1972 -8668 -11949 END
START 2456 -4164 316 -3124 -8266 -8829 END
START 3012 -4092 -200 -1925 -8490 -6665 END
START 2944 -3344 -544 827 -9765 -4501 END
START 3532 -1816 -1604 4413 -9311 -1641 END
START 4048 -1796 -2404 2119 -8193 2370 END
START 3772 -4564 -2756 1430 -9123 5147 END
START 3388 -6052 -3016 6395 -10063 6854 END
START 3340 -5432 -2816 8378 -8546 8112 END
START 3580 -6524 -3096 4171 -7543 10673 END
START 3180 -9984 -4216 2741 -7196 12541 END
START 2672 -11956 -5508 4008 -6439 13246 END
START 2020 -11504 -5708 8364 -4789 14404 END
START 1000 -10748 -4332 10430 -2505 16012 END
START -348 -11076 -2300 12241 -1336 16631 END
START -1660 -11824 -1820 13403 -1269 17074 END
START -2252 -11536 -4736 11800 -870 20684 END
START -3380 -16920 -7220 7992 4434 23380 END
START -3860 -18220 -7236 7617 9713 19900 END
START -3820 -19292 -8036 7504 11356 16733 END
START -4364 -16768 -9556 4476 13761 17954 END
START -5028 -21648 -10240 -1476 20442 23144 END
START -6520 -24768 -6712 3381 24270 20399 END
START -6992 -25908 -4364 2513 25554 16372 END
START -6416 -27584 -1216 -1685 24895 15115 END
START -7808 -32768 1576 -707 26357 14297 END