START -1508 -11744 -11680 2881 6264 10164 END
START -4584 -20308 -10804 4435 12042 12230 END
START -4988 -24884 -4524 13307 13178 12615 END
START -2624 -26544 -3524 10707 13899 10305 END
START -1616 -27580 -2280 219 15708 4549 END
START -5460 -31176 -1488 -3497 19596 -273 END
START -6624 -32768 5232 4657 16615 -3703 END
START -3844 -32768 7620 6330 10114 -5698 END
START -2952 -32768 5540 -1019 6104 -9692 END
START -4284 -31088 4840 -8187 7244 -15965 END
START -5196 -26936 5192 -11192 7078 -19195 END
START -4608 -24640 5020 -10572 5568 -19386 END
START -5092 -22704 6784 -6527 2201 -16972 END
START -7264 -23136 5380 -1411 378 -16002 END
START -6812 -20880 6528 -3999 2498 -20053 END
START -5892 -20012 8568 -8002 -1320 -21573 END
START -4268 -15760 8096 -5803 -7272 -19404 END
START -3508 -13996 3632 -2476 -6897 -18390 END
START -2024 -11984 3476 -4779 -3552 -20691 END
START -1520 -9716 4376 -9305 -4692 -19980 END
START 352 -8676 3420 -11216 -6978 -18071 END
START 1292 -8740 -224 -9661 -5087 -16811 END
START 1652 -5888 -520 -7820 -4322 -16431 END
START 1884 -4736 -800 -7126 -5724 -12995 END
START 2176 -4056 -1464 -4762 -6867 -10875 END
START 3396 -3468 -3224 -5105 -5654 -9483 END
START 4260 -1876 -3016 -5239 -5547 -7281 END
START 4316 -572 -2688 -5501 -7056 -4351 END
START 4340 -444 -3924 -2100 -6250 -1563 END
START 3908 -76 -4300 -1270 -6043 376 END
START 3708 -1444 -3976 333 -6952 2576 END
START 3340 -1984 -3408 3725 -6790 5182 END
START 3148 -1868 -2392 2834 -7714 8365 END
START 2364 -3112 -2968 951 -7872 10163 END
START 1064 -5368 -4096 2351 -7918 12563 END
START 272 -7144 -5372 7548 -7443 14221 END
START -24 -8128 -4940 9185 -7600 16121 END
START -792 -9100 -5276 11021 -5777 16730 END
START -1340 -9996 -6092 10422 -4298 19439 END
START -2132 -11828 -6996 12796 -1158 20866 END
START -3332 -12120 -5244 13737 1235 21702 END
START -3788 -12884 -3340 14054 1954 23080 END
START -5004 -14204 -8072 11628 5178 25508 END
START -5576 -20916 -11324 8225 9272 26432 END
START -7692 -22668 -12988 11063 15019 24900 END
START -8024 -20776 -7016 23161 19951 22270 END
START -10304 -15356 -3836 20312 22639 22372 END
START -10728 -19236 -24 4567 23498 22268 END
START -11476 -23764 -564 793 21993 20295 END
START -10868 -25024 1108 6130 20276 18246 END
START -11036 -22412 -800 -4014 18593 21501 END