START -1628 -16500 -556 1343 4504 3194 END
START -1908 -18900 1604 3144 5809 5691 END
START -1808 -20672 724 2384 3036 5371 END
START -368 -25556 -5324 -910 3984 4486 END
START 844 -29460 -9460 1371 10607 1182 END
START 1472 -31188 -9336 -783 13432 -1778 END
START 2260 -32652 -8524 -1420 12863 -5051 END
START 604 -32768 -6708 -3160 11750 -7296 END
START -2760 -32768 -3808 -3390 17069 -13242 END
START -5356 -32768 3028 -4580 18081 -18235 END
START -5320 -31760 7512 -5878 13998 -22022 END
START -6408 -27552 9616 -7854 10217 -23370 END
START -7028 -24172 11548 -8801 8058 -24034 END
START -7004 -20812 13604 -10103 4526 -24420 END
START -5348 -18196 13968 -9424 1023 -24577 END
START -3836 -13060 12624 -9648 -2882 -22954 END
START -2108 -10904 10300 -9973 -6302 -19754 END
START -1880 -8760 7544 -6821 -8146 -18483 END
START -1076 -5440 5584 -4795 -8516 -16979 END
START 0 -3056 5524 -4828 -8953 -15251 END
START 1064 -1064 4892 -5139 -11284 -13093 END
START 1728 -600 2476 -4783 -12240 -10917 END
START 2204 252 348 -4058 -11371 -9328 END
START 2404 1112 -664 -3662 -9923 -7205 END
START 2232 2240 -412 -61 -10412 -3532 END
START 2072 1476 -1500 1957 -10899 657 END
START 1776 416 -1928 4863 -10710 3647 END
START 984 -340 -2656 6564 -10353 6792 END
START 284 -1268 -2380 5951 -10602 10438 END
START -28 -2124 -2756 6721 -11547 15023 END
START -812 -5632 -4932 10062 -11345 18846 END
START -1124 -9152 -7280 14292 -8706 21178 END
START -1168 -13072 -8688 14110 -5011 20928 END
START -1692 -14536 -8240 14652 -1669 19602 END
START -3136 -13736 -6136 18722 2120 19926 END
START -5292 -11952 -5124 15796 4762 24562 END
START -6808 -18748 -5720 11438 6809 28001 END
START -8392 -23384 -8080 14370 9969 28199 END
START -8300 -24008 -11332 12690 15123 25395 END
START -8780 -22132 -11152 6911 20512 23788 END
START -8992 -28984 -10088 6374 22737 25399 END
START -8496 -32716 -8760 12046 26991 21082 END
START -8900 -32768 -5060 9915 32767 16210 END