START -1868 -8188 -11808 961 11457 14549 END
START -2472 -14704 -11740 1997 16943 17403 END
START -4104 -19428 -8508 6616 20210 18684 END
START -5156 -25536 -5812 4902 19000 15664 END
START -4720 -32768 -4088 2457 17015 12562 END
START -5568 -32768 -2176 4803 18221 5298 END
START -3740 -32768 1292 2712 16527 -868 END
START -2716 -32768 3668 32 14061 -6734 END
START -2724 -29668 5964 -2133 11488 -8713 END
START -3036 -27432 7412 -577 11021 -11699 END
START -2188 -24596 8616 -2587 9074 -14974 END
START -1168 -23208 8064 -6549 5726 -16462 END
START -636 -20740 7068 -6199 3471 -17090 END
START -84 -19720 7100 -3906 1208 -17180 END
START -44 -17788 7044 -4491 521 -18363 END
START 632 -15944 6080 -6622 -554 -18592 END
START 600 -14440 5744 -7495 -2776 -18230 END
START 1168 -12852 4832 -4855 -4704 -17229 END
START 1920 -11100 3764 -3734 -5756 -16109 END
START 1748 -9592 3380 -3724 -6121 -15815 END
START 1980 -7880 2884 -4130 -7437 -14412 END
START 1772 -7496 2072 -3214 -8774 -13055 END
START 1996 -6396 312 -1633 -9755 -11516 END
START 1796 -5220 -792 -791 -8095 -11402 END
START 2044 -2176 128 -1624 -7520 -9323 END
START 2120 -1632 332 -3230 -9576 -6380 END
START 2096 -1308 -1140 -445 -11310 -3519 END
START 3144 -700 -2668 1152 -10968 -197 END
START 2796 -1712 -3356 2003 -10781 2452 END
START 2368 -3028 -4844 3395 -11860 5647 END
START 2232 -3912 -6068 5516 -11098 8101 END
START 1928 -4060 -6332 6242 -8911 10859 END
START 584 -5952 -6704 8182 -7667 13211 END
START -264 -7064 -5996 10620 -6473 15665 END
START -740 -8000 -5344 11311 -4534 17909 END
START -1100 -9788 -5080 10210 -3005 19981 END
START -2240 -11556 -5116 8853 -2542 21763 END
START -3692 -13808 -6264 10267 -2717 23552 END
START -4468 -15804 -7488 13030 -635 23979 END
START -5528 -16200 -8040 12818 1085 23230 END
START -5676 -17488 -11076 10427 1788 23878 END
START -6340 -17996 -16908 4245 7266 27792 END
START -8204 -22752 -16540 8213 19478 25163 END
START -12760 -26180 -10020 16507 27627 22861 END
START -13140 -29000 -64 22605 31832 20683 END