START -1940 -21180 -9436 -935 16716 9314 END
START -1212 -23368 -7536 7225 19820 8204 END
START -292 -22348 -5380 5468 20459 7295 END
START 1388 -21432 -3480 -675 18132 7638 END
START 264 -26468 -3740 -4148 19602 6737 END
START 484 -30248 -1560 -226 21852 4239 END
START 988 -31192 992 2363 18901 1169 END
START 1888 -29992 2728 1899 16124 -2652 END
START 780 -28548 4048 -3577 11947 -4774 END
START -640 -29084 5124 -6114 13435 -11783 END
START -1740 -26748 8048 -8846 11468 -15402 END
START -792 -24052 9024 -8668 7070 -17676 END
START -340 -18792 8176 -8606 3206 -16912 END
START 664 -17104 7040 -9633 607 -15990 END
START 932 -15960 5712 -6925 -61 -16556 END
START 748 -13120 5432 -4512 -1573 -16066 END
START 1456 -11244 5448 -4045 -3909 -15264 END
START 1772 -9676 4640 -4608 -5350 -14424 END
START 1640 -8872 3564 -3994 -5823 -13943 END
START 2300 -8068 2800 -2360 -6902 -12586 END
START 1604 -7016 1832 -10 -8490 -10632 END
START 1824 -5416 1112 1360 -8970 -8726 END
START 1528 -4832 744 1604 -9538 -7055 END
START 1852 -4324 -280 1961 -9680 -5268 END
START 2476 -4672 -1072 2612 -10792 -3055 END
START 2356 -4428 -1880 3698 -10799 -450 END
START 2164 -4648 -2224 3031 -10224 1839 END
START 2468 -5748 -3200 3756 -11295 3600 END
START 2396 -6356 -4688 3800 -11571 5955 END
START 1928 -7788 -5952 4404 -11157 8422 END
START 1084 -8584 -5980 7421 -9649 9650 END
START -336 -9196 -4504 10045 -7759 10916 END
START -116 -9012 -4564 9777 -8133 13847 END
START -992 -11804 -7288 8701 -7463 16658 END
START -1884 -13320 -9712 9697 -4393 17861 END
START -2824 -15516 -9916 11531 724 17640 END
START -4272 -18128 -9356 12704 3570 18708 END
START -3904 -20832 -11084 11995 4767 19610 END
START -4500 -20488 -14152 7569 9645 19243 END
START -5412 -19940 -15136 -1541 15431 19489 END
START -4792 -22332 -16040 -6825 16970 19221 END
START -6848 -27008 -13180 734 19699 19556 END
START -6600 -26600 -8300 7342 19421 17696 END
START -5908 -25604 -5468 3893 18628 16174 END
START -7108 -27392 -2216 -2211 21968 11977 END
START -7144 -27036 1288 -9422 22973 7956 END
START -7292 -26716 3620 -10343 21072 4246 END