START 4516 -14152 -1800 3952 2439 3160 END
START 5984 -13500 -2848 -126 3548 3732 END
START 6284 -13920 -5588 -3763 5507 4306 END
START 4684 -15692 -6708 -1778 9269 3255 END
START 2944 -17008 -4004 2134 12382 3933 END
START 1848 -18916 -468 2818 12705 4335 END
START 112 -20516 2212 1863 12652 5064 END
START -1068 -24244 4228 730 12582 2713 END
START -944 -24708 6868 -1791 12668 -669 END
START 8 -26528 9372 -4134 9457 -3766 END
START 1860 -26524 8252 -3847 6033 -6543 END
START 3236 -25152 7872 -3934 4529 -8098 END
START 3216 -24172 7932 -4435 3637 -10455 END
START 2900 -22636 8332 -3847 2130 -12338 END
START 2388 -20480 8740 -3313 529 -13477 END
START 2072 -18316 9064 -1759 -1815 -14687 END
START 2212 -15804 8488 -2475 -3796 -14162 END
START 2512 -14228 7660 -3981 -4851 -13899 END
START 2392 -13020 7028 -3323 -6383 -13489 END
START 2188 -10912 6580 -841 -7890 -12212 END
START 2716 -8832 5396 -720 -9121 -10697 END
START 3736 -7484 3400 80 -9494 -9305 END
START 3772 -6184 3108 -1364 -9258 -7782 END
START 3588 -4836 1952 -637 -9318 -5251 END
START 3716 -4072 1376 554 -10062 -2334 END
START 4020 -4240 392 -82 -9982 531 END
START 3812 -5600 -216 -139 -9640 2767 END
START 3772 -7092 -792 2635 -9284 4883 END
START 4108 -6816 -1192 3118 -8449 7365 END
START 4188 -8856 -2108 1473 -8026 8868 END
START 3820 -10064 -2620 1768 -6938 10524 END
START 3344 -10904 -2904 3225 -5471 11726 END
START 2936 -11536 -3164 4461 -4435 12896 END
START 2556 -12156 -3516 4399 -3136 15254 END
START 2156 -13740 -4480 4206 -2065 17237 END
START 2264 -16836 -7576 5067 -555 18703 END
START 812 -19212 -9144 4256 2970 17928 END
START 60 -19380 -9076 4551 6515 16462 END
START 144 -17928 -10872 -822 9303 18058 END
START 964 -20224 -13748 -7767 11805 17986 END
START 4 -24044 -16856 -9011 15742 17457 END
START -2488 -26608 -13416 1324 20048 17282 END
START -3552 -26024 -9740 3468 22545 15550 END
START -4836 -28860 -7760 -435 28521 9960 END
START -9196 -30168 -2860 -5791 32767 2800 END
START -12296 -31408 5080 -4747 32767 -4277 END
START -11968 -28460 10468 -2095 29826 -7932 END
START -9972 -24052 13852 5636 24108 -9171 END
START -6620 -19344 15240 6946 17889 -9269 END
START -4780 -14892 14508 603 10402 -11151 END