START 2684 -22940 -10084 -363 12322 3305 END
START 2132 -27412 -7576 6371 12982 5184 END
START -144 -29572 -3948 8477 15421 2905 END
START -3020 -32532 856 4553 15355 -4819 END
START -3112 -31080 3292 -4660 11183 -10330 END
START -3224 -28992 4244 -6480 7999 -12338 END
START -3552 -26268 4392 -3367 5642 -11924 END
START -4288 -25900 4644 -1031 6322 -14060 END
START -4096 -23368 6032 -3223 4800 -16418 END
START -3728 -20916 6476 -3998 860 -17807 END
START -3508 -18460 6044 -2844 -2759 -17006 END
START -2940 -17104 3816 -3570 -2363 -18157 END
START -2100 -14804 4184 -4806 -184 -20346 END
START -676 -12892 5352 -4346 -2148 -19648 END
START 328 -11100 4896 -2990 -5240 -16777 END
START 1548 -10504 3180 -3092 -7969 -14499 END
START 2004 -9968 1200 -4049 -7656 -14057 END
START 2176 -9516 808 -2543 -7313 -13648 END
START 2912 -8216 752 -1013 -8524 -12748 END
START 4132 -8104 -40 -1525 -9187 -11914 END
START 4100 -6920 -1552 -1831 -7419 -11604 END
START 4460 -4672 -948 -1396 -6286 -10517 END
START 5236 -3484 -376 -1849 -7244 -8490 END
START 5260 -3724 -1004 -608 -9264 -5633 END
START 5580 -3040 -2868 898 -9140 -3369 END
START 6080 -3380 -3080 974 -7489 -1857 END
START 5424 -4196 -2296 1976 -8572 116 END
START 6088 -4884 -3580 4015 -9325 1637 END
START 5848 -4508 -4984 1322 -9229 3741 END
START 5620 -5064 -6680 -1794 -6653 5309 END
START 4848 -5688 -6388 308 -4248 7022 END
START 3892 -5724 -5596 4044 -4925 9453 END
START 3764 -6848 -6700 5436 -5668 12548 END
START 2900 -7596 -6568 4516 -2599 13605 END
START 2212 -11264 -6708 3567 -1292 14638 END
START 1608 -12180 -5424 6837 808 15162 END
START 1228 -13316 -4948 7546 -593 17597 END
START 836 -13620 -6572 9394 879 18029 END
START 324 -13060 -6048 8125 4738 18431 END
START -1100 -10944 -4256 7662 7873 19069 END
START -2080 -11316 -3220 5117 7769 20829 END
START -2976 -14176 -5516 3039 6001 22966 END
START -3416 -15096 -10820 1696 9068 27159 END
START -4844 -17000 -10728 6260 16063 27425 END
START -5776 -18308 -8944 5789 17953 28336 END
START -5928 -24468 -11140 466 19714 26169 END
START -7656 -26172 -12516 -9291 23633 22287 END