START -2592 -12812 -12020 -2416 11695 11516 END
START -4168 -16500 -9184 -1273 15948 11840 END
START -3392 -20548 -7396 -832 15411 11922 END
START -4964 -25044 -6004 -177 16718 12993 END
START -5888 -30380 -596 6167 18839 11255 END
START -4204 -31556 3088 4422 14744 7041 END
START -3944 -32768 3864 1113 12645 1166 END
START -3140 -32768 5716 -1626 14335 -5176 END
START -2328 -31208 7304 -7686 12208 -10484 END
START -1312 -29620 6672 -9492 9178 -13235 END
START -564 -26580 6492 -8251 6762 -14683 END
START -308 -23116 6300 -7735 4332 -14867 END
START -476 -20420 6044 -8360 2053 -14150 END
START -236 -20048 4524 -8089 1472 -15233 END
START -912 -18040 4584 -8531 4080 -18449 END
START -1040 -15856 6304 -10172 3408 -18333 END
START -788 -14432 6432 -7103 1140 -17265 END
START -488 -12904 6684 -3252 -2110 -16128 END
START 300 -11496 5524 -2471 -4227 -15063 END
START 864 -11024 4000 -2845 -6055 -14727 END
START 1184 -9896 3060 -1163 -6971 -15497 END
START 1212 -6824 2244 -319 -7470 -13994 END
START 1636 -5936 1496 -2549 -8091 -11374 END
START 1996 -5096 1368 -998 -9725 -10465 END
START 1848 -4420 -80 153 -11655 -8217 END
START 1752 -2560 -1536 1822 -11345 -6000 END
START 2152 -2652 -2788 513 -10224 -3736 END
START 2068 -2524 -2500 1516 -9739 -1762 END
START 2848 -2496 -3592 1829 -10730 1087 END
START 2952 -2656 -4820 1495 -10714 4171 END
START 3172 -3756 -6016 4448 -8851 6602 END
START 2168 -5376 -6644 5751 -8434 9371 END
START 1688 -6940 -7576 6748 -7848 11576 END
START 1300 -7420 -7184 8664 -4740 13192 END
START 200 -7068 -5852 9560 -1540 15459 END
START -1340 -8612 -4584 10499 -1229 17759 END
START -2268 -11984 -5920 12344 -2871 20125 END
START -2892 -13340 -7904 13101 1129 19146 END
START -5144 -10604 -5624 12033 6831 16392 END
START -7344 -9000 -3972 7838 7211 17829 END
START -8432 -11932 -8804 2486 6028 24824 END
START -10016 -15532 -15616 22 12493 30623 END
START -12372 -21300 -18056 -2577 24212 31925 END
START -12992 -27504 -15548 -2174 30831 29614 END
START -14168 -32344 -9448 4407 32767 30833 END