START -2388 -24280 -5856 6029 12935 5882 END
START -2024 -29032 -2216 2885 10592 4412 END
START -1204 -32000 -1676 3195 6435 1425 END
START -3212 -32768 -1924 4005 5802 -2693 END
START -6332 -32556 728 1555 9604 -9177 END
START -7636 -31660 5608 -2392 9866 -14864 END
START -7960 -28504 7228 -3680 6555 -18119 END
START -7872 -25256 7132 -3840 2061 -17386 END
START -7544 -21648 6132 -3067 1304 -16780 END
START -7808 -21020 5712 -2312 1448 -19624 END
START -6508 -18144 6536 -3894 2950 -22030 END
START -5028 -16640 6984 -6947 1985 -21946 END
START -4800 -14160 7256 -5764 -939 -20599 END
START -3852 -11588 6176 -3907 -4739 -18135 END
START -2760 -9740 5196 -4563 -4065 -17185 END
START -1968 -9984 5380 -6528 -4224 -16446 END
START -1212 -8568 5184 -4779 -5472 -15509 END
START -204 -6612 4056 -4823 -7141 -12845 END
START 452 -7204 2404 -6625 -7896 -10479 END
START 932 -7000 1000 -6299 -7912 -9562 END
START 1552 -5152 -372 -5540 -7605 -9418 END
START 2488 -3724 -384 -5609 -8099 -7418 END
START 3440 -3120 -1912 -4045 -6816 -5379 END
START 3200 -2716 -1848 -2249 -6989 -3878 END
START 3468 -2340 -2456 1035 -8021 -1914 END
START 3664 -2256 -2652 3162 -8087 373 END
START 3540 -2800 -2420 2338 -8346 3276 END
START 2816 -3948 -2868 2585 -8293 5681 END
START 3052 -4636 -4016 2764 -5780 7445 END
START 1780 -5364 -3664 2370 -5164 9341 END
START 1276 -6184 -3356 4652 -6034 12428 END
START 416 -9444 -4124 8252 -6142 15225 END
START -304 -10720 -6208 8741 -5454 16767 END
START -604 -11796 -6788 7385 -1149 16790 END
START -2560 -10280 -3496 5372 2937 16570 END
START -2368 -12900 -3424 6944 592 20083 END
START -2584 -13328 -6716 8251 544 25464 END
START -3832 -17272 -8984 9077 5743 24811 END
START -6780 -16960 -5180 10149 11135 23590 END
START -8840 -14624 -2384 8267 11549 23436 END
START -9392 -14960 -5344 40 11054 27890 END
START -9092 -22312 -10352 -836 13308 27252 END
START -9308 -22396 -11832 2321 20383 22604 END
START -10256 -21148 -9640 1788 25565 21513 END
START -12504 -23568 -5756 2877 28250 22157 END
START -15076 -27784 -768 1462 29265 21494 END