START 2416 -19648 -10484 -4002 7302 4442 END
START 1192 -25312 -10456 -1555 11706 2606 END
START 492 -27112 -6488 1657 13916 41 END
START 952 -29444 -2668 348 11945 -2477 END
START -144 -31176 -384 -590 9336 -5007 END
START -2560 -31056 1596 1071 10250 -10477 END
START -2940 -27956 4632 -2532 10885 -15742 END
START -2308 -25720 5516 -5309 7236 -16932 END
START -1188 -23020 4684 -4405 3484 -16819 END
START -1064 -18892 4252 -3605 864 -15245 END
START -944 -17560 4284 -3751 944 -15731 END
START 28 -15912 4632 -5055 -8 -16304 END
START 344 -15152 2900 -4495 -1822 -16004 END
START -212 -13848 1872 -3397 1185 -16875 END
START -128 -12880 4208 -4847 565 -17025 END
START 684 -11208 4184 -3445 -2733 -16140 END
START 1256 -9844 2736 -1606 -5169 -14211 END
START 2600 -8028 1252 -2059 -4689 -12373 END
START 3112 -7716 868 -3169 -5421 -11289 END
START 3440 -6544 -100 -2275 -6563 -9814 END
START 4488 -5640 -1648 -1758 -6394 -8500 END
START 4744 -4416 -1488 -2730 -5793 -6912 END
START 4488 -4388 -1168 -3592 -6341 -5737 END
START 4264 -3440 -1836 -282 -7062 -2775 END
START 4240 -3668 -3088 1352 -7402 161 END
START 4584 -3908 -4020 403 -6571 1971 END
START 4272 -5560 -3244 952 -6981 3416 END
START 4116 -6112 -3200 4576 -8154 4952 END
START 4528 -5676 -3924 3544 -7520 6039 END
START 4880 -6576 -4620 517 -6885 8009 END
START 4656 -9096 -5216 373 -7634 10065 END
START 4208 -10556 -5852 4797 -7554 11391 END
START 4100 -10412 -5332 7478 -6746 12566 END
START 2704 -11196 -4920 8274 -4956 12721 END
START 1372 -12728 -3672 6761 -3105 12557 END
START 536 -14432 -2136 7334 -2860 11130 END
START 268 -14504 -1976 8848 -5229 11078 END
START -80 -12796 -4580 8461 -6470 14240 END
START -372 -14424 -8104 4036 -2072 18238 END
START -1136 -15076 -7528 6080 3338 17818 END
START -2416 -13636 -5992 6442 4262 20008 END
START -3264 -14140 -7992 5482 6171 24582 END
START -4576 -15456 -9608 5487 11566 24825 END
START -5256 -16468 -10016 2787 14606 24500 END
START -4824 -19524 -9676 5690 17709 26615 END
START -6672 -23116 -11272 11555 22352 32236 END