START -16 -10440 -4336 1997 2635 6868 END
START -200 -11520 -7524 1634 5639 8308 END
START -2280 -11440 -9952 -1160 10502 9994 END
START -3420 -14668 -9200 -684 12800 10595 END
START -4212 -19284 -9512 3491 14873 11481 END
START -5048 -22196 -8472 8022 18230 10461 END
START -4960 -25516 -5004 8392 21393 7763 END
START -3744 -27456 -436 4788 20312 4700 END
START -2528 -28780 1472 -1521 16680 2397 END
START -2840 -31704 536 -3320 18542 -2837 END
START -1576 -29804 4864 -3680 17887 -6616 END
START -168 -26748 6972 -2050 14171 -9303 END
START 864 -24656 8416 -2161 9279 -9655 END
START 940 -23772 7516 -2896 7055 -11590 END
START 1724 -21276 7288 -6374 5477 -13815 END
START 1932 -19508 7040 -8436 2125 -14297 END
START 1560 -18828 5616 -6253 -932 -13737 END
START 1636 -17056 4204 -3990 -2606 -13785 END
START 1496 -16112 3596 -3457 -3010 -14268 END
START 1632 -15636 3076 -2444 -2935 -14873 END
START 1044 -14680 3756 -627 -3936 -15040 END
START 1368 -12032 4028 -779 -5987 -14311 END
START 1324 -10172 3424 -1236 -6905 -13329 END
START 1504 -8376 3164 -870 -7040 -12653 END
START 1144 -6336 2336 -1359 -8555 -10572 END
START 1364 -6040 1908 -1059 -9677 -8162 END
START 1292 -5320 960 556 -10624 -5348 END
START 1372 -6496 -104 2825 -11125 -2926 END
START 812 -5868 -1084 4879 -10494 -1640 END
START 1148 -6108 -1312 2920 -10675 784 END
START 1120 -5656 -1232 2545 -10151 2912 END
START 1080 -6416 -1816 4099 -9922 5758 END
START 556 -6860 -2396 8253 -9398 8410 END
START -200 -7324 -3272 9781 -10165 11227 END
START -208 -8188 -7204 6853 -8797 14329 END
START -1076 -9824 -9272 6147 -3820 15310 END
START -2780 -11760 -9024 9236 6 17370 END
START -3244 -15580 -8392 13078 1299 18993 END
START -3840 -19760 -9676 15582 4775 19705 END
START -4496 -18716 -9940 10061 9656 19247 END
START -4736 -17940 -9848 -9 12681 18795 END
START -5216 -19368 -11164 -4750 14787 19841 END
START -6660 -19452 -12024 -3803 17021 19670 END
START -7796 -20808 -13204 -6147 18641 22864 END
START -9736 -28100 -12092 2709 25042 20821 END
START -10744 -31048 -6644 13831 28728 16138 END
START -8420 -29696 -3348 6383 26975 10978 END
START -8848 -26968 -752 -10320 25270 7340 END
START -9508 -26292 840 -19959 24654 5539 END
START -10052 -26396 1244 -17049 28170 1483 END
START -8936 -26044 6348 -4490 25227 -1000 END
START -7296 -22928 7560 3224 19036 -4399 END
START -5444 -19420 8188 2918 14392 -7215 END
START -4776 -17536 8820 -314 11291 -9028 END