START -4924 -14308 -11540 -1822 9504 9334 END
START -4368 -14564 -11380 -547 12235 10952 END
START -4792 -18944 -11160 1869 15031 12065 END
START -6368 -23560 -9704 5926 21241 11042 END
START -6296 -29372 -4564 8287 24193 9252 END
START -2812 -32768 -1824 5153 22399 5722 END
START -3092 -32768 332 -2415 18741 268 END
START -3132 -32768 972 -8022 15832 -4140 END
START -3292 -32768 888 -7717 16132 -7773 END
START -3684 -31340 2064 -4654 15855 -10581 END
START -3672 -27388 4668 -2124 12369 -12972 END
START -3336 -23032 5832 -3227 7688 -12060 END
START -4232 -22672 3824 -2881 7874 -14413 END
START -4248 -18708 5340 -5648 8088 -17467 END
START -3436 -17436 7596 -8622 4550 -17503 END
START -3060 -15556 8356 -6436 -1720 -14442 END
START -3260 -15440 4412 -2393 -3453 -13965 END
START -3284 -12980 3120 -4544 426 -17218 END
START -2908 -11336 5556 -8679 224 -18216 END
START -2244 -9612 5056 -5013 -4296 -16892 END
START -668 -6648 3248 -1431 -6991 -14317 END
START 928 -4692 1604 -3129 -5973 -12948 END
START 940 -4204 1788 -6538 -5811 -11344 END
START 1428 -4032 1528 -4480 -9737 -9101 END
START 1352 -3832 -1124 -1046 -11399 -7423 END
START 1632 -3272 -3304 -359 -8615 -6727 END
START 912 -2448 -2164 -402 -8697 -4894 END
START 1672 -3072 -2692 1175 -10846 -2005 END
START 2084 -2628 -4936 3075 -9701 437 END
START 2556 -1740 -4976 1159 -8335 2956 END
START 1992 -3620 -5356 1522 -9003 5978 END
START 1316 -4776 -6984 5174 -7807 8106 END
START 152 -5176 -6644 8003 -6827 10059 END
START -1092 -4996 -7364 8745 -5775 12804 END
START -2352 -5280 -7232 9829 -1941 16070 END
START -2376 -8180 -5152 11694 485 18380 END
START -3736 -10024 -4344 15381 1473 20696 END
START -5800 -11304 -4004 16722 3101 22988 END
START -7312 -10900 -2532 16166 4724 25572 END
START -7240 -13460 -4212 9577 5697 28637 END
START -8984 -19916 -11088 6512 7157 28535 END
START -9492 -21644 -18148 4662 13312 28511 END
START -11016 -26612 -17716 9461 19832 26573 END
START -11204 -27492 -13924 11993 22237 26688 END
START -13628 -31464 -6216 16543 20300 25144 END
START -16048 -32768 -2340 14307 21486 19288 END
START -18008 -32768 3012 2746 28635 8875 END