START -2116 -11760 -11096 1395 3874 5128 END
START -2896 -11920 -15160 -1706 5709 7545 END
START -3888 -16292 -18980 -4362 13959 9526 END
START -3756 -19844 -17040 -531 19085 12119 END
START -2376 -21044 -14520 1409 20921 12713 END
START -4452 -30176 -7068 8819 20553 14539 END
START -7888 -32768 -976 15452 21713 9699 END
START -7248 -32768 5568 2995 21946 -1351 END
START -5772 -32768 8452 -6602 16323 -8029 END
START -4092 -32768 7784 -8991 9720 -10773 END
START -5140 -28448 3200 -5264 10558 -12128 END
START -3952 -23852 5080 -4336 10466 -13259 END
START -3484 -20196 7128 -5929 3985 -13128 END
START -3852 -18540 6376 -4270 -1502 -10345 END
START -4636 -18288 984 -4017 7161 -15438 END
START -5116 -17776 6760 -7813 9085 -18052 END
START -4564 -14968 7132 -7156 4216 -16914 END
START -3552 -12332 7952 -6008 500 -15356 END
START -2436 -10568 6820 -5369 -1633 -14922 END
START -1992 -10488 6336 -6012 -4083 -15246 END
START -1428 -8996 3692 -4396 -7583 -15013 END
START 624 -6548 1680 -5816 -8637 -12801 END
START 848 -6364 0 -7256 -6507 -11714 END
START 1708 -6528 -356 -6902 -6679 -11318 END
START 2412 -4812 -1544 -4973 -8893 -9433 END
START 2692 -3632 -3300 -3104 -8789 -7066 END
START 2344 -3304 -3812 -2170 -7393 -6283 END
START 1700 -3616 -2932 327 -7741 -4631 END
START 2176 -2924 -2792 1994 -8688 -2776 END
START 2232 -2124 -4176 170 -9441 -89 END
START 2512 -3588 -6420 -920 -8444 1463 END
START 2552 -4700 -7396 498 -7061 2571 END
START 412 -5100 -6864 4195 -7263 3990 END
START 192 -5508 -6616 7338 -7730 5538 END
START -436 -5368 -5920 6693 -6341 7593 END
START -1412 -7996 -6128 6552 -5661 9729 END
START -2656 -8048 -6348 6870 -3246 11263 END
START -3004 -5504 -5472 7356 -1008 13971 END
START -3680 -6124 -3468 9192 -1666 18684 END
START -4736 -6272 -3056 18030 -1774 22541 END
START -6304 -10148 -6464 18544 -990 26174 END
START -7572 -14640 -10808 15094 5422 28438 END
START -9208 -16536 -9692 9722 10776 28196 END
START -10460 -19860 -9192 9217 11192 28996 END
START -10520 -23992 -17664 9559 15298 29989 END
START -12840 -30648 -19660 9180 25975 26701 END
START -14396 -31948 -10036 10824 29889 19922 END
START -14624 -32356 -388 9836 27974 15003 END
START -11800 -30996 5428 1484 23569 10825 END
START -10152 -28960 6892 -9472 17209 7412 END
START -11860 -32768 6280 -7079 12553 4514 END