START -1056 -9212 -7196 -439 9213 7816 END
START -2396 -10332 -8876 -3488 11591 9107 END
START -4648 -17240 -9120 5648 14710 13730 END
START -5128 -21344 -6600 16554 18882 16165 END
START -4860 -26368 -5420 15832 21695 13485 END
START -4316 -30276 -132 8813 23182 7823 END
START -752 -32768 3624 620 19712 1845 END
START 1368 -32768 3020 -9121 15292 -2075 END
START 1024 -32768 2880 -10294 14168 -4823 END
START -96 -32768 5912 -5753 13145 -9485 END
START -172 -31372 7364 -5447 9895 -13953 END
START -476 -26844 7340 -9410 7149 -16350 END
START -1224 -22640 7300 -12441 5814 -17119 END
START -864 -18828 7356 -11819 4944 -16777 END
START -100 -16248 5924 -9807 3787 -15571 END
START 24 -15036 5092 -7060 2794 -15037 END
START 536 -12032 5404 -3360 3142 -15301 END
START 1112 -10804 5996 -4885 651 -13824 END
START 1992 -9712 5176 -5354 -3130 -11278 END
START 2300 -10400 3284 -2711 -5063 -8684 END
START 1912 -8276 1700 -1482 -1613 -8880 END
START 2824 -9356 3188 -5561 -2536 -8756 END
START 2092 -9252 2812 -4788 -4899 -8370 END
START 1684 -8012 2752 -2533 -6077 -7876 END
START 1640 -6684 3232 -1737 -7217 -6897 END
START 1780 -5508 2332 -3642 -8824 -4465 END
START 1620 -5420 1040 -1221 -9626 -3912 END
START 1780 -4000 -980 651 -8710 -3126 END
START 1428 -2840 -1156 348 -8641 -970 END
START 1756 -3616 -884 2617 -9855 1708 END
START 1840 -4136 -1560 6375 -10385 4054 END
START 2268 -4432 -2652 6569 -10091 6310 END
START 1872 -5516 -3808 7325 -9337 8704 END
START 880 -8660 -4888 7836 -8553 10283 END
START 768 -8924 -5548 11007 -7151 12199 END
START 204 -9508 -6584 11073 -4338 14251 END
START -1628 -10688 -6480 10838 -1086 16120 END
START -2732 -12780 -4240 14671 1105 17245 END
START -3156 -15436 -3140 18548 717 17248 END
START -4896 -16452 -6696 16676 787 20375 END
START -5432 -23628 -10640 11344 6664 21444 END
START -5208 -23216 -9380 8639 12815 16719 END
START -3896 -19856 -7116 2312 14362 12179 END
START -5292 -16776 -9124 -5686 15204 16354 END
START -7488 -25932 -8532 2700 19646 22943 END
START -7916 -28312 -8432 6795 22137 20890 END
START -8980 -30708 -6016 -2872 24625 15008 END
START -9572 -32768 60 -11891 23638 9820 END
START -8616 -32768 4160 -14717 18868 7037 END
START -7876 -32296 5216 -11183 14920 3648 END