START -920 -17268 -14996 -6876 17507 15246 END
START -1152 -20948 -14352 366 22485 18880 END
START -4996 -25792 -13224 1750 26666 21081 END
START -8260 -32768 -4212 9116 32767 16552 END
START -9020 -32768 9016 8842 30517 7815 END
START -4444 -32768 14352 -1672 17849 -4445 END
START -1536 -32768 10908 -8839 8898 -11422 END
START 8 -29068 5156 -8660 5854 -9115 END
START 24 -28088 3832 -4967 7204 -8848 END
START -2392 -27048 5960 833 8876 -15972 END
START -3008 -23512 7732 -1464 4916 -20210 END
START -3172 -19748 6804 -3660 2044 -20972 END
START -1792 -17408 6512 -3436 384 -20134 END
START -1508 -15892 6024 -141 -2235 -19931 END
START -868 -12460 5644 1266 -4587 -18689 END
START -420 -11652 4668 94 -4409 -17864 END
START -224 -10884 4516 -1616 -4932 -16854 END
START 1152 -9944 4056 -1984 -6823 -14967 END
START 1868 -8208 2924 -1004 -8187 -13564 END
START 2884 -7548 1740 -1617 -8473 -11609 END
START 2920 -7420 412 -473 -8233 -10295 END
START 2776 -6788 -280 234 -7580 -8873 END
START 2780 -6388 -76 769 -7787 -8253 END
START 2336 -5764 -952 718 -8043 -6474 END
START 2540 -4668 -636 2549 -7171 -5150 END
START 2156 -3552 -656 2389 -7574 -2607 END
START 2232 -4020 -808 1197 -8546 -544 END
START 2832 -4292 -1316 2154 -9659 2088 END
START 3100 -5452 -2912 3078 -9770 4603 END
START 2972 -5568 -3036 3472 -8373 6233 END
START 2972 -5064 -2840 1562 -7910 7803 END
START 2348 -7520 -4676 -665 -8438 10304 END
START 2244 -10912 -6628 4631 -7700 11556 END
START 2784 -11388 -9040 7113 -4862 12981 END
START 2868 -10644 -8832 8140 927 13299 END
START 1596 -11544 -6316 7841 3549 14285 END
START 1184 -12356 -3668 6845 3592 14002 END
START 564 -12368 -4084 6888 2109 13717 END
START -1188 -13688 -6832 6169 3395 15080 END
START -2624 -12052 -8712 2485 7753 17593 END
START -4016 -10388 -8252 -3191 13172 23001 END
START -4672 -12324 -6704 -1419 15805 28190 END
START -6208 -13312 -7748 -1320 15361 32767 END
START -8016 -19012 -12620 -6850 18028 32767 END
START -10168 -26092 -14624 -10439 23064 32767 END
START -10092 -32308 -14484 -389 29114 32767 END
START -14128 -32768 -9432 10277 32767 31986 END