START -232 -12588 -6504 4947 4103 6095 END
START 40 -11856 -8816 5627 5302 9267 END
START -896 -15460 -12244 3238 9470 11213 END
START -2896 -20492 -12644 6724 18269 10174 END
START -3988 -27908 -7620 9177 20180 8684 END
START -3540 -32228 -4120 7946 18411 4888 END
START -2644 -32768 -1256 819 14550 1148 END
START -3252 -32768 -1836 -5589 11658 -4101 END
START -6008 -32768 -944 -6095 16995 -11409 END
START -6680 -32768 3500 -7487 17736 -15604 END
START -6332 -31092 6176 -6869 15348 -19439 END
START -5176 -26764 7184 -5468 11058 -20746 END
START -3952 -21960 8092 -5223 7518 -20821 END
START -3584 -18984 8152 -6102 5757 -21246 END
START -3056 -18012 7444 -6307 3560 -21046 END
START -2348 -15840 7488 -4989 2469 -22159 END
START -1736 -12404 8492 -3227 477 -22693 END
START -1032 -9080 8420 -5354 -3010 -20177 END
START -364 -7884 6484 -6976 -4159 -18419 END
START 196 -6364 5112 -5595 -5358 -16919 END
START 180 -4848 3716 -1494 -7458 -14634 END
START 1008 -3144 2632 -420 -8916 -12932 END
START 1824 -2280 728 -877 -8561 -11314 END
START 1868 -1396 -196 -168 -7593 -9534 END
START 2260 -588 -752 -1476 -8737 -7168 END
START 2484 -572 -2020 900 -9496 -4420 END
START 3136 928 -2584 3994 -8606 -1423 END
START 3456 832 -2440 3177 -8253 2296 END
START 3024 8 -2712 4015 -8823 5647 END
START 1724 -1492 -3292 5661 -9830 9270 END
START 1304 -3068 -3496 7950 -8859 12222 END
START 464 -5748 -3120 7917 -9529 15350 END
START -828 -11640 -4992 9963 -10672 16541 END
START -1312 -13884 -6252 13789 -8669 15535 END
START -1920 -12296 -3660 12983 -5235 15002 END
START -2992 -10576 -1488 12703 -5745 17438 END
START -4716 -10460 -2176 13294 -8666 22944 END
START -7332 -13268 -9144 6620 -10653 32767 END
START -8624 -21088 -14448 5443 -1031 32767 END
START -9916 -17668 -10408 9188 5945 30386 END
START -9784 -16148 -9980 5333 6398 30478 END
START -10252 -17556 -13268 391 8446 30587 END
START -11740 -20768 -19948 -8235 12225 32738 END
START -13308 -29244 -28420 -14845 19588 32767 END
START -17032 -32768 -27788 2247 32767 28765 END
START -15320 -32768 -19820 9245 32767 19249 END
START -18148 -31896 -17484 -3193 32767 12531 END
START -22208 -32768 -9576 -3406 32767 6517 END
START -20940 -32768 -180 8288 32767 1677 END
START -17992 -31412 6148 25337 32767 -6347 END
START -15364 -23764 10684 19768 25186 -13179 END