START -5376 -20264 -5156 5727 18374 8656 END
START -3916 -25532 -2588 6172 17921 7693 END
START -3720 -29284 -512 4440 16328 5242 END
START -3120 -32616 -208 378 14515 1495 END
START -1724 -32768 560 -3887 12623 -3036 END
START -3052 -32768 -352 -6935 12435 -7818 END
START -3668 -32768 1260 -7363 14396 -13886 END
START -5044 -31240 4256 -6271 14000 -19936 END
START -3896 -27176 6920 -7419 10793 -21911 END
START -3848 -24148 8048 -7036 8506 -22114 END
START -3780 -21144 7604 -7195 7320 -22627 END
START -3704 -18080 7936 -6305 5638 -23923 END
START -2892 -15972 8132 -5111 2755 -23101 END
START -2992 -13304 8188 -1499 802 -22850 END
START -2028 -9648 8208 -896 -1394 -21566 END
START -860 -7832 7544 -3146 -3781 -20097 END
START -360 -5672 5956 -4229 -6573 -17715 END
START 820 -4972 4116 -3086 -7830 -15868 END
START 1828 -3332 3200 -867 -8316 -14210 END
START 2184 -2540 2380 -784 -9577 -11363 END
START 2128 -2048 1080 -398 -10493 -8838 END
START 2332 -1472 0 290 -10623 -6090 END
START 1968 -1740 -592 1089 -10924 -3331 END
START 1684 -1524 -28 2913 -11957 -138 END
START 1808 -1916 -1128 3431 -13581 3295 END
START 2096 -2900 -3212 5030 -12813 6288 END
START 2396 -2960 -5092 3752 -11298 9299 END
START 1800 -4380 -6532 2329 -10370 11741 END
START 1248 -5420 -7676 7506 -8383 14442 END
START 1296 -6668 -8984 10201 -8235 18676 END
START 840 -9032 -11436 10856 -3887 20887 END
START -1248 -9504 -10492 12052 2409 22491 END
START -4536 -8032 -6988 11901 6327 24289 END
START -6892 -9100 -3088 10454 7238 28888 END
START -8412 -13664 -5100 6821 4451 32767 END
START -8936 -19436 -12032 5520 8126 32767 END
START -9904 -19304 -14600 4273 14758 32767 END
START -10140 -19292 -14284 211 18236 32659 END
START -10496 -21884 -14836 -1987 17395 32767 END
START -15700 -31768 -13152 14139 24712 31995 END
START -19636 -32768 -788 23510 30523 25378 END
START -20328 -32768 8688 16394 31025 13196 END