START -552 -16008 -4716 9134 10746 7157 END
START -404 -16496 -4464 5718 11709 8582 END
START -1500 -17460 -6496 1075 13389 8251 END
START -2512 -19812 -6540 -3439 16500 7237 END
START -2152 -22300 -5976 -4837 18516 6661 END
START -2396 -24144 -4912 -3646 18302 6576 END
START -2784 -28264 -2592 1208 17954 5466 END
START -2744 -29200 -1220 2565 23203 292 END
START -1832 -30028 2660 -3785 20973 -2947 END
START 20 -30080 4140 -5065 17127 -5975 END
START 956 -28804 5064 -5571 12885 -6814 END
START 376 -29208 4692 -4167 12521 -9995 END
START -308 -27016 6596 -5503 14025 -14600 END
START 204 -25016 9476 -8758 9784 -17037 END
START 956 -21812 9372 -10826 5875 -18523 END
START 944 -19036 8216 -10040 2290 -17788 END
START 872 -15916 7320 -6763 157 -16585 END
START 1076 -13784 7392 -4854 -757 -15975 END
START 732 -12476 8512 -2888 -2736 -15786 END
START 168 -10424 7520 -2960 -6166 -14340 END
START 896 -9380 5852 -4166 -8395 -13486 END
START 1224 -7924 3668 -3964 -9171 -12708 END
START 1436 -5608 2352 -2548 -9544 -11306 END
START 1908 -3976 1840 -1946 -10457 -9308 END
START 1876 -3072 640 463 -11651 -6563 END
START 1768 -3220 -476 2640 -12204 -4030 END
START 1560 -3648 -1644 4140 -11698 -2232 END
START 1148 -4160 -1672 5803 -11851 23 END
START 1480 -4552 -2492 5374 -12011 2463 END
START 1008 -6092 -2700 7402 -12166 5110 END
START 716 -7672 -3556 8063 -13001 7536 END
START 636 -9208 -4752 9646 -11407 8559 END
START 244 -9152 -5080 10715 -9049 10083 END
START -376 -9736 -4108 9637 -8159 12325 END
START -828 -11092 -4148 10473 -8421 14104 END
START -1968 -11976 -5244 14957 -5932 15491 END
START -3240 -13616 -7432 15044 -4119 17688 END
START -3780 -15480 -9468 15304 -254 19527 END
START -4100 -17460 -10172 15525 4245 19998 END
START -5356 -18800 -11464 15149 9617 18624 END
START -5400 -19284 -13332 10276 15744 17061 END
START -6744 -21088 -11528 5054 21428 19579 END
START -8376 -24448 -7424 9953 23432 19106 END
START -8316 -24660 -5180 12104 23215 18210 END
START -9868 -28468 -4940 7509 30461 14180 END
START -11060 -32396 1744 -3768 32467 10257 END
START -9672 -32768 6360 -5963 29163 5448 END
START -9348 -32684 7172 -4402 25531 2183 END
START -9176 -30804 9528 874 23162 -1584 END
START -7280 -27636 11960 1338 17268 -7936 END
START -5256 -22224 10552 -2970 11971 -12602 END