START -2360 -28744 -9456 4055 15002 11900 END
START -3384 -32768 -6092 1289 20110 8363 END
START -5000 -32768 -944 -2272 19071 1894 END
START -5220 -32768 2704 -3935 15671 -4248 END
START -6132 -30896 2932 -7088 13745 -5500 END
START -6884 -29472 4560 -4036 16614 -10666 END
START -5816 -26072 6292 -3544 13854 -14103 END
START -4236 -23272 5724 -6075 11091 -15744 END
START -3660 -21628 4772 -7519 8730 -16209 END
START -3284 -19932 4476 -5038 7523 -16879 END
START -3192 -18552 5532 -1717 5761 -17461 END
START -2848 -17716 5664 -491 4279 -19456 END
START -2196 -15308 7028 -2592 3398 -21457 END
START -872 -12580 7088 -5223 1577 -21651 END
START 48 -10600 6576 -6519 -710 -19456 END
START 908 -9988 6308 -3829 -3915 -17361 END
START 1700 -8348 4864 -1062 -6882 -15637 END
START 2176 -7448 3412 -1902 -9096 -14188 END
START 2060 -7412 1920 -1913 -10365 -12821 END
START 1944 -7612 1680 470 -9952 -12109 END
START 2644 -5764 1700 1246 -10884 -10841 END
START 2800 -4820 1152 -880 -12353 -8865 END
START 3168 -4296 -572 430 -12663 -6820 END
START 3144 -2440 -1844 1164 -12380 -4806 END
START 3892 -1868 -2700 537 -12859 -2094 END
START 3876 -1248 -3488 2987 -12637 1119 END
START 3908 -1268 -4680 5276 -12431 5132 END
START 3484 -1960 -6000 6593 -11040 8908 END
START 2988 -3356 -7300 5354 -9659 12424 END
START 1748 -6196 -9004 7000 -8718 15828 END
START 936 -8272 -10064 9923 -7117 18550 END
START -252 -9324 -10344 11379 -2053 19940 END
START -2676 -9188 -7844 11402 3273 21702 END
START -4776 -10888 -3584 11790 3983 23937 END
START -6220 -15932 -4228 15125 615 27845 END
START -7380 -15696 -7132 17882 5477 28324 END
START -8656 -14120 -5492 9646 11168 27639 END
START -8532 -14904 -6736 -1322 10360 29085 END
START -9196 -21676 -14796 -7739 8746 31419 END
START -11488 -28468 -17652 7446 18145 28886 END
START -13000 -30676 -13684 13961 22394 25878 END
START -12236 -32332 -9332 14426 25439 20845 END
START -12640 -32292 -4236 14148 31246 12105 END
START -13964 -30724 3424 8681 32767 5751 END