START 740 -15128 -6844 2964 -1521 -7138 END
START 1312 -16192 -7152 1509 1319 -5224 END
START 1592 -15376 -6908 -473 3337 -2679 END
START 1332 -16264 -5868 -4779 4168 741 END
START 2132 -18016 -5368 -6045 5961 3514 END
START 2152 -20140 -5120 -7106 9855 5986 END
START 1584 -22508 -2880 -6927 12797 4094 END
START 3312 -22296 -572 -7041 11383 3367 END
START 5100 -21692 -328 -5968 9138 5988 END
START 4552 -23836 -1112 -5449 8214 12281 END
START 3724 -31900 -2272 -4163 19361 7588 END
START 528 -30560 1952 -4972 20489 627 END
START 884 -31652 4976 -174 14813 -6009 END
START -84 -26688 5840 1598 11131 -8686 END
START -876 -22128 6216 -3501 10785 -6339 END
START -2840 -21292 7320 -5542 9378 -10722 END
START -3092 -21612 8464 -1069 4759 -16307 END
START -3108 -17836 7260 206 1865 -19309 END
START -2060 -14840 6764 -4386 591 -19850 END
START -1132 -14676 6540 -6065 -1638 -19825 END
START -312 -11632 5752 -851 -3679 -19533 END
START 728 -7568 5460 -78 -4806 -17269 END
START 1544 -6160 5296 -1339 -5954 -15352 END
START 2092 -5088 4608 -2966 -8700 -12405 END
START 2648 -4976 2092 -1341 -10073 -9215 END
START 3228 -4036 980 -2969 -10152 -7142 END
START 2948 -3900 920 -3685 -10636 -6814 END
START 2668 -2928 -296 -2577 -11595 -4290 END
START 2616 -2528 -2360 -2720 -10679 -149 END
START 3012 -3100 -3216 -1719 -9079 1783 END
START 2964 -3340 -3124 1028 -9473 4128 END
START 2428 -3108 -3056 2845 -9823 7216 END
START 2616 -4928 -4784 2755 -10037 10826 END
START 1904 -7548 -6992 3076 -8308 12223 END
START 1012 -8744 -6688 4804 -5232 12776 END
START 168 -9320 -5212 7848 -3592 14436 END
START -368 -11124 -6644 5921 -3331 17386 END
START -720 -13528 -8596 4830 200 17197 END
START -1968 -12972 -7776 5356 4262 17871 END
START -3736 -12588 -5856 7986 5848 19716 END
START -5164 -12616 -3416 8871 6933 22036 END
START -6976 -13508 -1740 10171 8770 24848 END
START -7336 -17832 -2556 8796 7305 27469 END
START -6048 -24140 -8196 5061 8861 25839 END
START -6200 -26164 -9224 3526 16409 20849 END
START -5236 -24448 -6416 1947 20339 20096 END
START -5548 -24912 -5508 -1089 22551 20565 END