START -4412 -27496 -16220 5800 25004 13739 END
START -4960 -28712 -9716 16103 23090 10239 END
START -6120 -32768 -132 9831 20635 8311 END
START -8416 -32768 6232 1782 19804 -3506 END
START -9096 -32768 7992 -6881 15470 -9903 END
START -6648 -32696 7860 -5286 11251 -13251 END
START -7428 -30104 8668 -435 5190 -11557 END
START -7200 -26936 5908 -778 6291 -16512 END
START -6596 -23984 7168 -5602 7329 -20569 END
START -6164 -20496 7156 -6768 4203 -20659 END
START -5156 -16672 8524 -4787 -2144 -17321 END
START -4716 -16760 4872 -3032 -3873 -15787 END
START -4336 -14276 6112 -7903 489 -18968 END
START -4256 -14312 5624 -12952 -1546 -17966 END
START -2952 -12916 5384 -11832 -4281 -16020 END
START -2032 -12140 3848 -8761 -3864 -16170 END
START -1604 -10360 4128 -9588 -3733 -16500 END
START -736 -9028 3160 -9396 -4782 -15255 END
START 604 -7248 3268 -7463 -6794 -13149 END
START 1624 -5740 1732 -5934 -9424 -11156 END
START 2540 -5536 -740 -3894 -8761 -10442 END
START 3184 -4756 -1652 -4727 -7509 -9641 END
START 3232 -4880 -2496 -5456 -7386 -8467 END
START 3440 -4352 -3156 -3914 -7923 -7033 END
START 4068 -3872 -4008 -827 -8180 -5558 END
START 4156 -1900 -4508 97 -6645 -3737 END
START 3860 -1960 -4160 -2240 -7392 -1192 END
START 3960 -3868 -5648 -277 -8219 1265 END
START 4392 -3280 -7280 2972 -7175 2747 END
START 3152 -3136 -6912 3433 -5216 4155 END
START 2544 -3088 -5508 2097 -4567 6335 END
START 1760 -5292 -5648 2747 -5397 8385 END
START 160 -7772 -6808 7220 -5045 9982 END
START -328 -6932 -7428 9832 -1512 11160 END
START -348 -6924 -5752 3570 2120 12593 END
START -1976 -9540 -3116 -713 3829 13658 END
START -3384 -9948 -636 7502 2526 15382 END
START -2708 -8004 -136 14063 -16 20575 END
START -3788 -10824 -5312 11492 -1097 26345 END
START -4940 -14872 -11316 9374 4399 27809 END
START -7812 -14744 -9576 14092 10244 28252 END
START -9216 -11632 -3836 16434 11606 28870 END
START -8368 -12852 -5600 5916 10116 32767 END
START -12192 -26116 -12060 3405 10824 32767 END
START -15184 -32768 -10732 19561 16638 30228 END
START -13724 -32768 -3884 22159 18756 24987 END
START -11344 -32768 -1308 9544 19651 20433 END