START 872 -15076 -11280 8582 6070 5154 END
START 1220 -18588 -13116 876 9993 6045 END
START 1744 -21936 -15684 -4261 16342 4064 END
START 1012 -22404 -15800 -7084 19917 3550 END
START -976 -26516 -12896 -4898 25114 5530 END
START -3780 -31344 -5164 8839 31345 4754 END
START -5156 -31700 5548 14069 30957 735 END
START -4936 -32368 14952 4787 24782 -5532 END
START -5716 -31676 16964 -7123 14753 -12045 END
START -4516 -27692 14420 -9022 7155 -17019 END
START -2652 -21568 10828 -8480 3631 -16154 END
START -1292 -18960 8464 -7497 3102 -13599 END
START -1256 -18096 8184 -2737 1059 -14180 END
START -1168 -17672 7268 1042 -2158 -14336 END
START -400 -15156 6216 163 -2713 -14369 END
START 896 -15052 5768 -2051 -3236 -14534 END
START 712 -13752 6472 -514 -4030 -15839 END
START 1028 -11436 6572 -856 -6356 -14137 END
START 1456 -11980 5040 -3555 -7802 -12146 END
START 1896 -12560 4208 -1941 -8050 -12976 END
START 2196 -10436 3576 -201 -7896 -12948 END
START 2140 -8044 3636 -1741 -8596 -11799 END
START 2920 -7316 2652 -4292 -9985 -9463 END
START 2828 -6868 1596 -1800 -9804 -9063 END
START 3056 -4852 1436 1276 -9667 -8493 END
START 3052 -2828 1064 179 -10094 -5554 END
START 2484 -3480 696 -709 -10858 -2626 END
START 2480 -4288 -404 1967 -11477 -514 END
START 2328 -4196 -788 4624 -10836 806 END
START 2616 -3272 -788 3058 -10062 2793 END
START 2444 -4152 -1584 1366 -10519 5943 END
START 2728 -5616 -3648 4275 -10547 8826 END
START 2448 -7500 -5776 8458 -7847 10843 END
START 2936 -8104 -6800 7937 -5074 12093 END
START 2936 -9572 -7780 4267 -3692 13495 END
START 2068 -11356 -9364 5852 -57 14829 END
START 928 -12060 -7796 10247 5112 15952 END
START -864 -13868 -6128 11211 6639 16769 END
START -1476 -15224 -4868 10500 7127 18128 END
START -2316 -15324 -6200 6830 9525 18744 END
START -3616 -15932 -8748 906 13914 22548 END
START -3488 -20860 -11644 1971 16617 26988 END
START -4248 -20040 -13484 4284 20471 27127 END
START -5880 -17364 -10932 -4763 24006 25123 END
START -7448 -17840 -7776 -13007 21948 26343 END
START -9488 -23952 -8432 -3142 17723 32502 END
START -17608 -32768 -4492 19846 25021 32017 END
START -18028 -32768 7260 7546 32767 16257 END