START 136 -18820 -9132 -2616 12059 9519 END
START -444 -23268 -9376 2733 14932 11611 END
START -4052 -28540 -7712 4176 21356 9061 END
START -5824 -32768 -56 3068 22121 1719 END
START -5416 -32768 5008 -703 18399 -6461 END
START -5876 -32768 6312 -8443 15057 -9961 END
START -7248 -32768 7264 -9887 11264 -11562 END
START -6316 -29904 7620 -4244 13154 -17015 END
START -5132 -26508 8672 -6205 10364 -19503 END
START -4412 -23584 8420 -7930 6680 -21329 END
START -4424 -21460 8684 -5775 3133 -21784 END
START -4060 -18484 9492 -5080 2548 -22297 END
START -3244 -16204 9868 -6738 1149 -22530 END
START -2100 -14072 9544 -6876 -904 -22642 END
START -1332 -11680 8464 -5861 -3846 -21212 END
START 16 -9584 7248 -3575 -5858 -19940 END
START 840 -7276 6352 -3361 -6921 -18685 END
START 452 -5516 5584 -4887 -8474 -16607 END
START 1508 -4260 4220 -4417 -10482 -14298 END
START 2128 -3556 2792 -3646 -11783 -12202 END
START 2616 -1996 1776 -1502 -11766 -9968 END
START 2940 -1188 572 -1939 -11155 -7299 END
START 2580 -932 -160 -1376 -11020 -5188 END
START 2384 -700 -1044 -22 -12902 -2403 END
START 2320 -496 -2984 4318 -12561 566 END
START 2652 -300 -3232 4568 -11145 4659 END
START 2512 -2268 -4136 3999 -10370 7930 END
START 2052 -4412 -4876 7219 -9717 10184 END
START 2156 -4876 -6732 8005 -9226 13244 END
START 680 -7672 -8832 5952 -6624 15769 END
START -668 -10832 -9116 9599 -4441 17393 END
START -864 -9988 -7980 14626 -324 18528 END
START -2676 -8032 -4792 11142 2424 20732 END
START -4876 -9492 -4728 6271 1411 25184 END
START -7472 -13068 -6172 11893 2817 28953 END
START -8936 -13316 -6408 15504 6151 29767 END
START -10488 -11076 -6976 8040 10275 31578 END
START -10784 -14344 -10812 -3295 11891 32767 END
START -10800 -21768 -19728 -5095 16034 32767 END
START -14572 -30756 -20712 4670 25963 32767 END
START -15812 -32768 -13044 15116 32767 28634 END
START -16664 -32768 -4140 13643 32767 18998 END