START 3976 -26508 -9212 8238 16808 8480 END
START 3692 -29792 -4288 2140 15882 7471 END
START 3940 -32768 -1384 -2448 12052 2845 END
START 1240 -32768 1552 -6744 11336 -4481 END
START -780 -32768 5336 -9740 11170 -11895 END
START -1396 -31800 8212 -10172 8889 -15204 END
START -1452 -27088 9196 -8325 5757 -14440 END
START -2312 -23676 8116 -6226 2640 -13067 END
START -3460 -21492 6692 -5866 4657 -17115 END
START -3040 -18900 8408 -9460 4154 -19277 END
START -2184 -17336 7452 -9348 1116 -17807 END
START -968 -15016 7360 -5204 -2399 -15632 END
START -392 -12308 6008 -2457 -4551 -13520 END
START -132 -10872 5152 -3381 -4070 -12960 END
START 480 -10300 4912 -5612 -4892 -12838 END
START 1740 -9920 3820 -4613 -6311 -12389 END
START 1704 -9996 1744 -2455 -5875 -11911 END
START 2208 -8056 1240 -2582 -5451 -10665 END
START 2660 -8160 1692 -3950 -5946 -8860 END
START 3496 -8248 932 -3352 -6758 -8509 END
START 3944 -7668 -876 -3322 -6952 -7957 END
START 4100 -7264 -1676 -2790 -6516 -7610 END
START 4464 -5752 -1232 -1862 -7096 -6704 END
START 4488 -4280 -1560 67 -7724 -4277 END
START 5080 -4304 -2532 -772 -7310 -1843 END
START 5132 -4720 -3196 -430 -7127 -661 END
START 4564 -4488 -3760 1421 -7596 1524 END
START 5108 -4656 -4160 2674 -6243 3252 END
START 4904 -4740 -3344 3082 -5598 5736 END
START 4568 -6008 -3076 4111 -6882 7698 END
START 4016 -7524 -4840 5750 -6924 9440 END
START 3316 -9388 -6016 4545 -5345 11080 END
START 2816 -10836 -5340 6697 -2818 11249 END
START 2568 -10832 -3724 7256 -1333 11251 END
START 2348 -10976 -3540 6762 -1724 12764 END
START 1872 -12516 -5272 6660 -1243 14928 END
START 1348 -13720 -6372 7515 3470 15403 END
START -284 -11832 -4052 6972 8230 13967 END
START -2096 -10264 -956 6104 7574 15345 END
START -2932 -10944 -1956 6880 4783 23271 END
START -3824 -16796 -5168 9123 6548 27642 END
START -5916 -16352 -5636 11629 14169 24144 END
START -6776 -13868 -5232 2309 17304 22268 END
START -6544 -15236 -7148 -6389 18210 25100 END
START -6280 -22060 -7720 2730 18739 29240 END
START -9116 -24324 -6620 13397 22698 31181 END