START -1360 -10004 -9320 -174 7553 8398 END
START -2284 -9704 -11052 -2279 11393 11431 END
START -4916 -12456 -11128 -1038 16303 13592 END
START -7680 -18812 -9280 4058 19595 14510 END
START -7096 -24880 -7228 9674 21653 12544 END
START -5984 -27708 -4844 6401 22127 10017 END
START -5284 -31116 -1636 1399 21417 7015 END
START -3952 -31832 1468 -2286 19228 3058 END
START -3468 -31956 3068 -6618 16986 -915 END
START -2692 -31368 5112 -4218 16469 -4649 END
START -1468 -27476 7412 -2660 13719 -8284 END
START 184 -24868 8056 -5046 10000 -10895 END
START 344 -22620 7712 -7732 7326 -12630 END
START 356 -19836 6664 -9713 5411 -14068 END
START 840 -17804 5740 -9488 3735 -14921 END
START 364 -17128 5244 -7439 2425 -14831 END
START 392 -15356 5972 -2676 854 -14799 END
START 776 -13284 4824 -1197 -416 -15301 END
START 900 -12276 3952 -3686 -1292 -15189 END
START 856 -12176 3216 -3642 -1252 -15139 END
START 808 -10604 3652 47 -2983 -14779 END
START 1040 -8220 3028 3504 -5098 -12448 END
START 1048 -7732 2856 3185 -6389 -11162 END
START 992 -7572 2804 3023 -7668 -9335 END
START 1200 -5916 2928 4122 -9980 -7517 END
START 1660 -4892 1804 5460 -12518 -4145 END
START 1764 -5128 608 5596 -13986 -543 END
START 1480 -5480 -1852 4151 -14889 2577 END
START 892 -6664 -3792 5229 -13200 4652 END
START 344 -7228 -3964 8071 -12314 7613 END
START -220 -8280 -4640 9416 -12156 10603 END
START -1096 -10388 -6300 9214 -10433 12753 END
START -916 -11760 -7972 7981 -6827 14085 END
START -1580 -12740 -8540 7100 -4884 15474 END
START -2272 -13572 -8484 9528 -2821 16711 END
START -3168 -15124 -8504 11919 182 18833 END
START -3492 -17000 -10524 8826 4616 19433 END
START -4476 -19376 -12708 1904 8289 18149 END
START -5496 -20112 -14312 -4199 12127 16285 END
START -7056 -20872 -15240 -8127 14735 18326 END
START -8156 -23316 -13384 2698 19917 18907 END
START -8244 -23464 -10112 9218 23610 18111 END
START -7996 -23236 -7316 16 24343 16251 END
START -9236 -27484 -4992 -12142 24267 14708 END
START -10688 -32768 -224 -1812 27905 10592 END
START -8864 -30700 5420 9485 25149 5547 END
START -7740 -27976 8068 4777 21090 -106 END
START -6404 -26076 10272 -6106 17140 -5311 END
START -5164 -21136 10036 -9638 12125 -9470 END