START 2528 -30324 -10976 12517 7855 12415 END
START 1820 -32768 -7264 7454 11083 7000 END
START 700 -32768 -3292 -1517 10385 324 END
START 520 -32768 -1752 -8286 9539 -4930 END
START -8 -32768 252 -8215 8185 -9129 END
START -556 -29292 2784 -5949 7144 -12445 END
START -1044 -23204 4708 -7456 5674 -14067 END
START -96 -19816 4100 -9496 4682 -15055 END
START -124 -16032 3812 -8710 4104 -15135 END
START 260 -12284 4176 -7876 2332 -14040 END
START 852 -10508 2636 -8424 1645 -12593 END
START 804 -8780 1028 -8502 2510 -11324 END
START 948 -7540 364 -8171 3033 -10165 END
START 1044 -6220 744 -5218 1703 -9065 END
START 1908 -3912 -720 -1959 724 -6052 END
START 2376 -4280 -2372 -4444 3667 -3960 END
START 1272 -5096 -3276 -5333 4611 -3179 END
START 2048 -4312 -3216 2413 3040 -719 END
START 3404 -3852 -4884 3850 4865 2002 END
START 2928 -3836 -3464 2407 7547 3291 END
START 2096 -3784 -1000 2571 6764 5888 END
START 1712 -5028 380 3538 4479 9971 END
START 1264 -6232 204 6598 4349 13176 END
START 0 -7812 1364 6688 3582 14833 END
START -2016 -8088 2612 8326 2148 16803 END
START -2536 -10172 4360 8276 1990 18412 END
START -2904 -13096 6960 8518 150 20467 END
START -2436 -18816 5832 8589 -2294 22046 END
START -352 -24332 2812 8629 -2934 20730 END
START 732 -28304 2336 7616 -1549 17947 END
START 840 -32768 2860 6344 -2536 14502 END
START 1668 -32768 2188 3732 -4482 11302 END
START 2332 -32768 -1460 -927 -5536 7526 END
START 2016 -32768 -4040 -3382 -3354 1533 END
START 1264 -32768 -4204 -4856 -2331 -4024 END
START 304 -32768 -3520 -5542 -1709 -8824 END
START -376 -29000 -3132 -7082 -1092 -12127 END
START -228 -24344 -2912 -7781 293 -13861 END
START -496 -20616 -2728 -8370 1852 -14644 END
START -572 -17892 -2620 -7810 2090 -15032 END
START -176 -15560 -2820 -7990 2359 -14564 END
START -48 -14016 -3804 -7678 4273 -13941 END
START -312 -11612 -3124 -7874 5642 -13035 END
START -60 -10092 -2580 -6758 5696 -11307 END
START 244 -9136 -2888 -5331 5562 -9092 END
START 668 -8524 -3364 -5181 7259 -7327 END
START 48 -7476 -2924 -3864 8559 -5864 END
START -164 -6004 -972 -3452 8099 -3651 END
START 128 -6316 -512 -2123 7743 -1234 END
START 264 -6028 -524 -1240 6885 1040 END
START -92 -5580 -1120 482 7126 2823 END
START 352 -4208 -8 940 6887 5188 END
START 596 -3744 2352 550 6315 8122 END
START -304 -4280 4344 450 4190 10984 END
START -296 -5576 4576 629 895 13769 END
START -896 -7828 2416 1431 -1029 17004 END
START -1956 -10580 1948 4181 -1111 19115 END
START -3116 -13044 3976 5061 -635 19969 END
START -3888 -18732 4460 4514 -2480 20221 END
START -3272 -24140 3852 5002 -4524 19276 END
START -2496 -29028 2424 4148 -5986 16794 END
START -2032 -32768 544 3968 -5994 12778 END
START -924 -32768 -424 2455 -6559 8224 END
START 596 -32768 -2640 537 -7403 3347 END
START 1004 -32768 -6296 -1589 -6653 -1819 END
START 752 -32768 -7884 -4824 -3661 -7677 END
START -520 -32768 -6632 -5287 -1966 -12669 END
START -1080 -28760 -5004 -4760 -1646 -15647 END
START -1800 -25236 -5108 -5969 -1572 -17355 END
START -2504 -22348 -6496 -6747 -143 -19113 END
START -2200 -18540 -6760 -6547 2889 -20079 END
START -2068 -14260 -5848 -6372 5274 -19860 END
START -1380 -10944 -4944 -6469 7095 -18544 END
START -12 -7520 -3192 -6887 8637 -16010 END
START -264 -5420 -1712 -5728 8433 -12904 END
START 76 -4044 -1360 -3315 7718 -9732 END
START 540 -2924 -1128 -2346 8439 -6223 END
START 392 -1468 -32 -2069 8880 -3072 END
START -384 -1756 420 -1306 8542 72 END
START -456 -652 444 452 8262 3467 END
START -880 -496 680 781 8424 6534 END
START -1300 -712 2328 1563 7843 9722 END
START -1004 -576 3236 3982 6071 14079 END
START -1556 -1296 3104 4578 5287 17951 END
START -2664 -3228 4076 4157 3641 21483 END
START -3492 -7664 1936 3519 2187 25346 END
START -4416 -13788 1296 3192 3082 26296 END
START -6568 -22916 2164 5799 1834 25640 END
START -6732 -32768 2096 11169 -242 21851 END