START 4084 -18748 -2928 2802 -3481 2716 END
START 5364 -23288 -5628 1179 -2244 1660 END
START 4748 -26208 -7772 -2843 -312 -811 END
START 3272 -27540 -9128 -3166 1077 -3658 END
START 2332 -24684 -10072 -3482 3916 -6752 END
START 1392 -22012 -8644 -6039 6753 -9071 END
START 20 -18784 -6740 -6094 8422 -10021 END
START -428 -16472 -5400 -4762 8832 -9044 END
START 28 -12964 -3904 -4820 9670 -9445 END
START -244 -9580 -1920 -6240 10224 -8427 END
START 532 -5944 -72 -4870 9455 -6268 END
START 1264 -3360 840 -2754 8772 -3333 END
START 1624 -1780 2312 -2678 7446 -213 END
START 2100 -1464 2896 -3067 6815 3136 END
START 1928 -1688 4140 -630 5794 6605 END
START 1428 -2556 4872 1537 3916 10683 END
START 636 -5380 5332 4104 1317 13199 END
START 672 -7716 3456 6477 -1 15403 END
START 368 -9140 2028 7392 1600 17023 END
START 48 -11384 3392 7177 1895 17836 END
START 116 -14124 3624 7874 810 19351 END
START -932 -16640 4336 8471 471 20009 END
START -1848 -19548 4656 8497 -355 20292 END
START -2456 -24728 3692 8515 -1648 19489 END
START -2856 -29180 3736 9276 -2406 17410 END
START -2420 -32768 3500 8408 -3469 14174 END
START -832 -32768 1316 4484 -3999 9929 END
START -188 -32768 -1052 1695 -4613 4717 END
START 60 -32768 -3080 969 -5115 -1474 END
START -132 -32768 -5452 -2616 -3080 -7469 END
START -1068 -32768 -4172 -5335 -899 -12782 END
START -1892 -29920 -1512 -5346 -439 -16096 END
START -2108 -25140 8 -7296 -655 -17907 END
START -1640 -21512 -1228 -9737 392 -18505 END
START -2228 -18572 -1536 -10125 1813 -18960 END
START -2344 -15428 -1280 -8732 2387 -18993 END
START -2104 -12324 -1192 -8176 3603 -17857 END
START -1764 -9008 -728 -8905 4792 -16499 END
START -1256 -6620 380 -7739 4598 -14293 END
START -724 -4176 188 -5257 4049 -11159 END
START 44 -2740 288 -5711 4111 -7674 END
START -20 -1896 -212 -6970 4934 -4711 END
START -824 -1812 -460 -3271 4818 -1274 END
START -864 -1944 872 432 4158 1747 END
START -924 -1972 1516 1676 4338 4736 END
START -584 -2176 1416 993 4188 7617 END
START -380 -3684 1424 2690 3452 10603 END
START -676 -5244 1392 6882 2532 13456 END
START -316 -6336 1912 8249 2944 15978 END
START -292 -8704 1868 6104 3896 18373 END
START -428 -13220 1972 5728 3608 20135 END
START -976 -17168 3724 9123 3031 20688 END
START -1412 -21936 4804 8158 2196 19874 END
START -848 -26272 3780 6717 2384 18406 END
START 36 -30736 5980 6722 1621 16223 END
START -384 -32768 6808 7791 -2046 13227 END
START 548 -32768 3464 4693 -3528 7650 END
START 1008 -32768 1040 -1299 -3555 945 END
START 384 -32768 -1816 -3888 -3820 -5580 END
START -380 -32768 -3456 -4744 -3158 -11367 END
START -900 -30572 -3712 -7919 -592 -14986 END
START -1800 -26340 -1880 -7291 317 -17324 END
START -1924 -21968 -900 -6471 -485 -18024 END
START -2216 -19468 -1156 -8432 819 -18398 END
START -2140 -16220 -600 -8716 2029 -18410 END
START -2264 -13576 -360 -7726 2460 -17959 END
START -1584 -10704 -800 -6385 2568 -16126 END
START -1056 -8528 -896 -6516 4001 -14452 END
START -804 -6832 -1572 -7268 4744 -12455 END
START -392 -5484 -1916 -5309 5337 -9909 END
START 28 -3856 -1340 -2838 5760 -7142 END
START 816 -3304 -1592 -2067 5560 -4206 END
START 1180 -3868 -3136 -650 6793 -1826 END
START 1752 -2972 -2212 1704 9075 477 END
START 1164 -3140 12 2436 9414 3133 END
START 1368 -2732 1272 2643 8811 6477 END
START 1076 -3768 964 2292 8569 10166 END
START 276 -4860 1592 3770 8891 12738 END
START -148 -4836 3140 2519 7909 15400 END
START -840 -6028 1760 2929 7094 18326 END
START -2316 -7716 1784 2615 7720 21261 END
START -5468 -12668 4128 5337 7110 23268 END
START -7120 -16860 7756 6210 5157 23635 END
START -7456 -22280 6956 2606 3889 22313 END
START -5148 -25108 8264 1084 2930 20578 END
START -2952 -31868 8648 2882 -561 18425 END
START -1136 -32768 6840 4752 -2509 14213 END
START 960 -32768 6364 1238 -3133 7960 END
START 1388 -32768 7084 -1149 -4267 830 END
START -1680 -32768 9308 -1033 -7557 -6836 END
START -2756 -32768 10764 -2523 -11878 -12784 END