START 728 -10668 -10820 3503 6034 7916 END
START 772 -14776 -11140 3431 7936 10299 END
START 1588 -20468 -10196 4300 8815 11991 END
START 2336 -25572 -8272 5268 7306 12420 END
START 844 -29512 -7208 5876 8986 10238 END
START -592 -31656 -3736 983 11707 5556 END
START -2316 -32712 -300 -2524 11520 20 END
START -3176 -31284 2248 -827 8145 -3780 END
START -2628 -26836 4124 992 4658 -6547 END
START -2344 -22396 3344 -2066 5067 -8985 END
START -1440 -19884 2796 -6988 4935 -10682 END
START -708 -17576 1748 -6522 2252 -10798 END
START 64 -14940 856 -4646 -692 -10128 END
START 416 -13364 -616 -2849 -2599 -8597 END
START 900 -12116 -2448 -3301 984 -8506 END
START 36 -10576 -1524 -3894 3151 -9108 END
START -76 -9036 -444 -3672 1424 -8561 END
START 68 -7188 28 -3210 403 -6442 END
START 588 -5824 64 -3008 832 -4247 END
START -540 -5188 1196 -3116 -110 -2950 END
START -72 -3656 292 -1323 -2031 -838 END
START 76 -3148 -188 -241 -2553 1355 END
START 208 -3536 -432 583 -2588 3578 END
START 52 -3684 -1556 1588 -2217 5228 END
START -388 -3932 -2056 2129 -2537 7571 END
START -1240 -5184 -1528 2802 -1446 9907 END
START -2328 -4736 -696 4298 -1230 12034 END
START -2468 -5104 924 6095 -2899 15380 END
START -3716 -5888 1040 7234 -3535 19586 END
START -5044 -10076 1652 4793 -4417 23506 END
START -5244 -18520 -1264 3982 -5930 24955 END
START -3984 -23540 -5076 8556 -3986 25390 END
START -4796 -26624 -6616 6386 -684 23117 END
START -5020 -30260 -5384 3794 1596 19368 END
START -6784 -32768 -3540 3382 222 16517 END
START -6796 -32768 -4968 5014 -1373 12658 END
START -7064 -32768 -5596 1957 -356 5887 END
START -7764 -32768 -4908 -100 -172 -1704 END
START -6644 -32768 -5148 -1482 -1557 -8449 END
START -5308 -32768 -6688 -2830 -1213 -13282 END
START -5664 -30488 -5292 -3993 363 -16698 END
START -5968 -26788 -3772 -3697 280 -18913 END
START -5740 -22668 -3860 -6243 432 -20483 END
START -5844 -19928 -3788 -7455 1234 -21019 END
START -5836 -17500 -4168 -5867 2082 -20649 END
START -5344 -14696 -4728 -7103 2282 -19981 END
START -4136 -12648 -6264 -8365 4652 -19403 END
START -3328 -10168 -6244 -8255 7607 -18097 END
START -3364 -7804 -5764 -6421 8449 -15481 END
START -2572 -5076 -4944 -4382 9611 -12729 END
START -1648 -3624 -3604 -5142 9953 -9962 END
START -1916 -2200 -2048 -3203 10350 -6606 END
START -1292 -1060 -352 -1785 9015 -3287 END
START -1220 -672 168 -294 7770 101 END
START -1608 -296 1276 -161 7414 3140 END
START -1852 168 3152 -573 6736 6545 END
START -2472 -896 3872 -525 3102 9747 END
START -2012 -2116 3684 352 774 13298 END
START -2376 -3092 3040 542 -465 16461 END
START -3612 -4736 3676 157 -1884 19305 END
START -4820 -8092 3636 -722 -4275 21863 END
START -5632 -13172 2232 969 -6994 24285 END
START -4676 -19712 -1992 4386 -8820 25589 END
START -3680 -26372 -5960 3522 -7208 23807 END
START -3788 -32768 -8164 740 -5826 19595 END
START -3020 -32768 -11364 195 -4388 14038 END
START -2992 -32768 -12824 1167 -1167 6994 END
START -3928 -32768 -10844 809 250 611 END
START -4964 -32768 -9136 899 449 -5864 END
START -4984 -32768 -7052 -2096 866 -11316 END
START -5100 -28696 -5692 -3539 2480 -14454 END
START -5168 -24008 -5308 -3576 2981 -16192 END
START -4684 -20124 -5332 -2491 3104 -17027 END
START -4248 -17164 -5220 -2791 3649 -17982 END
START -3548 -14392 -5264 -1909 4584 -17896 END
START -3488 -11988 -5020 -2038 5410 -17008 END
START -2724 -10636 -5216 -2137 5978 -16048 END
START -2240 -8812 -5348 -1139 6994 -14587 END
START -1504 -7232 -5300 -1981 7910 -12840 END
START -876 -6184 -4936 -1930 8727 -10759 END
START -400 -5152 -5016 -25 8268 -8243 END
START 52 -3764 -4660 1490 8840 -5840 END
START -216 -1536 -3424 1845 9685 -2526 END
START 28 -632 -2280 1979 10389 612 END
START -100 1064 -820 1949 10823 4314 END
START -496 2524 792 668 10194 8051 END
START -1052 2452 1708 561 9023 12660 END
START -2412 2428 1792 504 7519 17785 END
START -3596 -1388 2880 1633 7241 21911 END