START -384 -19280 -7420 10386 10085 8495 END
START -336 -23244 -3980 8031 10571 8221 END
START 904 -26308 -3092 1642 10742 5612 END
START 924 -30432 -1772 -4709 11724 3240 END
START -2536 -32768 1676 205 11251 -22 END
START -5372 -32768 7596 8225 8214 -3312 END
START -4900 -29904 11804 4606 4131 -7186 END
START -4196 -26132 12416 -4988 2622 -11795 END
START -2320 -21512 9720 -9855 1736 -14391 END
START -1672 -17124 7468 -10918 1590 -15104 END
START -812 -13960 5592 -7399 -123 -14188 END
START 28 -11608 4380 -4613 -1951 -13284 END
START 168 -8944 3668 -3344 -3659 -12287 END
START 432 -8164 2296 -3293 -3329 -10855 END
START 600 -5604 2320 -4167 -2520 -8794 END
START 940 -4896 1512 -7631 -2582 -6914 END
START 1040 -4956 884 -6650 -4206 -5043 END
START 1724 -4172 -1616 -1556 -4199 -2746 END
START 2288 -2972 -2516 -401 -2085 -800 END
START 2504 -1484 -3096 -1208 818 2068 END
START 2844 -1984 -2812 -2461 1566 4814 END
START 2576 -1428 -2768 713 1747 8518 END
START 532 -1468 -1048 3245 1946 11948 END
START -828 -2520 700 4952 231 16435 END
START -1796 -6332 1580 7862 270 19955 END
START -3248 -9604 2304 5593 1106 21895 END
START -4988 -14068 2000 2875 845 22415 END
START -6108 -19820 928 4603 763 22149 END
START -5256 -22672 2116 6729 618 21291 END
START -4852 -27792 2900 5026 -826 20256 END
START -4996 -32768 1368 1714 -2020 17392 END
START -3636 -32768 -2344 2914 -1940 12032 END
START -2592 -32768 -2640 2550 -581 5792 END
START -3788 -32768 -1100 -205 -386 -1607 END
START -4188 -32768 -1484 -3118 -844 -7849 END
START -4520 -32768 -2480 -4866 751 -12916 END
START -4620 -29056 -1960 -5603 2230 -16189 END
START -4644 -24404 -1616 -5225 2428 -18123 END
START -4344 -19900 -1876 -3329 1945 -18524 END
START -3484 -15400 -2156 -6014 3262 -18002 END
START -3292 -13004 -2740 -7571 4909 -17622 END
START -2688 -11436 -3928 -7367 5531 -16213 END
START -1880 -8532 -4664 -3083 6980 -14068 END
START -1480 -5412 -3660 -2915 8739 -11398 END
START -1148 -3896 -1684 -4188 9100 -9001 END
START -680 -4008 -1300 -2558 8671 -5939 END
START -1244 -3084 224 757 7715 -2785 END
START -1440 -2132 2092 -103 6143 342 END
START -2240 -1532 3520 -1658 5931 3022 END
START -2608 -2076 4188 -3026 5219 5668 END
START -3132 -2760 4668 -2125 2546 8359 END
START -1968 -3564 3168 -258 481 11468 END
START -2316 -5068 2452 936 492 13924 END
START -3012 -6344 3324 2707 -119 16037 END
START -3720 -9664 4268 2939 -2221 18381 END
START -3316 -15656 2984 4205 -4264 20070 END
START -2696 -22372 -848 4760 -4312 19949 END
START -2548 -27276 -1020 5356 -1214 17335 END
START -2244 -32768 -212 4376 -1516 13989 END
START -2508 -32768 -416 3983 -1905 10153 END
START -2592 -32768 -420 1926 -1975 5509 END
START -2924 -32768 -1264 -377 -1778 1090 END
START -3424 -32768 -1972 -1470 -1293 -4472 END
START -4548 -32768 -1408 -1835 -1558 -10497 END
START -5108 -30500 -1136 -3109 -1405 -14972 END
START -4420 -24488 -2260 -5670 -1038 -17111 END
START -3588 -20944 -3968 -4583 -704 -17578 END
START -2204 -16936 -6092 -2862 1880 -17716 END
START -1748 -13500 -5320 -2780 3633 -16921 END
START -1352 -11400 -4476 -3960 4853 -15789 END
START -1164 -9860 -3896 -4573 6306 -14148 END
START -1436 -8228 -4240 -2732 7174 -12004 END
START -1116 -7288 -5060 -903 7989 -9774 END
START -1192 -5704 -4336 -1168 9776 -7933 END
START -944 -4424 -2676 27 11399 -5820 END
START -516 -2908 -872 201 11230 -3415 END
START -636 -2216 68 -496 9869 33 END
START -552 -1700 -100 -139 9632 3503 END
START -1120 -884 1104 351 10252 6946 END
START -1848 -516 2436 -2090 8791 9940 END
START -1468 -1464 1344 -4043 6772 14249 END
START -2912 -3532 712 -4713 5671 18301 END
START -4648 -6200 2292 -896 4180 22153 END
START -6892 -8428 4424 -848 1802 25859 END
START -7672 -13816 4444 -3586 -1989 27895 END
START -8536 -19508 2440 -2817 -5887 28097 END
START -8448 -24140 2796 693 -7036 25676 END