START -1068 -21312 -6888 8050 10219 9630 END
START -108 -25420 -7360 2760 13075 8040 END
START 1508 -27940 -7520 -1998 15568 6997 END
START 368 -31620 -4588 -2017 17151 5074 END
START -5040 -32768 3376 4931 14690 2478 END
START -8176 -32768 11488 2308 11638 -3191 END
START -8740 -32768 15668 -3215 7603 -8971 END
START -6296 -28932 15288 -3863 4287 -12501 END
START -4000 -23964 12492 -5364 1285 -15438 END
START -2752 -18204 9464 -5822 -875 -16399 END
START -1112 -15312 5908 -8306 -562 -16708 END
START -1020 -13124 4876 -7264 -1379 -16268 END
START -108 -9652 3296 -4525 -3183 -15074 END
START 1024 -6272 1504 -6026 -2192 -13417 END
START 1008 -4912 1424 -6694 -1244 -11346 END
START 1112 -4044 1808 -3434 -2015 -8692 END
START 476 -2264 1756 -1654 -2628 -6218 END
START 1264 -2208 464 -3002 -2671 -4114 END
START 2080 -1644 -956 -4230 -595 -2305 END
START 2028 -1452 -148 -4251 -348 111 END
START 1096 -2340 52 967 -2734 4195 END
START 740 -2812 -556 2338 -2577 6050 END
START 584 -3004 16 429 -2014 8721 END
START -280 -3876 -1328 28 -1030 11648 END
START -1228 -4828 -1088 1431 -109 14087 END
START -1452 -3896 440 2486 352 18167 END
START -2836 -7232 1352 2284 51 22405 END
START -4840 -12804 648 1852 -544 24571 END
START -5668 -20140 -1756 5317 -40 25152 END
START -5588 -25152 -1920 7558 1641 23764 END
START -4844 -29500 -464 6727 2916 20586 END
START -3592 -32768 76 3463 3501 16956 END
START -3660 -32768 572 6058 1840 13949 END
START -3436 -32768 420 6956 324 9445 END
START -3400 -32768 -112 -1180 763 3284 END
START -5144 -32768 -960 -4918 1078 -3418 END
START -6220 -32768 -868 -1378 -86 -9462 END
START -5784 -32768 228 -2076 -337 -14445 END
START -4540 -27588 1164 -6120 33 -17115 END
START -4228 -25044 -256 -6117 -226 -18342 END
START -3944 -20760 -64 -2972 -1045 -19098 END
START -4292 -17572 -1568 -4597 -76 -19070 END
START -4312 -15944 -3184 -5338 2602 -19797 END
START -4176 -12968 -3200 -5847 4179 -19715 END
START -3048 -9584 -3604 -5449 4658 -18073 END
START -1376 -7360 -4064 -5847 6310 -16341 END
START -556 -5268 -4636 -6753 8769 -14364 END
START -20 -4096 -5204 -4632 10171 -11242 END
START -128 -2372 -2852 -700 10944 -8030 END
START -184 -788 -616 -1389 10574 -4284 END
START -556 -108 1304 -3633 9563 -672 END
START -1112 -1000 1916 -1610 7513 3292 END
START -1432 -384 2640 1415 5656 6983 END
START -1796 -572 2664 574 4815 10292 END
START -2820 -1512 3512 -1412 3946 13005 END
START -3756 -2964 4220 -1843 2276 15745 END
START -4056 -4412 4908 1675 -329 19322 END
START -4288 -7072 3024 3432 -2455 22827 END
START -4792 -12348 300 3760 -1562 24477 END
START -4596 -15764 1612 4900 778 24698 END
START -4768 -21168 5660 4268 -415 24887 END
START -4440 -30504 3824 2469 -4196 23697 END
START -5016 -32768 -1764 2485 -2964 19719 END
START -5464 -32768 -568 2422 784 12100 END
START -5360 -32768 2816 3365 -1349 5283 END
START -4264 -32768 1156 190 -3113 -1647 END
START -3876 -32768 -1356 -3477 -2841 -7944 END
START -4796 -32768 -1540 -2733 -1611 -13592 END
START -5304 -31112 -416 -2558 -2415 -17453 END
START -5268 -25764 -804 -4179 -2518 -19954 END
START -4828 -21192 -1556 -4172 -2294 -21002 END
START -4288 -17196 -3088 -4019 -1405 -20680 END
START -2988 -14348 -4372 -3632 -269 -20354 END
START -2392 -11132 -4704 -4592 1891 -19063 END
START -1816 -9360 -4888 -5299 3659 -16396 END
START -944 -8204 -5120 -4814 4767 -13934 END
START -696 -7528 -4204 -5754 6110 -11982 END
START -184 -5924 -3644 -3707 6341 -8995 END
START -156 -4964 -3852 -2926 7296 -6631 END
START -668 -4812 -3184 -3853 8825 -4615 END
START -864 -3892 -2332 -1695 9436 -2435 END
START -704 -2664 -1552 -2011 9096 123 END
START -996 -816 136 -1733 9068 2933 END
START -1140 160 1964 -2719 8202 6481 END
START -1804 -352 3068 -2691 6310 10520 END
START -1736 -1116 2360 -3981 5052 13874 END
START -2432 -1860 1732 -4505 4470 17508 END
START -3540 -4140 1404 -2915 3155 22270 END