START 760 -12216 -7604 3535 3199 14932 END
START 736 -18060 -7236 5526 5230 14322 END
START 2280 -24348 -6596 5985 5970 12697 END
START 1296 -28616 -3856 4442 5808 11404 END
START -764 -32768 -2240 345 4597 8333 END
START -2800 -32768 -2308 -1152 7326 1591 END
START -4124 -32768 1564 -4018 8277 -5878 END
START -3400 -32768 2896 -1987 6569 -11390 END
START -1792 -26584 3456 -865 4481 -13896 END
START -560 -20768 2716 -3319 2790 -14327 END
START 360 -18228 1124 -3920 1679 -14057 END
START 492 -13156 204 -3082 2010 -14064 END
START 752 -10768 580 -5711 2508 -13522 END
START 956 -8396 1340 -5553 2088 -11716 END
START 1656 -7608 892 -3853 481 -9600 END
START 1984 -7112 -1192 -3278 182 -7548 END
START 1968 -5396 -1184 -5744 1149 -6595 END
START 1048 -4232 -656 -6144 1139 -4964 END
START 808 -4768 -1804 -2460 69 -2639 END
START 888 -3120 -2564 -703 1119 -753 END
START 1128 -2248 -1892 -1367 1169 1878 END
START 1236 -2816 -2060 -2133 1278 4336 END
START 1300 -3380 -3064 -87 587 6826 END
START 708 -3348 -4008 1593 904 9208 END
START -236 -3316 -3932 1542 2773 12066 END
START -2040 -4284 -928 1940 3976 14445 END
START -3492 -5404 788 1173 2041 17338 END
START -4132 -9972 -2112 1722 451 20456 END
START -6084 -14984 -2048 8023 2628 22004 END
START -5788 -16408 2236 10387 2801 22329 END
START -4308 -17860 5468 4501 816 23372 END
START -4608 -27588 3016 -829 -3986 23842 END
START -4916 -32768 68 3052 -3908 21177 END
START -3728 -32768 -904 1002 -4494 16025 END
START -3624 -32768 -2416 -1131 -6059 10683 END
START -3116 -32768 -7700 -987 -4747 2913 END
START -2480 -32768 -7304 -1635 -1415 -5676 END
START -3348 -32768 -5628 -1336 -356 -11254 END
START -3184 -30256 -4388 -2908 -322 -14412 END
START -2708 -25160 -3916 -3720 -30 -15752 END
START -2628 -22172 -4152 -4999 257 -16408 END
START -2640 -19916 -6236 -4836 1696 -16819 END
START -2528 -18200 -6528 -4029 3997 -17375 END
START -2468 -15392 -6824 -3811 5750 -17306 END
START -2560 -13328 -5552 -4445 7742 -17276 END
START -2952 -10868 -4196 -2382 8544 -15889 END
START -2572 -8540 -3184 -2260 8342 -13665 END
START -2064 -6832 -2636 -2205 7747 -11152 END
START -1264 -5524 -3036 -2450 7869 -8765 END
START -1472 -4600 -2320 -2391 7952 -6252 END
START -1512 -2396 -1296 -1237 8169 -3744 END
START -1136 -1392 148 -1491 7159 -951 END
START -908 -752 200 -2057 6750 1995 END
START -740 -1200 196 -1884 6644 4774 END
START -1404 -552 1656 -923 5016 7533 END
START -1372 -416 2756 -962 3001 12031 END
START -2076 -2892 3144 -626 1292 15713 END
START -3444 -5932 2752 -1327 -1277 18535 END
START -3908 -9944 304 -267 -2648 20582 END
START -4400 -12624 1532 294 -2945 22260 END
START -5284 -19068 1552 816 -5375 23379 END
START -4428 -25764 -2792 2091 -6729 22699 END
START -3880 -31224 -5256 1419 -4153 19700 END
START -4452 -32768 -4628 1905 -2292 15106 END
START -4132 -32768 -4800 1735 -3194 8840 END
START -2612 -32768 -7264 2660 -2665 2597 END
START -2692 -32768 -5360 1968 -1830 -3119 END
START -2500 -32768 -7136 -248 -1862 -8159 END
START -2600 -32768 -7408 -866 -368 -13030 END
START -3852 -29916 -6440 -1944 1564 -16761 END
START -4772 -25412 -5244 -7 1944 -18961 END
START -4036 -20316 -4848 -44 2645 -19604 END
START -3336 -16840 -4372 -2990 3486 -19605 END
START -3088 -14164 -4756 -2566 4295 -18609 END
START -2896 -11940 -4576 -2119 5178 -17665 END
START -2284 -9544 -4188 -472 5528 -16261 END
START -1884 -6988 -4060 -2139 6352 -14177 END
START -1036 -6612 -4628 -1540 6554 -12163 END
START -756 -4964 -4512 210 7720 -9886 END
START -220 -3328 -4124 655 8615 -8159 END
START -100 -1884 -3840 -380 9551 -5454 END
START 184 -1580 -3308 667 10197 -2223 END
START 716 -1060 -3148 2436 10564 665 END
START 336 88 -2148 1798 10898 3425 END
START 588 904 -1100 1000 11588 7324 END
START 456 2212 272 -1169 12587 12402 END
START 464 544 1996 -2096 12502 17506 END
START -644 -832 2628 -1277 12101 20967 END
START -2684 -3644 4012 -2956 11642 27198 END
START -6548 -8748 7136 -9084 7969 31517 END