START -2092 -13696 -10772 2325 16275 12491 END
START -2464 -18000 -7816 5588 14309 15122 END
START -4380 -25068 -7312 6662 16005 15182 END
START -6404 -32428 -2656 -466 16479 10611 END
START -7372 -32768 -240 -1708 12855 5707 END
START -7232 -32768 2404 2832 8377 1480 END
START -5792 -32768 3516 -77 9438 -5047 END
START -4720 -30628 4332 -3890 10127 -10368 END
START -3780 -25748 5500 -2461 7896 -13232 END
START -2256 -20772 5072 -1573 4866 -13613 END
START -1012 -17636 4328 -3929 5244 -14951 END
START -1336 -15328 3796 -4993 4296 -15248 END
START -1024 -12692 2948 -1614 2096 -14680 END
START 364 -10144 2128 -1532 422 -13422 END
START 1084 -8368 2260 -1215 -218 -12630 END
START 1456 -6520 2048 -1179 -1119 -11379 END
START 2020 -5168 1160 -1978 -1166 -8949 END
START 2356 -4340 920 -250 -1466 -7243 END
START 2144 -2788 1024 1184 -2539 -4702 END
START 2628 -2880 1260 930 -3695 -1757 END
START 2096 -3100 760 1346 -4844 508 END
START 1980 -3788 -700 537 -4999 2654 END
START 1600 -4196 -2408 307 -3868 4975 END
START 1000 -4032 -2432 3363 -3355 7370 END
START 112 -2908 -2024 6746 -1681 9525 END
START -992 -4080 -588 6428 -1799 12745 END
START -1908 -5584 -1000 7514 -2214 16478 END
START -2268 -7900 -2052 8485 -1244 19310 END
START -3032 -10204 -868 9175 73 21947 END
START -4340 -14564 884 7934 -973 24410 END
START -4868 -20332 164 8086 -1275 25498 END
START -6068 -27532 -608 6341 1578 23661 END
START -7624 -32768 524 4080 1524 19814 END
START -7784 -32768 1280 5273 191 14886 END
START -5652 -32768 -480 4850 -1279 9346 END
START -4708 -32768 -1524 1311 -485 3136 END
START -4328 -32768 -2784 -2067 165 -3114 END
START -4340 -32768 -3288 -1838 429 -8323 END
START -4172 -31376 -2080 -2582 839 -12152 END
START -4344 -27392 -1252 -5371 1429 -14267 END
START -4528 -24176 -1096 -5281 1801 -15589 END
START -4612 -21108 -1348 -6580 2366 -17243 END
START -4144 -17816 -1060 -6499 2892 -17242 END
START -3968 -15004 -1048 -7746 3242 -16769 END
START -3944 -13636 -1584 -6672 3958 -15115 END
START -3028 -11992 -2496 -6244 5096 -14700 END
START -2908 -9472 -2428 -5801 5817 -13119 END
START -2072 -7152 -2364 -4614 6830 -11386 END
START -1856 -4788 -1684 -2926 7831 -9358 END
START -1544 -3344 -408 -2417 7853 -7070 END
START -1240 -1636 284 -2066 7065 -4041 END
START -864 -1684 1188 -413 5678 -807 END
START -892 -364 1816 1046 4235 3115 END
START -868 -492 1828 756 4473 6252 END
START -828 -1004 3040 -972 3679 9435 END
START -1420 -2364 3372 -751 1717 12979 END
START -2164 -4384 3444 1656 -578 16547 END
START -2852 -6408 2784 1782 -1063 19466 END
START -4312 -10924 2596 810 -1224 21444 END
START -5512 -19140 832 3677 -2662 21872 END
START -5248 -23992 616 5437 -2999 20512 END
START -5588 -30024 672 1910 -2928 17785 END
START -5004 -32768 -3736 -1316 -4119 14091 END
START -3984 -32768 -6732 1135 -2609 7892 END
START -3216 -32768 -6972 2134 -825 1946 END
START -3776 -32768 -6024 450 276 -3861 END
START -3884 -32768 -5844 -2236 1737 -8671 END
START -4620 -31820 -4568 -2716 2584 -12628 END
START -5064 -26532 -2796 -2188 2702 -15714 END
START -4932 -22404 -1892 -3128 2961 -17684 END
START -4596 -19728 -2724 -4083 3033 -17941 END
START -4304 -16824 -3128 -3170 4101 -18505 END
START -3976 -12852 -2308 -2474 4472 -18044 END
START -3160 -10444 -2360 -1483 4714 -16578 END
START -2348 -8212 -2440 -1472 5498 -15037 END
START -1868 -6544 -2228 -1382 6346 -13581 END
START -800 -5308 -2624 -295 7047 -11500 END
START -260 -3016 -1176 225 7064 -8825 END
START 348 -3000 -1928 1089 6590 -5192 END
START 932 -2180 -2504 1103 8550 -2854 END
START 584 -1248 -2028 2214 10083 284 END
START 592 -428 -368 4361 10948 3735 END
START 412 1620 1636 4328 10591 8580 END
START 44 1876 2552 2756 10812 13495 END
START -1376 2372 4520 3270 12318 17883 END