START 1256 -26872 -5676 6361 6242 6902 END
START 1380 -29416 -5100 7287 7588 3428 END
START 1200 -30344 -5012 -40 8987 -102 END
START 1316 -30208 -4188 -5830 8914 -3855 END
START 1180 -29656 -3132 -5942 7931 -7131 END
START 228 -26612 -972 -2642 6199 -9629 END
START 204 -23608 2056 -2861 3958 -11178 END
START -284 -20924 2596 -7090 2103 -11340 END
START 220 -19116 1276 -8878 3714 -12052 END
START -252 -16152 2132 -7230 5021 -13079 END
START 0 -13392 2676 -7003 3843 -11619 END
START 124 -11932 2756 -6605 1378 -11105 END
START 892 -11324 2908 -6244 874 -9573 END
START 1924 -9164 628 -3702 1410 -8942 END
START 2248 -7668 260 -4044 1573 -7544 END
START 2748 -8076 -112 -3540 1922 -5698 END
START 3224 -7992 -1240 -1677 1995 -3868 END
START 3300 -7260 -2164 -1732 2276 -2717 END
START 2832 -7244 -1976 -2178 1506 -1445 END
START 2756 -7152 -1760 -506 418 -204 END
START 3496 -5852 -1864 236 323 1468 END
START 2996 -5676 -2160 -739 1180 3898 END
START 1944 -6464 -1312 469 680 6037 END
START 1068 -6336 -200 4483 -920 8405 END
START 384 -5728 1276 4696 -1603 10586 END
START -200 -6108 2508 3127 -1925 13066 END
START -820 -8260 216 2884 -2631 16311 END
START -1428 -10488 -1148 5347 -2859 18034 END
START -1936 -12132 -440 8443 -2411 18802 END
START -2300 -15088 -788 8029 -1364 20371 END
START -2748 -21368 -1724 5682 100 21099 END
START -3140 -28808 -1756 8784 298 19403 END
START -1556 -32372 1488 11908 -1877 16099 END
START 724 -32768 408 4596 -4968 12884 END
START 496 -32768 -2804 -1862 -5381 8362 END
START 860 -32768 -6100 -5352 -4263 2771 END
START 436 -32768 -6468 -5891 -3274 -3017 END
START -372 -32768 -6108 -6399 -2668 -8131 END
START -808 -30544 -6440 -7706 -957 -11831 END
START -1300 -26544 -4660 -7383 2137 -14661 END
START -1740 -22756 -2772 -5999 2115 -16314 END
START -1556 -19140 -2620 -7017 2298 -16748 END
START -1528 -17512 -4252 -10037 3183 -16451 END
START -2516 -15864 -5684 -7494 5195 -16092 END
START -2772 -12916 -4296 -5082 5900 -16230 END
START -1784 -10104 -2940 -5687 5949 -14400 END
START -1092 -8728 -2768 -6271 6221 -12149 END
START -720 -6948 -3876 -4957 6880 -10121 END
START 44 -5212 -3648 -3424 7976 -7793 END
START -96 -3816 -2436 -2762 8314 -5555 END
START -164 -3636 -1412 -1615 7433 -2540 END
START -276 -2796 -1092 1660 6873 63 END
START 160 -1844 -260 1100 6752 2984 END
START 84 -1688 1400 -944 6342 6523 END
START -176 -2892 2096 -875 5024 9630 END
START -324 -3568 2456 1860 2654 12760 END
START -604 -4556 2312 3659 492 16146 END
START -1864 -7464 2324 3928 -276 18710 END
START -3292 -10732 3880 3687 -898 20277 END
START -3740 -15096 3568 4264 -2860 21161 END
START -3736 -19444 2832 5325 -3694 20788 END
START -2984 -25264 1768 4992 -5114 20105 END
START -1928 -31920 -1000 6071 -6300 16962 END
START -300 -32768 -3632 6150 -5387 12281 END
START 872 -32768 -3932 2720 -3901 7680 END
START 1564 -32768 -5200 -439 -4082 3155 END
START 340 -32768 -7620 -194 -4062 -2080 END
START -940 -32768 -8764 -1983 -1852 -7525 END
START -2088 -32428 -8088 -5268 901 -12339 END
START -2380 -27784 -6520 -4997 2006 -15486 END
START -2168 -22520 -5356 -3815 2537 -16726 END
START -2272 -19000 -4036 -4437 3186 -17187 END
START -2348 -16672 -4068 -6490 3245 -17165 END
START -980 -14224 -5192 -7440 4936 -16529 END
START -1144 -11752 -4540 -6232 6693 -15589 END
START -592 -9316 -3300 -3980 7147 -13988 END
START 128 -7208 -2632 -3808 7383 -11448 END
START 36 -6528 -2296 -2693 7478 -9307 END
START 532 -5696 -1836 -1728 8631 -6923 END
START 644 -4772 -920 -276 8384 -4818 END
START 776 -4280 -1396 36 7559 -1779 END
START 396 -4132 -1536 772 8486 606 END
START 640 -3632 -1180 1493 9169 3078 END
START 180 -3160 860 4022 9141 5368 END
START 432 -1440 3228 5219 7707 8813 END
START 428 -768 4336 1609 5698 13759 END
START -800 -3356 2796 1825 3801 17988 END
START -2068 -5020 3020 4473 3295 21140 END
START -4068 -5468 5292 6089 2988 22974 END
START -6388 -7976 8168 4096 1624 25318 END
START -9572 -17148 9284 6690 -1014 27505 END
START -9660 -27932 12396 14049 -3342 25443 END