START 3972 -32768 -8920 3339 6478 1262 END
START 5696 -32768 -6156 1472 5291 -1863 END
START 5412 -32768 -5064 -4628 4589 -4921 END
START 4024 -30960 -4640 -9778 5613 -8428 END
START 2480 -26084 -4268 -8490 8679 -11027 END
START 1752 -20836 -3084 -8074 11137 -11645 END
START 720 -16296 -240 -6850 10695 -11716 END
START 792 -12184 620 -2996 10279 -10298 END
START 712 -8364 1820 -6071 11963 -9147 END
START -152 -6884 2088 -8468 11776 -6972 END
START -68 -5304 1900 -5131 10341 -4462 END
START -40 -4444 2972 170 8718 -2230 END
START -52 -3592 4008 2566 8594 -608 END
START -808 -4308 5820 -1602 8075 986 END
START -460 -5256 4692 -3318 6300 3064 END
START 344 -4876 3084 351 5531 5496 END
START 1100 -4400 3132 1302 5315 7432 END
START 1428 -4296 4160 2205 4708 9765 END
START 1016 -5332 4436 2670 3152 12602 END
START 0 -7840 4404 3534 2397 14267 END
START -392 -8960 4628 4334 1022 16819 END
START -968 -11152 5156 4746 1794 18474 END
START -1672 -12416 8072 3074 647 19627 END
START -1652 -16508 6708 679 -3161 21452 END
START -2756 -21968 2268 3347 -3497 21203 END
START -2524 -24260 2632 5830 -2176 19480 END
START -2332 -27632 4664 2860 -3905 18303 END
START -2176 -32768 500 -154 -4749 15301 END
START -2320 -32768 -1412 1674 -3683 9757 END
START -2116 -32768 -804 1185 -3464 3423 END
START -1308 -32768 -2024 -1666 -3639 -2506 END
START -1432 -32768 -3196 -6442 -2099 -7974 END
START -2668 -32768 -2200 -6221 -1029 -12869 END
START -3092 -28560 -1016 -5588 -1748 -16025 END
START -2956 -24756 -1556 -8177 -1362 -17481 END
START -3084 -22360 -2732 -8217 -72 -18766 END
START -2816 -18416 -2888 -6754 1314 -19692 END
START -2104 -14772 -2220 -7261 2010 -19283 END
START -1468 -11312 -2316 -8760 3512 -17806 END
START -1016 -8768 -2128 -7935 4723 -16003 END
START -652 -6960 -2824 -6126 5365 -13277 END
START -296 -4768 -2564 -5705 7375 -10930 END
START -376 -3412 -1704 -6133 7830 -7477 END
START -488 -2796 -1476 -3397 7861 -4328 END
START -40 -2116 140 -1362 7359 -1182 END
START 384 -1392 480 -1336 7303 1776 END
START -28 -1868 564 -966 7558 5336 END
START -588 -2200 1000 -182 7476 8102 END
START -1016 -3432 2668 1527 6111 10850 END
START -1220 -3636 3404 2768 4591 13764 END
START -952 -4020 3028 2280 3612 17599 END
START -2132 -6404 2248 2756 4197 19977 END
START -4808 -9100 4424 5565 3964 21423 END
START -7144 -12268 8328 5989 1563 22528 END
START -8016 -18104 8408 5910 -1360 23438 END
START -6704 -23584 9568 8088 -3366 23103 END
START -4936 -29224 8920 5625 -5892 21138 END
START -3568 -32768 6364 1611 -7990 18095 END
START -128 -32768 -100 -364 -8766 13743 END
START 1524 -32768 -2512 -845 -8550 7945 END
START -3140 -32768 -6864 -2162 -6909 -127 END
START -5708 -32768 -6332 -3928 -2868 -8403 END
START -6788 -32768 -3644 -4532 -2177 -14694 END
START -6712 -29680 -3416 -4909 -2785 -18195 END
START -5844 -23236 -3856 -7910 -1172 -19596 END
START -5608 -20092 -4232 -9746 805 -19530 END
START -5460 -18076 -4144 -7189 1289 -20429 END
START -4316 -15128 -3528 -5345 2140 -20366 END
START -3592 -11812 -3104 -6189 3867 -18938 END
START -3356 -9852 -2744 -7814 5346 -16988 END
START -2368 -7864 -2384 -6478 6652 -14816 END
START -1688 -5992 -2732 -6358 7236 -12090 END
START -1048 -4824 -2648 -6383 8249 -9403 END
START -712 -4512 -1876 -5722 9402 -6786 END
START -208 -3252 -1712 -4100 9345 -3810 END
START 328 -2608 -2356 -3804 10081 -1028 END
START 52 -3088 -1752 -2554 11661 976 END
START 120 -2176 -184 910 11158 3738 END
START 1072 -1060 1496 2565 10016 7399 END
START 920 -1476 2020 2533 10273 10872 END
START 392 -476 4172 1655 10192 14582 END
START -24 -1288 4228 -295 8644 18965 END
START -1696 -3372 2420 744 6976 23854 END
START -4604 -9472 652 7980 7942 26392 END
START -7720 -12980 5820 13149 8881 26390 END
START -8528 -15796 11688 5639 6888 26844 END