START -1528 -14440 -6084 -93 627 4865 END
START -1196 -15656 -8748 3298 4212 6415 END
START -976 -16876 -7076 3051 7702 7853 END
START -416 -21948 -5756 267 7683 7837 END
START -80 -28744 -5176 2740 8595 5308 END
START -336 -31300 -1716 2399 8560 2744 END
START -1124 -32380 1644 962 7597 -125 END
START -2172 -32768 3784 -2190 6191 -4367 END
START -2372 -28664 5032 -3791 6966 -8955 END
START -1616 -24324 5160 -6494 5216 -10737 END
START -996 -20888 4568 -5457 2776 -11099 END
START -176 -17844 3244 -5376 1737 -10843 END
START 188 -14924 1860 -5268 2634 -11056 END
START 388 -11996 1352 -6999 2797 -10641 END
START 708 -10540 668 -7443 2096 -9668 END
START 932 -8808 -176 -5700 1595 -7639 END
START 432 -6948 -664 -5394 2361 -5921 END
START -108 -6356 160 -5857 2546 -4733 END
START -444 -6252 864 -3885 1494 -4014 END
START -908 -4592 -180 -2589 294 -1829 END
START -348 -4680 -852 -1597 570 -201 END
START -108 -2620 -1184 -895 1997 1854 END
START -768 -2624 -356 -1798 1894 3507 END
START -144 -2848 432 729 1425 5171 END
START -976 -1632 1108 3682 1247 7462 END
START -2492 544 2632 2550 368 11334 END
START -2600 -1224 3888 -1335 -2088 16768 END
START -4188 -5344 2092 -478 -4981 21018 END
START -5484 -10596 -1148 5293 -3734 23332 END
START -6328 -14960 -1096 4798 -2676 25118 END
START -6764 -22624 -348 4333 -3178 25319 END
START -6968 -29032 -2076 7717 -2964 25067 END
START -6536 -32768 -1804 3428 -1525 21894 END
START -7092 -32768 -2672 -526 -2846 16612 END
START -5476 -32768 -7324 2777 -3784 10494 END
START -5112 -32768 -8216 4222 -210 1727 END
START -5180 -32768 -5180 710 135 -5632 END
START -5336 -32768 -5268 -1890 -613 -11416 END
START -5772 -32768 -5864 -3924 329 -15401 END
START -6488 -28580 -5780 -4805 1956 -18382 END
START -6748 -24284 -5324 -4811 2823 -20461 END
START -6180 -19216 -4836 -5002 3882 -21004 END
START -5752 -15472 -4200 -6534 4812 -20180 END
START -5048 -13420 -4504 -5642 4905 -18411 END
START -4048 -10584 -5024 -4881 6480 -17017 END
START -3680 -8588 -3824 -6140 8533 -15643 END
START -3156 -7444 -3548 -6041 9047 -14000 END
START -2316 -5296 -3424 -5020 9607 -11351 END
START -2224 -3152 -1704 -3977 9864 -8081 END
START -1900 -1488 -144 -3230 9202 -5005 END
START -1648 -572 1160 -2893 8091 -1926 END
START -2224 588 3020 -1478 6682 1514 END
START -2776 1552 4876 -409 4453 5247 END
START -2320 0 3832 -1101 1713 8828 END
START -2904 -1732 2556 299 224 12137 END
START -3404 -1600 2288 1589 -360 14851 END
START -3824 -2916 2048 231 -852 18080 END
START -4636 -5904 1588 1684 -2316 21068 END
START -5776 -10192 84 5104 -3419 23613 END
START -7144 -13476 1904 5404 -2729 25425 END
START -8260 -24120 1636 2203 -5706 26436 END
START -7672 -32768 -4096 3834 -7675 23372 END
START -5644 -32768 -7952 2901 -5476 16134 END
START -5476 -32768 -6232 2064 -2607 8410 END
START -5284 -32768 -6432 117 -3124 1364 END
START -5440 -32768 -7472 -2000 -2179 -5352 END
START -5536 -32768 -7000 -2965 -46 -11015 END
START -6288 -32548 -4840 -3912 359 -15522 END
START -6304 -27208 -4132 -3312 -458 -18172 END
START -5420 -22880 -4508 -3163 -119 -19074 END
START -4380 -19720 -4168 -4669 955 -19901 END
START -4348 -16452 -5176 -6344 1455 -19636 END
START -4392 -14092 -5664 -6230 3280 -19379 END
START -3628 -10884 -5572 -4656 5395 -18532 END
START -3128 -8452 -5700 -4009 6873 -16943 END
START -3088 -5644 -5432 -2630 7566 -14735 END
START -1796 -4456 -5516 -1401 8871 -11888 END
START -1188 -2528 -4532 -836 10628 -9643 END
START -1516 -1188 -3116 -1337 10768 -6772 END
START -1244 -1544 -2868 493 10510 -3513 END
START -1760 -1376 -1784 4390 10562 -773 END
START -1952 -232 -220 3773 10419 2405 END
START -1512 240 1360 1673 9219 5829 END
START -2176 124 2704 1282 8356 10280 END
START -2444 -528 2168 1095 7596 15259 END