START 152 -15536 -8428 5296 4378 8316 END
START 348 -17192 -7824 4407 6647 9181 END
START -444 -21356 -5232 2512 8212 8956 END
START -916 -26324 -3384 3492 7843 8036 END
START -328 -31320 -1520 3150 8334 4936 END
START -464 -32768 104 386 7705 283 END
START -1236 -32768 924 -260 6480 -3197 END
START -1168 -30548 1780 -632 7137 -7864 END
START -892 -27936 3220 -2896 6646 -10528 END
START -612 -24424 4512 -2610 4330 -11899 END
START -252 -20888 4292 -2271 1069 -11896 END
START -220 -19352 172 -1186 1703 -12194 END
START -188 -16068 1736 -4841 3529 -13971 END
START -448 -13088 1756 -4051 2375 -13315 END
START 152 -9888 1992 -3282 1131 -11200 END
START -340 -8840 1540 -3487 805 -10190 END
START -856 -6952 1144 -4115 599 -8811 END
START -576 -6516 1380 -4958 -337 -7427 END
START -216 -5112 732 -3919 -575 -5836 END
START 196 -3392 36 -3888 -765 -4354 END
START 136 -2548 -732 -1995 -1184 -2152 END
START 276 -1784 -1180 -640 -1197 623 END
START 704 -1148 -344 -1842 -1317 2685 END
START 788 -1452 -8 -2336 -2313 5868 END
START 340 -2560 116 -695 -3358 9117 END
START -128 -5768 -1296 522 -3198 11906 END
START -1664 -7040 -1028 3400 -2097 13295 END
START -3136 -6904 1488 1677 -2117 14783 END
START -3444 -9384 1528 -1857 -4276 17790 END
START -2132 -14892 -3008 2100 -6268 20335 END
START -1220 -16304 -4988 9700 -1904 21134 END
START -2332 -17560 464 7428 -319 21877 END
START -2864 -26880 372 2975 -5263 23502 END
START -3336 -32768 -6500 3549 -4114 20357 END
START -4112 -32768 -5648 2085 -190 14091 END
START -4816 -32768 -3688 1053 -1379 7798 END
START -4180 -32768 -5680 -427 -2286 1060 END
START -3388 -32768 -7060 -1815 -898 -5167 END
START -4012 -32768 -5172 -1385 774 -10188 END
START -4264 -30820 -3660 -3923 680 -14123 END
START -4216 -26416 -3728 -6033 989 -16500 END
START -4164 -22568 -4688 -6503 1959 -17461 END
START -4292 -18968 -5444 -6259 2973 -17783 END
START -4148 -16760 -5604 -5364 4058 -18110 END
START -4072 -14032 -5636 -4980 4907 -17317 END
START -3592 -11000 -4540 -4686 6301 -16139 END
START -3040 -8800 -3584 -4952 6621 -14307 END
START -2184 -6796 -3384 -5188 6984 -12049 END
START -1132 -5548 -3084 -4169 7202 -10240 END
START -336 -3260 -2800 -2319 7626 -7416 END
START -92 -1772 -1616 -2106 8419 -4842 END
START -320 -1420 -464 -2303 8188 -2229 END
START -284 -472 208 212 7195 1218 END
START -432 -844 1600 1034 5544 4055 END
START -256 -724 2340 1718 3951 7323 END
START -276 -296 3008 299 2570 10877 END
START -704 -2516 3060 1019 1293 14497 END
START -1692 -5912 3700 2529 -382 17775 END
START -2552 -10616 3672 1293 -2979 19875 END
START -3020 -17024 1224 1244 -5152 21171 END
START -3292 -25680 -1852 1946 -5450 20023 END
START -1536 -32028 -4108 2732 -5226 16706 END
START -684 -32768 -6448 891 -5214 12099 END
START -676 -32768 -9952 1868 -3069 6245 END
START -692 -32768 -9748 1137 -217 30 END
START -1560 -32768 -7880 106 705 -5439 END
START -1264 -32768 -6980 -1111 613 -9607 END
START -1064 -28628 -6824 -2634 1846 -12319 END
START -864 -24096 -5776 -2432 3290 -14011 END
START -980 -19876 -4472 -2866 3542 -14855 END
START -1196 -17912 -4772 -3378 3476 -14438 END
START -1060 -16196 -5704 -3258 4955 -14525 END
START -1104 -14636 -6016 -1992 5827 -14597 END
START -1376 -11556 -5812 -1211 6804 -13987 END
START -564 -8904 -4420 -1953 8443 -13053 END
START -132 -6128 -3168 -2718 8634 -11274 END
START 396 -3924 -2672 -1239 7578 -8074 END
START 1120 -2896 -2880 -372 8174 -5072 END
START 464 -1072 -1504 -1197 8409 -2370 END
START 300 -824 -644 -520 8088 440 END
START -220 328 624 960 7609 3892 END
START -320 -8 1020 1482 7343 6941 END
START -1328 -168 1168 1509 6389 10348 END
START -1620 -1216 940 1263 6365 13488 END
START -2140 -1400 1768 1232 7987 16589 END