START 6180 -13732 -14884 -1839 7301 -1727 END
START 6244 -10864 -11688 1187 10730 -1882 END
START 5944 -7224 -8224 1142 12343 -36 END
START 5324 -5044 -3796 641 12280 3531 END
START 2384 -7044 -1848 5101 8960 6741 END
START 152 -6448 1032 13128 6612 7880 END
START -276 -7280 3344 12434 3271 9924 END
START -1048 -8312 3424 8921 2380 11192 END
START -104 -9312 2240 3863 2506 12505 END
START 360 -10844 300 2509 2443 13885 END
START 872 -11956 -276 5060 1479 15182 END
START 828 -14240 48 9196 926 15776 END
START 512 -16364 504 9625 177 16319 END
START 136 -19104 1700 7686 477 15974 END
START -636 -20352 3864 5038 440 14915 END
START -60 -20660 3900 2469 -1650 14627 END
START 360 -21768 1848 2331 -2725 14069 END
START 1480 -22448 644 3547 -3865 13340 END
START 2012 -23900 -1212 3857 -4125 12453 END
START 2604 -28048 -2860 1735 -3762 10440 END
START 2048 -31704 -2876 -353 -4263 6717 END
START 1408 -32768 -3956 -869 -5182 2522 END
START 856 -32768 -6228 -2690 -4167 -2529 END
START 476 -32768 -5676 -5832 -1500 -7277 END
START -124 -29736 -4100 -6005 96 -10978 END
START 140 -26476 -3292 -5588 238 -13667 END
START 408 -23168 -2816 -5776 949 -15026 END
START 8 -21100 -2832 -7614 959 -15709 END
START 28 -19516 -3880 -6598 1332 -16186 END
START 572 -16836 -3636 -4855 2122 -16413 END
START 656 -14652 -4548 -6737 2587 -15504 END
START 764 -13328 -5356 -8142 4081 -13968 END
START 996 -12120 -5208 -7289 6036 -13104 END
START 844 -10200 -4440 -2683 6047 -11728 END
START 1060 -8316 -4096 -1064 5673 -9656 END
START 1244 -6852 -3668 -2798 7188 -7280 END
START 752 -6132 -2524 -4701 8679 -5217 END
START 100 -5704 -1564 -4240 7925 -2754 END
START 588 -5140 -1188 -1935 6709 -871 END
START 1144 -4028 -636 -1047 5891 1404 END
START 1172 -3892 -468 256 5456 4016 END
START 1100 -3956 524 1922 5308 6047 END
START 936 -3560 1568 1939 3740 9036 END
START 964 -4344 1392 1865 2651 11664 END
START 396 -6188 1868 2492 2168 14051 END
START -196 -7648 2384 4555 1288 16099 END
START -768 -9476 2572 5591 -397 18096 END
START -1280 -12712 1744 5364 -906 20067 END
START -1312 -18612 3044 5994 -846 20370 END
START -1432 -24384 5080 8035 -2680 18949 END
START -16 -30136 3088 6380 -6699 16840 END
START 1680 -32768 492 4227 -7234 13652 END
START 2496 -32768 -3524 866 -6202 8213 END
START 2620 -32768 -6300 -960 -4696 2359 END
START 2292 -32768 -6640 -1849 -2506 -3551 END
START 1912 -32768 -6032 -3746 -894 -8053 END
START 1172 -30368 -5040 -5730 1103 -11822 END
START -160 -25864 -3308 -5868 1518 -14655 END
START 4 -21792 -3760 -4084 774 -15588 END
START 308 -18332 -3836 -2712 2172 -16494 END
START 460 -14808 -3300 -4603 3597 -16127 END
START 584 -13020 -3304 -5047 4179 -15044 END
START 1308 -10688 -3248 -3423 4247 -13327 END
START 1464 -9568 -3780 -1390 5093 -11793 END
START 1564 -7752 -3880 -1129 6513 -10238 END
START 1172 -6704 -3624 -1540 7963 -8047 END
START 1500 -5572 -3204 -1761 8460 -5326 END
START 716 -5348 -3456 359 8305 -1668 END
START 1076 -4800 -3652 1748 9037 771 END
START 1372 -4020 -3456 119 11209 2731 END
START 1380 -3124 -2152 -2536 12985 5498 END
START 576 -3984 360 1463 12374 8316 END
START 524 -2260 2640 6000 10894 11919 END
START 788 -1856 3292 4382 8671 16697 END
START -928 -3728 2628 354 7872 20702 END
START -4088 -7504 2996 2015 8101 23545 END
START -7756 -12360 6952 7339 5925 24853 END
START -11484 -16356 12548 10458 2302 23483 END
START -12280 -24840 12628 4291 -3541 21684 END
START -9004 -32768 9516 152 -5263 15724 END