START 2244 -16764 -12448 9150 12664 14724 END
START 3620 -20372 -10672 6833 14400 15491 END
START 3416 -30136 -11440 5564 14725 14588 END
START 768 -32768 -6496 7319 17630 8768 END
START -2888 -32768 1912 -1591 16258 1715 END
START -4444 -32768 6036 -256 10459 -1441 END
START -5516 -32768 8580 5480 6649 -6133 END
START -5384 -32768 10384 -2818 6859 -13934 END
START -4688 -27776 9436 -5218 3774 -18838 END
START -1212 -20288 7724 -4743 569 -19534 END
START 628 -15332 4688 -6114 -1314 -18913 END
START 980 -11500 2804 -6031 -1453 -17675 END
START 1332 -10124 1228 -4537 -481 -16554 END
START 880 -8344 872 -2412 -636 -15843 END
START 1924 -5796 -80 -3698 -1042 -13673 END
START 2988 -4416 -364 -4117 -1331 -11177 END
START 3364 -3944 -1948 -4044 -895 -8571 END
START 3624 -3288 -2236 -1242 -38 -7169 END
START 3492 -1416 -2220 234 -174 -4259 END
START 2848 -1516 -1556 1061 -380 -1047 END
START 2936 -1064 -584 2438 593 1456 END
START 3488 -1000 -476 1615 246 4302 END
START 3048 -2188 -1424 -709 -647 7506 END
START 1956 -4220 -1928 2096 232 9841 END
START 392 -4148 -1304 3335 520 12455 END
START -32 -5312 884 2994 359 15268 END
START -2016 -6500 2120 2287 395 17636 END
START -3328 -9516 2632 2448 -978 20238 END
START -3616 -11964 1052 3969 -2441 22537 END
START -3496 -14548 -248 3519 -1019 23930 END
START -5124 -18596 412 3553 45 23643 END
START -5664 -23164 588 9511 -1965 23909 END
START -3424 -28176 -932 14728 -2906 23707 END
START -368 -32500 -156 9208 3192 18794 END
START -1404 -32768 4308 467 2857 14748 END
START -380 -32768 4688 2016 -4345 12054 END
START 868 -32768 -1760 -2604 -6881 6477 END
START 88 -32768 -6324 -6401 -3440 -2120 END
START -1836 -32768 -5700 -7201 -511 -10099 END
START -2808 -32768 -2696 -4159 -773 -14747 END
START -2056 -27256 -1800 -5094 -820 -16943 END
START -1524 -24260 -3444 -8184 55 -17834 END
START -2100 -21976 -4552 -8184 2523 -19076 END
START -3012 -17396 -3904 -7136 3571 -19652 END
START -3092 -13992 -2932 -6826 4163 -18498 END
START -2488 -11044 -3612 -7827 4969 -16642 END
START -1872 -9312 -3848 -9296 8047 -15151 END
START -2288 -8000 -2912 -5915 8592 -13047 END
START -1492 -5012 -1600 -2528 8042 -10004 END
START -1064 -3688 104 -2101 7505 -7204 END
START -836 -2184 1268 -4339 7063 -4540 END
START -844 -1332 2548 -5083 5841 -1572 END
START -828 -1228 2484 -2086 3906 2478 END
START -552 -1248 1100 -2180 3541 5142 END
START -316 -1116 1456 -2912 2533 7856 END
START -464 -1252 1420 -790 1510 11284 END
START -1076 -2284 2120 2248 893 14696 END
START -2108 -3980 2608 780 -527 17513 END
START -2748 -7388 2488 2021 -1884 20582 END
START -4300 -12824 4628 3363 -4282 23376 END
START -4836 -20468 2148 3678 -6846 23626 END
START -3892 -28808 -1888 2476 -6462 20707 END
START -2584 -32768 -4520 1511 -5639 16621 END
START -1956 -32768 -6652 2157 -6065 11546 END
START -848 -32768 -9968 2762 -4103 4371 END
START 0 -32768 -9760 2058 -1173 -2573 END
START -520 -32768 -7756 139 368 -8373 END
START -1124 -32768 -7268 504 657 -12446 END
START -1972 -28588 -7200 -1259 2121 -15399 END
START -2576 -24288 -5924 -1845 3731 -17462 END
START -2828 -19472 -5124 -2345 4204 -17989 END
START -2484 -15708 -4056 -3136 5180 -17760 END
START -2036 -12980 -4088 -2896 5690 -16907 END
START -1908 -10760 -4384 -2858 5964 -15246 END
START -1508 -9192 -4052 -2061 6359 -13173 END
START -988 -7248 -3724 -1183 7169 -11316 END
START -444 -6140 -3620 -1867 8833 -9376 END
START -252 -5504 -3304 -931 9362 -7101 END
START 56 -4404 -1528 369 9101 -4715 END
START 344 -3636 -324 1555 8135 -1863 END
START 872 -2360 476 371 7924 584 END
START 516 -2444 220 -157 8830 3127 END
START -440 -1260 1928 -141 7708 6269 END
START -140 -668 2192 -356 6216 9703 END
START -572 216 2324 -2482 5364 13050 END
START -1928 -316 1952 -4171 4320 16738 END
START -4168 -3400 3284 -315 2047 20161 END
START -5096 -5752 6576 3194 308 23576 END