START -1352 -32768 -10304 7014 12267 3573 END
START -208 -32768 -7432 8965 10209 -663 END
START -836 -32768 -3344 2940 11820 -4471 END
START -1732 -32096 1336 -6391 10206 -8834 END
START -1492 -29848 2536 -6538 6347 -11523 END
START -308 -25028 3152 -8020 4715 -13091 END
START 440 -21932 4188 -9411 3183 -13521 END
START 1288 -19392 2416 -7780 1712 -12825 END
START 1072 -16292 1692 -5814 3473 -12481 END
START -168 -14296 3208 -6284 4633 -12905 END
START -1032 -11800 4780 -6127 3703 -12178 END
START -716 -10420 4152 -7127 2306 -10254 END
START -508 -9116 3508 -6865 1779 -9338 END
START -40 -7376 2144 -6525 1345 -8644 END
START 1268 -5536 1484 -5556 -50 -7368 END
START 2208 -4432 -28 -3269 -641 -5261 END
START 2072 -4068 508 -22 -1173 -3234 END
START 2348 -2360 592 1514 -1583 -1156 END
START 3056 -3164 1088 -1120 -1675 908 END
START 2492 -3564 868 873 -3272 3955 END
START 2528 -4328 -272 2692 -3265 6862 END
START 1684 -4864 -436 1628 -3104 9011 END
START 652 -6336 -1316 1033 -2087 11214 END
START -404 -7252 -1624 4139 -2621 13268 END
START -612 -7712 -1308 8177 -1787 14857 END
START -388 -8428 -176 7231 -1168 17112 END
START -1384 -12064 20 6942 -613 19065 END
START -3740 -14108 1728 8783 -1329 20558 END
START -4400 -18536 924 10450 -1752 21060 END
START -3492 -24176 252 9524 -1623 20114 END
START -2796 -26828 -1072 7696 -241 18121 END
START -2936 -30112 -1292 7176 681 15758 END
START -1816 -32508 -1064 10542 -713 13273 END
START -408 -32768 -468 7364 -1269 10418 END
START -1060 -32768 -2292 2084 -765 6563 END
START -2116 -32768 -5660 -1620 1035 455 END
START -3524 -32768 -4004 -1705 2483 -5754 END
START -4120 -32768 -1512 -1482 2485 -10916 END
START -4440 -30152 340 -4187 2697 -15122 END
START -4384 -26196 1508 -6172 2768 -17500 END
START -4396 -22152 1644 -6646 3079 -18766 END
START -4532 -18312 1380 -6171 1992 -19194 END
START -3552 -16092 -344 -6933 2146 -18705 END
START -3368 -13504 -636 -6748 3772 -18219 END
START -3188 -11288 -1484 -7250 4245 -16933 END
START -2284 -9728 -3120 -5875 5184 -15233 END
START -1436 -6684 -3284 -4529 7129 -13517 END
START -404 -3808 -1876 -4821 8028 -10731 END
START -40 -2700 -708 -3518 7390 -7145 END
START 240 -2140 212 -164 6837 -3968 END
START 556 -1560 -428 -687 6325 -750 END
START 172 -2112 -780 -2384 7119 2012 END
START 140 -2820 -992 -1053 7740 5102 END
START -1128 -2352 1580 2065 6717 8103 END
START -1024 -2788 4296 2983 4932 11355 END
START -1076 -3176 5332 -233 3761 15238 END
START -2332 -6904 4700 -353 1595 18223 END
START -3540 -10128 4984 3943 -1143 20170 END
START -3988 -12852 5136 4644 -1668 21357 END
START -4036 -18684 5652 1622 -2043 21579 END
START -3156 -26300 3004 1196 -4145 20558 END
START -2256 -32768 968 5328 -4959 17656 END
START -312 -32768 76 5718 -4794 13155 END
START 484 -32768 -1104 -268 -4255 7253 END
START 20 -32768 -4236 -3790 -3100 559 END
START -848 -32768 -5384 -3407 -1751 -5741 END
START -2700 -32768 -5328 -2969 -478 -10795 END
START -3012 -29412 -3508 -3101 291 -14381 END
START -2640 -24136 -2592 -4703 812 -16163 END
START -2164 -19984 -2680 -5993 1496 -16575 END
START -2088 -16956 -3028 -4779 2324 -16580 END
START -1812 -13800 -2800 -4548 2935 -15974 END
START -1288 -12092 -3808 -4286 4254 -14950 END
START -1316 -10616 -3660 -2736 5320 -13588 END
START -1244 -8760 -3372 -551 5908 -11890 END
START -772 -7148 -2556 -1034 6649 -10232 END
START -332 -5672 -2312 -3082 7461 -7809 END
START -448 -5048 -3180 -2187 8200 -5261 END
START -684 -3620 -2444 -894 8599 -2652 END
START -740 -2760 -1124 642 8019 283 END
START 120 -2080 -840 618 8103 3473 END
START -452 -1120 952 1046 8271 6525 END
START -448 176 2928 101 7106 10652 END
START -568 -72 3180 -973 5528 15472 END
START -1776 -872 2800 -861 5919 19341 END
START -3996 -3552 4008 130 4813 23119 END
START -6768 -6216 7868 4394 1640 26850 END
START -8592 -13624 10208 2231 -2136 29371 END