START 788 -22920 -7640 595 5490 9819 END
START 1016 -29328 -5520 3909 4122 9186 END
START 828 -32768 -3036 4207 6230 6006 END
START -2156 -32768 760 -1227 12223 -836 END
START -4136 -32768 4228 -4436 11569 -5672 END
START -4984 -30880 6516 -1680 9798 -9186 END
START -4876 -26192 10020 -521 6337 -11230 END
START -4772 -22132 10468 -1327 2623 -13068 END
START -3288 -18776 7972 -5247 -79 -13710 END
START -2820 -17616 3332 -7414 641 -14650 END
START -1464 -14024 1060 -7636 2036 -15706 END
START -68 -11476 1164 -6643 2191 -15528 END
START 584 -9608 304 -6092 -329 -13539 END
START 1536 -8320 -1032 -4044 -87 -12067 END
START 1484 -7304 -1376 -4248 919 -11159 END
START 1548 -6648 -1828 -3453 990 -9292 END
START 1708 -4784 -788 -2459 703 -6748 END
START 2204 -3992 88 -3079 268 -4272 END
START 2096 -4428 -1296 -2863 392 -2377 END
START 2260 -3508 -2032 -3051 807 -596 END
START 2784 -2824 -2144 -960 1845 1019 END
START 2524 -1764 -1032 -101 2203 3827 END
START 2016 -2984 1052 54 818 6791 END
START 1092 -4636 788 -345 -1458 9821 END
START 60 -5724 -920 -514 -1416 13393 END
START 224 -8008 -1872 -303 -189 16094 END
START -1580 -8544 -324 1866 727 17313 END
START -2316 -9596 224 2997 -1553 19831 END
START -2712 -11980 -1444 6303 -2616 22532 END
START -3764 -15188 -1488 7165 -745 23830 END
START -5008 -19748 2240 4060 -37 24363 END
START -4904 -26664 1668 3572 -3084 23417 END
START -4616 -31120 -920 4873 -2289 20474 END
START -4772 -32768 -1576 590 -1590 16563 END
START -4836 -32768 -4548 1295 -2506 10965 END
START -3568 -32768 -6536 3609 -1424 3850 END
START -3032 -32768 -5396 1826 759 -2670 END
START -3172 -32768 -3964 -1224 1037 -7362 END
START -3460 -32768 -3640 -2865 555 -10824 END
START -3900 -29304 -3428 -3571 837 -13114 END
START -4484 -26132 -3588 -4893 2151 -15388 END
START -4076 -23108 -2976 -5476 2689 -17467 END
START -3808 -20624 -2852 -4515 2490 -18470 END
START -3544 -17632 -3396 -3878 2579 -18744 END
START -3304 -13328 -3460 -6187 5121 -18620 END
START -2716 -10856 -2152 -8143 6600 -16962 END
START -2560 -9036 -2312 -6433 6508 -14786 END
START -2012 -6532 -3296 -3538 6701 -11801 END
START -1092 -5248 -3300 -3711 7772 -9626 END
START -696 -4924 -2188 -3049 8222 -7607 END
START -252 -3924 -3076 -183 8756 -5265 END
START 16 -2128 -1676 -1468 8809 -2934 END
START -212 -1988 -992 -2931 8712 -227 END
START -816 -1832 124 -531 7600 3034 END
START -952 -740 2128 3205 5844 6497 END
START -1052 -1900 3760 2574 4263 9420 END
START -1728 -2700 4824 -498 1803 12856 END
START -1924 -5204 2476 -3040 -349 16240 END
START -2832 -7744 1532 -906 -723 18225 END
START -3772 -10204 1932 2220 -1888 19787 END
START -4228 -14612 1904 3902 -3550 21555 END
START -3536 -21112 16 4318 -3851 21701 END
START -2856 -27996 -2336 4159 -2102 19493 END
START -2420 -32768 -1928 2940 -1425 15674 END
START -1216 -32768 -1508 1290 -3070 11582 END
START -876 -32768 -4992 -113 -3565 7267 END
START -1656 -32768 -7028 94 -1030 316 END
START -2816 -32768 -6012 2699 103 -5848 END
START -3160 -32768 -3984 -164 288 -11175 END
START -3160 -30792 -3556 -4609 845 -14238 END
START -3528 -27516 -3336 -4056 1209 -16510 END
START -3952 -23604 -3636 -1796 784 -17888 END
START -3936 -18832 -3692 -2511 1227 -18802 END
START -3140 -15864 -4436 -3778 2936 -18758 END
START -2640 -13108 -4248 -2963 3827 -18328 END
START -2264 -9916 -4756 -1795 4705 -16329 END
START -1652 -7860 -4004 -1174 5808 -14985 END
START -844 -6764 -4140 -2343 6745 -13206 END
START -168 -5852 -3764 -2415 7527 -11086 END
START 308 -5492 -4224 -77 7454 -8205 END
START 516 -4340 -3980 159 8481 -6368 END
START 192 -3260 -3568 161 9298 -4172 END
START 336 -1612 -2748 1705 10080 -1697 END
START -192 -284 -1084 2986 10191 1891 END
START 612 -204 -288 2705 10650 5379 END
START 472 1924 1616 947 10767 9482 END
START -224 2084 3028 -1564 9133 15113 END
START -1900 -1848 3884 1630 7862 20605 END
START -3220 -2836 3876 1429 7880 26298 END
START -6404 -5256 6140 -4419 7997 27243 END