START 2252 -20632 -7536 2228 6538 6455 END
START 4272 -22648 -6956 5458 8742 8623 END
START 4336 -29388 -2616 -293 11777 7731 END
START 2468 -32768 500 -6517 10048 2508 END
START -728 -32768 2728 -5916 7624 -1737 END
START -5248 -32768 8252 -291 4077 -5798 END
START -5464 -29264 9952 -3127 2654 -11729 END
START -2920 -22580 8960 -8660 1743 -15845 END
START 308 -16064 6604 -8773 -1047 -15110 END
START 2272 -11668 3744 -8161 -2588 -12240 END
START 2952 -10112 984 -7854 -1851 -9723 END
START 2268 -9380 188 -8119 701 -10164 END
START 1320 -9252 1132 -5316 -940 -9204 END
START 816 -8444 796 -1983 -2451 -8203 END
START 1092 -6524 20 -3575 -1318 -6441 END
START 1300 -5024 472 -6289 8 -5483 END
START 1432 -4900 -580 -4479 -1485 -3572 END
START 2228 -3948 -1840 351 -1952 -824 END
START 2928 -3072 -2044 1866 -501 1024 END
START 2788 -2348 -1636 -436 589 3158 END
START 2732 -2648 -1256 -275 772 6136 END
START 1448 -3396 -228 2986 830 9137 END
START 524 -4244 492 1903 257 11989 END
START -604 -6572 -444 1794 -609 14589 END
START -1608 -8752 -1392 2342 -676 16171 END
START -2788 -9440 -1372 2945 401 17940 END
START -3052 -10828 496 2788 990 19829 END
START -3320 -14736 -336 910 -539 22072 END
START -3452 -20216 -3896 1589 738 22182 END
START -3492 -23180 -5932 4418 4536 21320 END
START -4124 -24140 -2608 4002 6850 19599 END
START -3564 -27560 1872 2325 4655 18809 END
START -3544 -32768 1600 3442 -946 17172 END
START -3612 -32768 -3928 3260 -2230 12892 END
START -4996 -32768 -5884 151 639 3704 END
START -5572 -32768 -3492 -1098 1158 -4807 END
START -4496 -32768 -1708 -1474 100 -11006 END
START -4132 -32324 -1688 -2290 -620 -14654 END
START -3760 -27660 -3316 -3261 -669 -16860 END
START -4476 -24984 -4228 -3940 435 -19158 END
START -5028 -21840 -3752 -4234 1450 -20728 END
START -4980 -17784 -3360 -3444 1833 -20622 END
START -3572 -15164 -2848 -4346 2922 -20094 END
START -1644 -11860 -3112 -7964 4285 -18867 END
START -1820 -9236 -3316 -8552 5228 -17266 END
START -1656 -7328 -3336 -4316 4796 -13815 END
START -1904 -4836 -3224 -1611 5394 -10951 END
START -1712 -3996 -2864 -2018 6352 -8863 END
START -1508 -2428 -1988 -2105 7157 -6003 END
START -1436 -1336 -1120 -1550 7065 -3079 END
START -900 -1464 -128 -23 6225 -146 END
START -704 -2008 60 1827 5972 2274 END
START -1340 -1176 1108 1714 5148 4851 END
START -1348 -1468 1972 1226 4291 7781 END
START -1440 -1812 3132 91 2776 10859 END
START -1784 -3640 3728 707 661 14703 END
START -1900 -6636 424 1117 -370 17098 END
START -2292 -8832 -916 1950 712 18687 END
START -2660 -10992 432 3045 1586 21021 END
START -4128 -15992 4108 3725 -805 23066 END
START -5372 -25720 2096 2292 -3422 22412 END
START -3904 -32768 -864 4081 -3796 19366 END
START -1472 -32768 -1572 4908 -2563 14627 END
START -1492 -32768 -720 533 -2954 8726 END
START -1668 -32768 -2936 -2388 -4263 3134 END
START -988 -32768 -7960 -1333 -2716 -3287 END
START -1696 -32768 -7284 120 35 -9034 END
START -2644 -32768 -4412 90 834 -12970 END
START -3364 -28192 -2764 -2965 686 -15990 END
START -3060 -23952 -2844 -3110 324 -17150 END
START -3240 -20656 -3340 -2389 949 -17975 END
START -3648 -16632 -3956 -4170 2275 -18336 END
START -3596 -14524 -4820 -4661 3720 -18361 END
START -2676 -10768 -4812 -3350 5498 -17648 END
START -1848 -7892 -3556 -1900 6724 -15547 END
START -792 -6600 -2964 -1513 6531 -13037 END
START 12 -5468 -4036 -2290 7542 -11155 END
START 304 -4324 -3708 -2889 8809 -8759 END
START 72 -2000 -2056 -3075 9076 -6392 END
START 428 -1052 -2112 -1300 9281 -2324 END
START 112 -460 -1716 617 10270 1173 END
START -472 200 316 345 10374 4034 END
START -1324 1692 2360 -797 9140 8212 END
START -2352 1876 2708 -2806 7952 13185 END
START -3536 200 2832 -2511 6491 16877 END
START -3992 -284 3188 -989 4356 20769 END
START -5140 -2616 4044 -1202 2846 24844 END
START -5920 -11280 5368 -891 863 26815 END
START -5392 -21388 5380 -5306 -5324 24221 END