START 4460 -20292 -5156 -638 -2608 -2574 END
START 4360 -19792 -6792 -323 -3120 -3315 END
START 5080 -18928 -8248 -3731 -799 -3616 END
START 3856 -17468 -9400 -9868 3028 -4058 END
START 3680 -19428 -11084 -12039 5750 -3750 END
START 2052 -19388 -12592 -5864 8106 -3232 END
START 1276 -15952 -12256 -1086 11921 -4830 END
START -52 -12032 -8304 -193 13245 -7257 END
START 200 -7900 -4472 -2114 12736 -5349 END
START 76 -5912 -1456 -2733 12022 -2296 END
START -452 -4604 140 -450 11618 311 END
START -472 -4584 2124 1259 9650 1722 END
START 20 -3376 3072 1839 7175 3950 END
START 1196 -2600 3428 865 6397 7017 END
START 1120 -2728 4956 1237 4838 9535 END
START 1640 -3660 5260 4434 2864 11891 END
START 1644 -5060 5316 6479 773 14897 END
START 1684 -7748 3508 6445 -396 17633 END
START 932 -8392 1320 6827 1711 18249 END
START -984 -11740 1832 7100 1915 21105 END
START -2448 -16364 1996 11608 -604 22969 END
START -3076 -22740 828 13712 169 22134 END
START -4260 -26384 2584 8929 3148 19493 END
START -3892 -30884 4468 6310 962 16885 END
START -2428 -32768 2108 6836 -2065 14738 END
START -1772 -32768 572 6934 -3601 9808 END
START -412 -32768 -1284 2676 -4897 2995 END
START 552 -32768 -3572 -1973 -4755 -3171 END
START 260 -32768 -5396 -4663 -3860 -8513 END
START -1188 -32768 -4784 -5169 -2632 -13157 END
START -2460 -28396 -1680 -4969 -2150 -16824 END
START -2204 -23788 -332 -7575 -2652 -17277 END
START -2504 -22316 -1004 -8524 -3019 -18177 END
START -2388 -19444 -3096 -8923 -2446 -18266 END
START -2680 -16276 -4696 -8088 136 -18831 END
START -2420 -12492 -3756 -9238 2903 -18489 END
START -1216 -9116 -2708 -11912 4644 -16676 END
START -956 -7056 -3020 -10785 5397 -14468 END
START -632 -4628 -3452 -7169 6263 -11668 END
START 500 -2200 -2752 -6386 7463 -8311 END
START 560 -1660 -1504 -6026 7800 -4870 END
START 648 -1656 -692 -3988 7120 -1457 END
START 224 -1464 -468 -799 6549 1984 END
START 168 -1120 400 132 6258 5035 END
START -536 -1572 1168 787 6652 7788 END
START -1740 -3052 3048 2002 5026 11592 END
START -1996 -4280 3568 6357 3141 14633 END
START -2052 -5976 3536 7587 1880 16690 END
START -2188 -6960 3912 7211 2180 18946 END
START -2536 -8820 5260 5658 1617 21094 END
START -3196 -15140 5520 7555 -1259 23096 END
START -3116 -19592 4044 10115 -3282 24043 END
START -2684 -27104 1068 8632 -2019 22261 END
START -3536 -32768 1524 7544 -1646 18288 END
START -2396 -32768 1460 7121 -3037 12761 END
START -252 -32768 12 5104 -3764 6988 END
START 472 -32768 -1676 772 -3687 1305 END
START 944 -32768 -3336 -2116 -3642 -4524 END
START -160 -32768 -3952 -3970 -3360 -9442 END
START -372 -32220 -3264 -6635 -1747 -13389 END
START -1516 -27992 -1680 -7745 -635 -16121 END
START -2064 -24068 -744 -7365 -1404 -17576 END
START -2176 -20588 -604 -7129 -2290 -18540 END
START -1940 -17256 -2440 -7982 -985 -18612 END
START -2204 -14852 -3780 -9555 2008 -18411 END
START -1692 -12428 -3668 -8906 3593 -17854 END
START -976 -9796 -3332 -6783 4437 -16357 END
START -956 -7248 -3036 -6091 5472 -13655 END
START -384 -5892 -3052 -4711 6617 -11312 END
START 72 -4272 -2420 -3829 6510 -8622 END
START -172 -3876 -3328 -3076 7116 -5382 END
START -236 -3400 -2760 -1822 8438 -2743 END
START -184 -3044 -2200 -1644 8919 -580 END
START 300 -2084 -1356 -102 8271 2331 END
START 308 -1208 -1328 2542 8756 5628 END
START 12 -1716 -344 3412 8893 8909 END
START 60 -1152 1984 4655 8150 12802 END
START 220 -1156 3328 4397 6791 16720 END
START -180 -2300 3364 3401 6122 20578 END
START -1168 -4328 3784 2803 5347 25294 END
START -3176 -8728 4608 4813 3124 28469 END
START -5184 -13804 4484 9004 2992 29141 END
START -6968 -19672 5308 5261 3039 29260 END
START -9200 -29560 4368 6165 3093 26447 END
START -9632 -32768 7740 6105 2551 21061 END
START -7832 -32768 11216 1867 -614 13994 END
START -6584 -32768 8596 165 -3990 6225 END
START -5136 -32768 6128 -2415 -6300 -1622 END
START -4332 -32768 5556 -954 -7917 -8075 END