START 3224 -20236 -6060 -892 6495 1066 END
START 1736 -23440 -4708 1935 6289 1351 END
START 612 -24004 -4720 1748 7049 -197 END
START 1036 -26088 -3180 -4509 8867 -3855 END
START 144 -28052 -1496 -3643 7069 -5681 END
START -1496 -26476 720 258 5225 -6891 END
START -3064 -25796 3400 -3780 4281 -8815 END
START -3416 -23404 4032 -6206 4837 -11703 END
START -2304 -20420 4020 -7558 3761 -13356 END
START -480 -16612 1884 -5614 2728 -13756 END
START 760 -12508 2260 -5911 1235 -12781 END
START 2012 -9908 1992 -5288 857 -11264 END
START 1740 -8972 1232 -4482 580 -9805 END
START 2500 -7448 796 -3885 -95 -8598 END
START 3220 -6640 -32 -3339 8 -6996 END
START 2248 -5444 488 -3624 -767 -5138 END
START 2476 -3924 140 -2618 -1527 -3096 END
START 2472 -3448 -224 -3545 -1544 -1002 END
START 2064 -3596 -472 -3115 -1809 1351 END
START 1724 -3808 -440 1041 -3151 3352 END
START 1660 -2684 -848 1829 -3352 5839 END
START 1268 -3992 -948 213 -3098 8198 END
START 856 -4368 -2088 -69 -2956 10346 END
START 168 -5812 -2636 3049 -2591 12434 END
START -924 -5600 -1584 6504 -2742 14983 END
START -1992 -7380 -752 5133 -2428 17466 END
START -3508 -9544 416 6638 -1874 19433 END
START -5272 -12016 3176 9018 -3959 21735 END
START -5368 -16384 740 12486 -6444 24272 END
START -4900 -18928 -284 8923 -2712 23686 END
START -7436 -23268 168 2051 -447 21632 END
START -7832 -28068 1432 5723 -3929 20614 END
START -5760 -32768 -2244 7877 -7219 19327 END
START -4468 -32768 -7824 5809 -3892 13640 END
START -5352 -32768 -6016 2231 -330 6268 END
START -5232 -32768 -5612 -898 -958 -398 END
START -4788 -32768 -7448 -3815 -526 -6557 END
START -5344 -32768 -6772 -5361 1977 -12626 END
START -6328 -32424 -4392 -5245 3429 -16819 END
START -6072 -26332 -2844 -6033 2861 -19171 END
START -5932 -21656 -2084 -6711 3324 -20282 END
START -5208 -18056 -2436 -6896 4040 -20426 END
START -4776 -14980 -3044 -6422 4919 -20224 END
START -3724 -11732 -2892 -5034 6150 -19688 END
START -3016 -9512 -2312 -5491 6927 -17907 END
START -2216 -8452 -2336 -5910 7189 -15461 END
START -1224 -7472 -2648 -3075 7597 -13431 END
START -644 -5248 -1392 -2158 7896 -11262 END
START -468 -3856 -1076 -3547 7588 -8150 END
START -496 -2840 -664 -3273 6929 -4808 END
START -460 -3008 -1640 -1354 7050 -1636 END
START -128 -2488 -1432 -780 7667 1080 END
START -656 -2136 -236 800 7713 3704 END
START -720 -1748 480 832 7620 6725 END
START -1672 -2424 1804 1539 6599 9580 END
START -1404 -2736 3948 1787 4676 12986 END
START -1708 -3924 5092 827 2208 16779 END
START -2956 -5624 5112 32 138 19906 END
START -4100 -9360 3968 -1216 -2816 22914 END
START -5472 -14612 3524 269 -4630 24774 END
START -6544 -23472 2188 -134 -6717 24878 END
START -5884 -32768 -1348 457 -8786 21314 END
START -3500 -32768 -7072 1451 -7821 14863 END
START -2196 -32768 -8756 1713 -4328 6779 END
START -1520 -32768 -8092 769 -2442 -701 END
START -2024 -32768 -8020 -1061 -1221 -6968 END
START -2624 -32768 -7748 -3107 727 -11813 END
START -3744 -31692 -6188 -3552 1715 -15597 END
START -4108 -25172 -4984 -3039 2098 -17775 END
START -3400 -19884 -4168 -5140 2736 -18222 END
START -3336 -16776 -4468 -5972 3438 -18152 END
START -3532 -13796 -5100 -4599 3978 -17637 END
START -2544 -10556 -5452 -3574 5345 -16672 END
START -1500 -7888 -3924 -3659 6269 -14764 END
START -1520 -6044 -3332 -3043 5955 -12062 END
START -860 -5220 -4464 -2479 6474 -9688 END
START -868 -4468 -4120 -2334 7612 -7258 END
START -1048 -3788 -3260 -1152 7928 -5180 END
START -448 -3512 -3644 1275 8016 -2440 END
START -220 -2940 -2236 3277 8876 -246 END
START -400 -960 -48 3557 8936 2493 END
START 448 556 3400 2631 7750 6032 END
START 412 748 4456 1687 5108 10694 END
START -684 464 4804 162 2915 15788 END
START -2092 -1920 2008 1856 1555 19842 END
START -2844 -3792 -412 1235 2042 23550 END
START -3376 -4424 -620 -1507 4697 26988 END