START 4788 -24660 -6760 2383 -585 1565 END
START 3908 -26860 -8220 -249 1404 -1259 END
START 3936 -26792 -9556 -2745 4172 -3835 END
START 3528 -24900 -10092 -2954 7219 -6399 END
START 3072 -20932 -8296 -1841 8176 -8232 END
START 2840 -16892 -6160 -2815 8891 -8611 END
START 2520 -14524 -4696 -4840 11320 -7724 END
START 1140 -12508 -1804 -4378 11807 -7078 END
START 944 -11172 568 -2437 10817 -6257 END
START 752 -8600 1956 -3191 10533 -4078 END
START 1136 -7280 2008 -5075 10549 -2358 END
START 532 -5848 2584 -4512 9042 -612 END
START 972 -4892 3764 -1889 6952 1264 END
START 1552 -3840 4572 -914 5583 4293 END
START 2024 -3488 5264 -2419 4001 7753 END
START 1956 -6092 4340 -2135 2358 10722 END
START 908 -9628 3912 1235 559 12085 END
START 460 -11372 3508 2773 -884 12666 END
START 868 -11576 2916 1224 -449 12510 END
START 1364 -9324 2992 -931 449 14873 END
START 164 -11528 3580 4606 -1422 17371 END
START -500 -14528 4324 9291 -2986 18836 END
START -812 -16564 5320 6649 -3512 19046 END
START -1500 -22024 3360 4988 -5256 19361 END
START -1584 -29468 260 7106 -6836 18235 END
START -800 -32768 -2500 7372 -5571 13781 END
START 672 -32768 -4700 3784 -3848 8416 END
START 712 -32768 -5144 1038 -2369 2306 END
START 800 -32768 -4944 -52 -1646 -3942 END
START 104 -32768 -4772 -3856 -378 -9258 END
START -672 -31700 -3168 -5888 82 -12694 END
START -1096 -27248 -3112 -5244 701 -15352 END
START -1268 -23732 -3024 -6218 1983 -17045 END
START -1516 -20720 -2812 -7353 3768 -18167 END
START -1540 -18004 -1228 -7261 3884 -18268 END
START -1564 -14800 -1128 -6101 4055 -17745 END
START -1244 -11644 -1576 -6975 5406 -16982 END
START -1112 -9988 -1784 -7592 6121 -15475 END
START -560 -7024 -1416 -4960 6667 -12869 END
START -768 -5088 -960 -3766 6481 -9828 END
START -356 -3356 -640 -3030 7123 -7069 END
START -280 -2504 -156 -4932 7216 -3832 END
START -260 -2344 592 -1506 6327 -652 END
START -44 -1436 936 -605 5482 2829 END
START -576 -2428 2076 -568 5230 5929 END
START -720 -2440 2780 -241 4294 9301 END
START -812 -3712 2660 909 2850 12140 END
START -728 -5476 3624 1951 1594 15478 END
START -1184 -7036 4724 4829 411 17837 END
START -2056 -9688 4560 4853 -677 20043 END
START -2232 -13964 3828 4362 -1019 21322 END
START -1980 -18820 3976 5548 -1696 21368 END
START -884 -23904 5564 6810 -2986 20673 END
START -200 -31632 3476 6219 -5059 18355 END
START 196 -32768 672 4881 -5247 14152 END
START 440 -32768 -620 2472 -4846 8582 END
START -56 -32768 -2848 715 -5405 2601 END
START 424 -32768 -5664 -1353 -4897 -3725 END
START 560 -32768 -5560 -4808 -2663 -9637 END
START -784 -32184 -4376 -6357 -1316 -13476 END
START -1408 -27768 -3592 -6477 -1429 -16283 END
START -1452 -23996 -2728 -6395 -1009 -17841 END
START -1648 -20984 -3204 -6678 358 -18575 END
START -1984 -17500 -2360 -9317 1972 -18801 END
START -2304 -15276 -3176 -8543 3115 -18418 END
START -2112 -12172 -4172 -6279 4345 -16979 END
START -2088 -9460 -3904 -6024 6009 -16049 END
START -1164 -7260 -2828 -6919 6992 -14060 END
START -208 -5124 -2948 -6365 8177 -11211 END
START 520 -4344 -2644 -5375 8299 -7923 END
START 1308 -3336 -2996 -3326 8206 -5318 END
START 1780 -2488 -2808 -3021 9062 -1905 END
START 1700 -1752 -2244 -3765 10469 1083 END
START 928 -2304 -1020 -2547 10167 3908 END
START -28 -2472 1080 2388 9071 6754 END
START 100 -1644 2848 3370 8449 10109 END
START -568 -1936 4160 2243 7546 13541 END
START -724 -3272 4956 728 6178 17004 END
START -2272 -5580 3808 3109 4509 20068 END
START -2740 -6932 3152 5405 3680 22462 END
START -4180 -10256 2812 6872 3839 24468 END
START -5068 -14204 5064 6988 3963 25613 END
START -6460 -21108 6832 7465 1749 24694 END
START -6540 -31220 6296 8336 -281 21607 END
START -3452 -32768 7792 7605 -1129 16850 END
START -896 -32768 9524 3245 -4454 11582 END
START 124 -32768 6548 2141 -9734 5939 END
START -952 -32768 2784 -1903 -7021 -2175 END