START 1400 -23464 -2868 6374 7663 9155 END
START 3728 -28600 -668 7528 4119 6604 END
START 4476 -31748 -436 2608 2337 3022 END
START 3792 -32768 -1784 -5026 4255 -2227 END
START 2376 -31372 -1960 -8216 4571 -7158 END
START 2452 -27092 -1252 -4560 3959 -10656 END
START 2948 -21848 -464 -3558 3847 -11421 END
START 3040 -18204 -424 -4559 3472 -11423 END
START 3488 -14944 -1704 -6187 3959 -10907 END
START 3436 -12776 -2900 -7046 4967 -10003 END
START 2612 -10764 -2560 -5928 6579 -9291 END
START 1768 -10216 -1872 -5339 6848 -7905 END
START 1072 -9548 -1392 -2180 6522 -6393 END
START 1492 -7468 -1572 -2232 6589 -4447 END
START 1580 -6652 -1956 -3295 7504 -2794 END
START 1508 -6368 -1336 -3678 7794 -954 END
START 1832 -6676 -908 -1054 7573 855 END
START 1464 -6208 -184 1165 6986 2701 END
START 1656 -6244 1148 2203 5896 4728 END
START 1848 -6144 2752 1624 4723 7308 END
START 1276 -7800 2852 25 3349 9804 END
START 1168 -8936 3220 -374 2900 11203 END
START 732 -9088 3104 -711 1312 12729 END
START 640 -9184 3504 -547 36 14392 END
START -304 -10000 2780 -729 -1866 17461 END
START -1868 -13452 2816 2178 -2348 18806 END
START -1540 -16284 3052 1968 -2993 19296 END
START -984 -20920 1460 -343 -4495 19469 END
START -488 -24916 -548 -536 -5381 18371 END
START 668 -29628 -3008 -821 -5356 15485 END
START 1056 -32768 -5404 -451 -4953 11671 END
START 1140 -32768 -7444 -421 -3964 6833 END
START 1836 -32768 -7616 -241 -2867 1368 END
START 1412 -32768 -7076 -1863 -1249 -4069 END
START -160 -32768 -6472 -3744 -694 -8682 END
START -344 -29176 -6100 -4744 1486 -12341 END
START -1132 -25552 -5240 -5306 2337 -14465 END
START -1236 -21928 -4896 -3767 2840 -16037 END
START -1248 -18704 -4032 -3289 3516 -16674 END
START -1584 -15584 -3964 -3534 4729 -16789 END
START -1372 -12904 -3240 -3556 5694 -16273 END
START -756 -10168 -3108 -4168 6011 -14654 END
START -568 -8968 -3416 -3722 6208 -12785 END
START -408 -6928 -2396 -1894 6193 -10283 END
START 272 -6020 -2156 -2101 5838 -7779 END
START 72 -5952 -1752 -1851 6122 -5631 END
START -60 -5584 -1204 -1596 6356 -3306 END
START -64 -5248 -644 -1530 5654 -861 END
START 640 -4604 -584 -482 4927 1615 END
START 868 -4620 -940 290 4370 4353 END
START 1592 -4960 -508 2153 4260 6943 END
START 1240 -5128 516 2902 3883 9258 END
START 1512 -5720 1108 1312 2939 12010 END
START 1324 -6804 432 559 2287 14881 END
START 20 -9216 -128 1759 2196 16935 END
START -1776 -11884 204 2622 2357 18276 END
START -2652 -14600 1596 3270 2451 19307 END
START -4024 -17524 3760 1951 1018 20443 END
START -4852 -23700 4660 -48 -2419 20531 END
START -4260 -29632 1188 -273 -4927 17754 END
START -2212 -32680 -2240 -68 -5122 13969 END
START -520 -32768 -2752 1528 -5679 9346 END
START 960 -32768 -4604 -8 -6318 4591 END
START 220 -32768 -6720 -1328 -5450 -949 END
START 152 -32768 -7484 -2911 -3649 -6346 END
START -1568 -32768 -6276 -3578 -1969 -11113 END
START -2412 -28844 -4960 -1489 -1749 -14879 END
START -2520 -23964 -3968 -2052 -1482 -16631 END
START -2352 -20696 -3848 -3514 266 -17728 END
START -2360 -17244 -3140 -5259 1114 -18185 END
START -2092 -14552 -2980 -5842 1216 -17721 END
START -1232 -12280 -3360 -5184 723 -16430 END
START -840 -10588 -5156 -4406 1487 -14676 END
START -112 -9376 -5292 -3850 3890 -13314 END
START 608 -7352 -4740 -3612 5356 -11717 END
START 1032 -5836 -4792 -3581 6979 -8757 END
START 972 -4600 -4308 -3024 8440 -6323 END
START 1128 -3400 -3488 -2928 8860 -3571 END
START 1380 -3220 -2264 -66 8206 -710 END
START 1568 -2836 -1880 2111 7967 2612 END
START 1152 -2820 -1372 2555 8056 5604 END
START 752 -2940 -208 2771 8347 8636 END
START 112 -3052 1372 2830 8330 11548 END
START -284 -2904 2340 588 6525 15355 END
START -1696 -5148 2048 -492 5540 18694 END
START -3432 -8048 3216 2809 3945 21154 END
START -5304 -11748 5084 7951 938 23217 END
START -7012 -14372 6852 8017 -1247 24825 END
START -8732 -20168 10712 1065 -6681 25154 END