START -2800 -19596 -7480 7563 11611 9406 END
START -2500 -22460 -6652 4216 13396 8619 END
START -2696 -27108 -5004 2349 16323 6966 END
START -3164 -30688 -1048 2214 15384 3444 END
START -2436 -32732 568 728 11880 775 END
START -2092 -32532 3148 1502 9862 -2826 END
START -2556 -32048 4992 3343 10155 -7727 END
START -2904 -27960 9152 -706 8817 -12073 END
START -2548 -25948 8732 -5879 6774 -14599 END
START -2688 -23560 7356 -7022 3637 -15904 END
START -2156 -20260 4892 -4694 1897 -17282 END
START -1120 -16788 4512 -3731 815 -18258 END
START 144 -13508 4128 -3498 -581 -16982 END
START 1176 -11528 2344 -5416 -586 -15268 END
START 624 -10208 1396 -6908 -504 -14542 END
START 952 -8396 284 -6473 -478 -14027 END
START 1312 -6324 -44 -3698 -1088 -11575 END
START 2184 -4820 -360 -3507 -1040 -9369 END
START 2540 -3844 -1232 -3661 173 -7486 END
START 2632 -2920 -924 -4623 -235 -5563 END
START 2216 -2588 -1192 -907 -1464 -2540 END
START 2688 -1160 -1508 868 -1135 1047 END
START 2028 -1764 -640 -1460 -1211 3552 END
START 2080 -3516 -1648 -1477 -2361 6128 END
START 1316 -4780 -2036 2347 -2697 8955 END
START 860 -4120 -1068 2598 -2825 12578 END
START -832 -6252 744 1449 -3486 14620 END
START -1668 -8040 1208 1555 -4544 17091 END
START -1856 -12168 -2580 2252 -4375 18816 END
START -2224 -12488 -2848 4144 -2092 19170 END
START -2856 -14404 -440 5566 -1078 20409 END
START -4040 -16528 4484 10079 -3359 21949 END
START -3864 -20800 3856 9496 -8117 24130 END
START -2392 -29488 -2464 6860 -7705 22758 END
START -2208 -32768 -4732 4327 -4079 17288 END
START -2508 -32768 -4056 5514 -3924 10931 END
START -720 -32768 -7376 1385 -2734 4402 END
START -1140 -32768 -7900 -2450 1225 -3032 END
START -2260 -32768 -5680 -1204 2976 -8183 END
START -2864 -32508 -3088 -3007 3611 -12573 END
START -3048 -27760 -2200 -7084 3979 -15373 END
START -3080 -23512 -1856 -6521 3183 -16147 END
START -2404 -20168 -2340 -6844 3793 -16503 END
START -2056 -17608 -1852 -5336 4858 -16464 END
START -2184 -15132 -2160 -3900 4328 -16007 END
START -1848 -12620 -2520 -4630 5738 -15753 END
START -2516 -11024 -3072 -5469 6721 -14445 END
START -2460 -8264 -1636 -4322 7715 -13566 END
START -2220 -5324 -508 -3323 7358 -11205 END
START -800 -3172 -80 -3401 6505 -7847 END
START -220 -2516 -464 -3812 6053 -4685 END
START 224 -3020 -1612 -2274 5579 -1836 END
START 252 -3052 -1568 -120 5855 205 END
START 276 -2608 -336 556 5854 2581 END
START 304 -2016 1172 436 5156 6058 END
START -296 -2500 2764 530 3392 9211 END
START -228 -3052 2956 1110 1851 12885 END
START -1120 -5316 2368 1241 709 15710 END
START -2712 -6716 2536 3003 -975 18445 END
START -3396 -8176 3824 3135 -1594 21233 END
START -4328 -14536 3528 1526 -3389 23011 END
START -3992 -22400 564 2693 -5023 22615 END
START -3212 -27412 -136 6204 -4165 20368 END
START -2576 -32152 1032 4211 -4552 18052 END
START -2368 -32768 -2548 84 -6160 13966 END
START -2300 -32768 -6408 -2004 -4859 7555 END
START -2648 -32768 -7632 -1180 -1878 392 END
START -3044 -32768 -6216 -646 -162 -5986 END
START -3416 -32768 -4292 -610 609 -11225 END
START -4016 -30240 -2960 -3146 784 -14663 END
START -4376 -25424 -2324 -4212 1313 -17102 END
START -3768 -21908 -2572 -5194 1979 -18459 END
START -3748 -19264 -3556 -4008 2620 -19260 END
START -3360 -15552 -4136 -3646 3837 -19840 END
START -2944 -12852 -4032 -4173 5733 -19750 END
START -2676 -10296 -3644 -2300 6551 -18201 END
START -1324 -8020 -3888 -1705 6957 -16015 END
START -1060 -6360 -3360 -92 7489 -13830 END
START -488 -4624 -3408 -238 8058 -11467 END
START -204 -3556 -3076 -196 9070 -9108 END
START -460 -3436 -3048 52 9678 -6076 END
START 184 -2252 -2892 3004 10224 -3513 END
START 212 172 -1684 4513 10870 -97 END
START 44 1516 404 3427 11641 3325 END
START -176 2396 2340 1438 11258 8043 END
START -620 1360 2076 2384 10366 13297 END
START -1936 176 1508 3605 9993 18645 END