START 1560 -18964 -9532 3392 10426 12624 END
START 448 -25804 -6956 979 10869 11717 END
START -332 -30248 -5272 -828 10055 9512 END
START -1960 -32524 -2304 -281 8393 7084 END
START -4696 -32768 1840 4647 8649 3181 END
START -5060 -32768 6404 1486 10204 -3527 END
START -5068 -31140 8356 -3157 7755 -9026 END
START -3388 -28024 6780 -2112 4073 -11948 END
START -1576 -24408 5600 -2271 3782 -13724 END
START -984 -20192 5424 -1857 3660 -15545 END
START -212 -16752 5120 -2083 1873 -15516 END
START 436 -14156 3852 -2886 407 -14354 END
START 564 -13180 1724 -3732 942 -14059 END
START 796 -11388 1508 -5418 1188 -13719 END
START 1264 -9280 644 -3826 463 -12198 END
START 1888 -7548 -360 -5408 -695 -10307 END
START 2288 -7700 -2796 -3720 1150 -8926 END
START 2356 -5936 -3104 -2774 3704 -8172 END
START 2108 -4980 -1656 -2159 3287 -6760 END
START 2624 -1588 -188 681 1992 -2997 END
START 3444 -728 892 -2335 681 644 END
START 3228 -1940 -32 -2888 833 3882 END
START 3016 -2888 -1244 -2225 2443 6205 END
START 1324 -3824 -1328 -2138 1972 8236 END
START 120 -3644 -1112 951 1382 11502 END
START -956 -5684 812 414 1560 14512 END
START -1648 -7004 1444 -198 582 16318 END
START -1704 -9688 -368 2831 -155 18231 END
START -2272 -10996 -2040 6154 2250 19173 END
START -3104 -10520 1448 6419 4367 21010 END
START -4248 -13108 6532 2476 1811 23164 END
START -5140 -19960 7724 3019 -2786 25293 END
START -3828 -28512 2624 1487 -5144 24385 END
START -3796 -32768 -1668 3230 -2414 19944 END
START -3880 -32768 -852 972 -351 14308 END
START -3688 -32768 700 748 -1358 8750 END
START -2436 -32768 -1464 -1394 -2309 3642 END
START -2984 -32768 -4264 -1774 -1291 -1334 END
START -3284 -32768 -4840 -1940 282 -6319 END
START -3824 -32768 -4644 -1945 1159 -10617 END
START -4084 -28644 -3392 -1592 1692 -13436 END
START -4080 -24652 -2948 -2142 2234 -14859 END
START -4392 -22808 -3556 -3046 3775 -16398 END
START -4440 -20200 -2588 -3999 4630 -17656 END
START -4156 -17036 -2368 -3588 4695 -17921 END
START -3496 -14180 -2556 -4046 5109 -17032 END
START -3100 -11956 -3796 -4834 7033 -16258 END
START -2444 -9788 -3228 -4362 8156 -15130 END
START -1860 -7116 -2912 -3241 8325 -13048 END
START -1128 -4640 -2372 -3070 9314 -10742 END
START -1060 -2756 -580 -2954 9383 -7600 END
START -396 -1376 576 -1201 7929 -4267 END
START -108 0 1996 -169 6976 -727 END
START -276 472 2860 -649 6199 2938 END
START -772 196 2520 -1486 5144 6531 END
START -956 -380 2676 -2343 4314 9877 END
START -2092 -2284 3044 -549 2778 13423 END
START -2968 -3928 3640 1031 1769 16116 END
START -4560 -5832 4600 777 343 18802 END
START -5328 -9576 3284 1508 -1563 21415 END
START -6028 -14256 2424 1094 -2103 23035 END
START -6516 -20288 3020 2298 -2778 22537 END
START -5536 -25840 1440 3982 -4812 21219 END
START -3144 -32008 -1692 4162 -4470 19074 END
START -2844 -32768 -368 1642 -1467 14519 END
START -3808 -32768 176 -10 -2850 9275 END
START -3516 -32768 -3444 492 -3717 3504 END
START -4232 -32768 -4032 1518 -1900 -3005 END
START -4804 -32768 -2124 691 -908 -9186 END
START -5268 -32768 -1112 -1079 -1345 -13693 END
START -5100 -28228 -1436 -618 -1555 -16274 END
START -4336 -24088 -1340 -2709 -755 -18059 END
START -4872 -20440 -1368 -2174 -489 -18767 END
START -4808 -17228 -2744 -2476 113 -18675 END
START -4488 -14240 -3788 -2931 1920 -18367 END
START -3536 -11500 -4020 -5368 3087 -18200 END
START -2488 -9284 -5028 -5981 4422 -16522 END
START -1232 -6812 -4388 -3729 5426 -13837 END
START -980 -4792 -4340 -2888 5363 -10641 END
START -152 -4948 -4816 -2680 6530 -8069 END
START -104 -4336 -4672 -757 8639 -5933 END
START -48 -3920 -3536 -406 10016 -3618 END
START -120 -3412 -2208 414 10766 -1209 END
START -316 -2764 -1488 1580 10997 1393 END
START -500 -1008 64 460 11199 4413 END
START -348 312 2032 434 10685 8457 END
START -1052 1140 3304 -1905 9743 12703 END
START -2776 -268 4388 -2520 7602 17697 END
START -4312 -1340 4004 -3584 5724 22575 END
START -6320 -3892 2440 -7946 5499 26111 END
START -9056 -9692 20 -9090 5852 28634 END
START -9688 -16612 1880 -4127 5057 31401 END
START -7936 -26032 3120 -8569 1334 31212 END