START 780 -22816 -6556 8224 10035 11783 END
START 680 -29424 -3428 6153 10134 9820 END
START -284 -32768 -1100 -694 11194 5083 END
START -2308 -32768 1548 -5521 9497 46 END
START -3600 -32768 2876 -2848 7589 -5935 END
START -3292 -32768 5632 -1630 8362 -11980 END
START -2984 -27168 7708 -4181 6660 -15849 END
START -1644 -21928 7248 -6066 4288 -16945 END
START -556 -17640 5780 -6428 2432 -16173 END
START 512 -13924 3656 -6093 1980 -15609 END
START 1236 -12184 3356 -5951 2094 -15212 END
START 1032 -10300 3164 -5858 895 -14212 END
START 1660 -8176 2484 -4409 -285 -12472 END
START 1820 -7756 784 -4965 742 -10361 END
START 2260 -6840 364 -6332 1393 -8857 END
START 1872 -6084 480 -3999 633 -7128 END
START 2544 -4800 -372 -3398 137 -4676 END
START 2392 -4560 -884 -2837 892 -2551 END
START 2500 -4276 -1068 -2657 1534 70 END
START 2092 -4332 -1300 -733 1254 1958 END
START 1944 -3788 -1152 1950 1075 4997 END
START 2028 -4124 -1132 1692 1450 7816 END
START 1576 -5472 -940 2026 1705 10148 END
START 624 -6096 -220 3459 1454 12672 END
START -936 -7000 1604 4337 1628 14594 END
START -2404 -8524 2916 6166 -164 16767 END
START -3024 -9528 3204 6852 -1351 19787 END
START -2764 -12464 2068 6029 -1181 21611 END
START -4160 -16648 1980 6464 -835 22367 END
START -4680 -21560 504 7467 -466 21540 END
START -4584 -27132 928 7770 539 19548 END
START -2988 -32768 40 9391 -23 16582 END
START 368 -32768 -768 11245 409 12226 END
START 2468 -32768 2044 8065 1039 7838 END
START 1460 -32768 3188 1558 -1141 4286 END
START -908 -32768 1112 -2880 -2871 -82 END
START -2428 -32768 -1236 -5157 -1751 -5568 END
START -3304 -32768 -1416 -6509 145 -10706 END
START -3520 -29500 -248 -4921 621 -14524 END
START -2564 -24432 808 -4888 585 -16338 END
START -2704 -21712 1024 -6841 1132 -17605 END
START -3320 -19516 840 -7058 1290 -18237 END
START -3540 -16880 -340 -6797 992 -18271 END
START -3344 -14424 -1436 -6971 2323 -18069 END
START -2804 -12032 -1948 -6532 3857 -17515 END
START -1300 -9268 -948 -6068 5211 -16338 END
START -816 -6576 516 -4507 4900 -13689 END
START -8 -4568 596 -4843 3920 -10514 END
START 524 -3848 -20 -4864 3504 -7504 END
START 804 -3400 -832 -3145 4163 -4969 END
START 616 -2948 -1740 -1081 5576 -2036 END
START 396 -3044 -1904 561 6299 385 END
START 268 -2680 -1388 1776 6605 3495 END
START 364 -3468 -656 3981 7308 6098 END
START -316 -2940 2084 4551 7112 9209 END
START -1164 -3804 4312 2957 5650 12467 END
START -1504 -5124 5144 1893 3709 16340 END
START -1780 -7020 3692 3729 2058 19428 END
START -2020 -9908 2256 5676 1959 21830 END
START -3428 -13048 3592 6439 3216 22826 END
START -4556 -17636 6076 4808 3257 23399 END
START -4360 -25832 7996 3053 -237 23299 END
START -3324 -32768 4988 2700 -2798 19936 END
START -1528 -32768 2260 1974 -2883 14323 END
START 512 -32768 -736 193 -2971 8061 END
START 640 -32768 -1068 -733 -2154 862 END
START -1040 -32768 -480 -2315 -1869 -5953 END
START -2148 -32768 -84 -5616 -778 -11658 END
START -3072 -31188 336 -7704 -152 -15805 END
START -2468 -26108 1268 -5825 -1219 -17904 END
START -2256 -21888 740 -6826 -2127 -18655 END
START -2732 -18772 -1012 -8153 -1334 -18812 END
START -2892 -16408 -2364 -8130 658 -18806 END
START -3336 -13532 -2788 -4909 2526 -18497 END
START -2924 -9976 -2828 -3089 3746 -17347 END
START -2016 -7420 -2316 -3559 5040 -15279 END
START -1104 -6256 -2712 -4222 5658 -12662 END
START -372 -5236 -3400 -1735 6878 -10250 END
START 396 -3396 -2440 -625 7504 -7506 END
START 872 -2932 -1912 -702 8250 -4604 END
START 668 -3016 -1444 -375 8910 -1743 END
START 436 -3016 -1068 1007 8595 1273 END
START 380 -2768 -200 1595 8736 3986 END
START 116 -2792 748 1149 9039 6934 END
START -92 -2852 1648 483 8671 10453 END
START -332 -4124 1840 2838 7946 13710 END
START -1116 -4504 1960 5550 8059 16588 END
START -2072 -4940 3492 4744 8848 19919 END
START -3400 -7264 4504 2883 7735 22882 END
START -5588 -12288 5340 3433 5940 24651 END
START -6532 -18052 9292 7401 3355 25280 END