START 432 -16040 -7284 5527 6753 11027 END
START -196 -21300 -6332 7369 7724 11766 END
START -292 -25216 -4924 4873 9477 10838 END
START -1312 -30264 -3248 -1016 10289 8254 END
START -1608 -32768 -1076 -3675 9891 3255 END
START -1044 -32768 488 -2766 8522 -1861 END
START -412 -32768 2448 -4834 7389 -5943 END
START -836 -29992 3756 -6515 6963 -9857 END
START -884 -25888 4544 -7304 7348 -13541 END
START -612 -21396 5148 -8504 6051 -15158 END
START 148 -18260 4152 -8992 4115 -15446 END
START 976 -14904 3848 -7651 2765 -14966 END
START 1520 -12024 3612 -7581 2614 -14297 END
START 1408 -9948 4080 -7667 857 -13118 END
START 2060 -8428 2564 -6326 -1098 -11157 END
START 2168 -7224 1728 -5473 -1392 -9145 END
START 1712 -6012 496 -4622 -1092 -7988 END
START 2084 -5720 900 -4855 -1792 -6198 END
START 2012 -5184 244 -2549 -2805 -4123 END
START 2340 -4284 -200 -2148 -2749 -1904 END
START 1840 -3728 -196 -1236 -2718 -68 END
START 1176 -4516 -364 -591 -3787 2678 END
START 852 -5192 -560 3156 -4509 5162 END
START 880 -5392 -1540 3079 -4889 7580 END
START 596 -5688 -928 3682 -3791 9893 END
START 52 -6076 -156 2478 -3401 12207 END
START -276 -7624 160 3828 -4387 15130 END
START -736 -8972 -560 5566 -5398 18063 END
START -1320 -12676 -2052 7847 -5613 20533 END
START -2372 -18812 -4248 9327 -4853 21192 END
START -2608 -25712 -4624 12748 -3254 19902 END
START -1664 -29976 -3336 12677 -2270 17141 END
START -572 -32768 -4008 8604 -1468 13084 END
START 860 -32768 -3500 7171 -1293 8546 END
START 1580 -32768 -3696 4060 -2280 3336 END
START 804 -32768 -5260 -1915 -1859 -1835 END
START -304 -32768 -6352 -5649 -187 -6736 END
START -1048 -29624 -5612 -6235 1565 -10779 END
START -1220 -24340 -3988 -7584 2766 -13236 END
START -1128 -20540 -3080 -8378 3457 -14058 END
START -968 -17520 -3480 -7764 4328 -14106 END
START -1132 -15256 -4232 -6335 5038 -13732 END
START -740 -13192 -4644 -5624 6462 -13348 END
START -848 -11288 -4408 -5810 8414 -12259 END
START -1060 -10760 -4052 -5665 9267 -11103 END
START -792 -9388 -3492 -2895 9822 -9120 END
START -760 -8364 -2880 -970 10302 -7269 END
START -1212 -7496 -2348 -749 10493 -5486 END
START -1184 -6844 -1884 -663 10425 -3091 END
START -1208 -6376 -1680 708 10678 -738 END
START -780 -6032 -1116 1844 10679 1430 END
START -168 -5428 412 2187 10351 3974 END
START -60 -4904 1232 2490 9525 7264 END
START -192 -5604 1552 3374 8360 10496 END
START -200 -5648 2176 4407 6968 13975 END
START -368 -6616 1520 3509 6310 17186 END
START -304 -7736 992 2444 5838 21198 END
START -724 -8916 796 -265 4343 25634 END