START 2156 -18912 -7976 10797 3187 8784 END
START 2792 -22124 -7404 6500 4815 8752 END
START 2568 -25524 -7184 4428 6771 6609 END
START 3292 -27468 -4696 1884 8700 4038 END
START 2344 -29732 -1712 -2483 10128 276 END
START 1020 -30772 1628 -5341 9285 -2099 END
START 268 -29672 3912 -4127 7145 -4232 END
START 928 -27932 5876 -2873 4904 -6664 END
START 1308 -24612 6280 -3562 4471 -8653 END
START 1328 -21072 6308 -8013 2894 -11038 END
START 2128 -18456 5264 -8249 1332 -11972 END
START 2356 -14000 4156 -5961 -615 -11504 END
START 3256 -10004 2540 -6131 -814 -11462 END
START 3452 -7804 1824 -6487 -81 -10254 END
START 3872 -5148 1088 -5442 -67 -8252 END
START 3832 -3744 568 -4784 -303 -6166 END
START 3776 -3196 296 -3797 -1077 -3768 END
START 3400 -3032 -488 -1056 -1598 -1118 END
START 2992 -3060 -644 484 -1047 1376 END
START 2096 -4104 -1648 5 -96 3631 END
START 1768 -5944 -1908 -642 268 5629 END
START 1324 -7956 -2520 2033 -681 7491 END
START 1508 -8068 -3072 5024 -997 9522 END
START 1076 -8612 -2108 5951 1418 11050 END
START 232 -10856 468 5784 1471 13245 END
START -388 -12784 2532 6693 -1051 15319 END
START -500 -15872 1252 5306 -2408 16548 END
START -156 -19044 -1336 4448 -841 16373 END
START 1072 -23460 -1176 3975 66 15449 END
START 2552 -27808 156 5836 -1646 13831 END
START 3148 -32716 -1496 5265 -3241 11900 END
START 2980 -32768 -2884 504 -999 7938 END
START 1344 -32768 -2100 -3217 82 2596 END
START -232 -32768 -2368 -3440 -1341 -2730 END
START -900 -32768 -3080 -4935 -417 -7728 END
START -1136 -30012 -2536 -7150 2030 -11691 END
START -1200 -24568 -796 -5747 1688 -14217 END
START -248 -18736 -632 -4528 329 -14526 END
START 144 -15136 -1752 -5574 1303 -14150 END
START -144 -12252 -3236 -6393 3935 -13574 END
START -360 -10972 -4040 -6418 5245 -12838 END
START -164 -8956 -4376 -4186 6047 -11869 END
START 304 -7020 -4176 -2211 7986 -10381 END
START 112 -4724 -3484 -3001 10586 -8518 END
START -744 -4136 -2516 -2267 11033 -6233 END
START -128 -2692 -2744 3270 9207 -2369 END
START 1052 -1716 -4296 4172 10247 433 END
START 1404 -1608 -3728 3248 13692 2813 END
START 276 -2076 -1364 3709 15019 5492 END
START -612 -1696 1952 6773 12404 9232 END
START -656 -2744 4736 8137 9091 13564 END
START -1520 -4584 7012 5883 7412 17168 END
START -4216 -9180 7804 3635 5386 19192 END
START -5096 -12504 6368 3389 2283 20933 END
START -4592 -15256 3320 4004 1287 21791 END
START -3952 -19176 1712 3658 2402 20843 END
START -2880 -24640 2920 5542 1296 19337 END
START -1828 -29824 5080 6746 -1334 16404 END