START 1364 -20688 -6304 760 9011 4130 END
START 656 -21876 -4792 2225 12852 4771 END
START 356 -24944 -1752 2953 11157 2207 END
START 68 -27484 -624 2375 7836 -199 END
START -936 -29332 2316 1503 6981 -3821 END
START -760 -28572 4972 -4581 6145 -8620 END
START -136 -25448 4760 -9910 6186 -11901 END
START -252 -22620 4940 -9029 5576 -12535 END
START -504 -19368 5760 -6163 3651 -13756 END
START -324 -16640 6064 -6865 1566 -14314 END
START -784 -14652 5652 -6029 670 -14444 END
START -476 -12068 5288 -6525 65 -13576 END
START 536 -9720 4468 -6518 -770 -13180 END
START 1196 -7336 4116 -5045 -1953 -11218 END
START 1276 -5216 3268 -2180 -3390 -7837 END
START 1996 -4484 2048 -810 -3430 -3914 END
START 2420 -3872 1556 -1852 -2991 -1640 END
START 2092 -4312 1368 -2498 -4242 1351 END
START 2536 -5296 -616 -171 -4256 4553 END
START 2132 -5796 -1156 3338 -2567 7913 END
START 2084 -7132 -1012 3161 -2841 10318 END
START 1604 -8564 -1128 4137 -3042 11870 END
START 1084 -10348 -284 7630 -3006 14563 END
START 256 -12676 884 11250 -3374 17325 END
START -520 -14900 2740 10581 -3791 18170 END
START -404 -17384 2464 5106 -3759 18666 END
START -468 -19684 -1964 -616 -2879 18485 END
START -700 -23844 -4072 593 -2069 17743 END
START -984 -27336 -3056 7937 -1340 15493 END
START -1052 -29584 -1628 5766 -2485 12442 END
START -980 -31864 -2056 -1114 -2286 8369 END
START -1512 -32768 -1908 -2324 -1982 2954 END
START -972 -30424 -2252 -1493 -1271 -2207 END
START -296 -28480 -2596 -5577 -1123 -5557 END
START -548 -26640 -2968 -5304 -250 -9148 END
START -872 -24012 -2788 -4726 643 -11789 END
START -964 -20908 -2164 -5894 1619 -13438 END
START -1008 -19664 -2044 -7163 2774 -14471 END
START -1048 -17764 -1620 -6299 3952 -15421 END
START -1576 -15596 -2320 -5243 4599 -15489 END
START -984 -13832 -2248 -4859 5963 -15436 END
START -660 -11356 -2580 -5999 7390 -14674 END
START -328 -9352 -2696 -5963 8941 -13646 END
START -304 -7380 -2880 -5254 10409 -9874 END
START -368 -7880 -2164 -1909 11868 -7460 END
START -408 -6516 -500 -759 11308 -4569 END
START -524 -6324 208 410 11310 -1448 END
START -660 -6832 1124 667 11862 1325 END
START -580 -5932 1980 -324 10408 4174 END
START 216 -6548 1764 284 9791 7700 END
START 272 -4912 1248 914 9136 12868 END
START 24 -8284 2328 3489 8784 15961 END
START -360 -9376 3508 6181 7719 19787 END
START -696 -13220 5040 7365 6097 23431 END