START 1156 -17532 -5632 4936 1335 9562 END
START 1396 -19536 -7288 5768 1808 8976 END
START 1924 -24096 -8688 4395 5185 8265 END
START 1084 -27444 -5556 5170 8500 5141 END
START 1036 -28480 -1836 709 6888 2757 END
START 2636 -30624 -1348 -4260 6111 971 END
START 1716 -31036 -1592 -4642 6226 -1671 END
START 724 -29412 -984 -3386 6435 -4924 END
START 280 -26536 404 -5066 5830 -7473 END
START 488 -22172 180 -7736 4356 -8636 END
START 1108 -19612 84 -8700 3956 -9022 END
START 1212 -17160 -1208 -6715 4618 -9801 END
START 1304 -13692 -1052 -6807 4674 -9649 END
START 1500 -11212 -760 -5751 4558 -8592 END
START 2200 -9200 -1000 -5968 4370 -6947 END
START 1788 -8492 -532 -5221 4243 -5243 END
START 2336 -7492 -976 -4669 4704 -4175 END
START 2040 -6116 356 -2927 3421 -2816 END
START 1932 -5620 68 -2629 2987 -771 END
START 1720 -5060 252 -3121 2606 1203 END
START 1372 -5760 -616 -1470 2391 2967 END
START 984 -5316 -580 -164 1773 4211 END
START 1100 -5572 -864 260 914 6096 END
START 760 -5612 -576 1610 826 7849 END
START 316 -6048 288 3575 169 10205 END
START 380 -7792 1120 3048 -1363 12717 END
START -268 -9792 1204 2816 -2240 14883 END
START -252 -15436 -924 3021 -3136 16358 END
START -112 -22144 -2516 6256 -3632 15670 END
START 444 -26488 -3192 6962 -3260 14117 END
START 2080 -30304 -3432 2744 -2857 12228 END
START 2576 -32768 -5656 742 -3220 9615 END
START 1724 -32768 -7952 1512 -1336 5473 END
START 176 -32768 -7508 -721 647 -41 END
START -868 -32768 -5712 -3462 1264 -4657 END
START -1164 -32684 -5216 -4684 1721 -7994 END
START -1172 -28196 -5740 -6235 2835 -10537 END
START -968 -23596 -4652 -6515 3311 -12418 END
START -824 -19952 -4296 -5888 2910 -12840 END
START -668 -17052 -4888 -5819 3296 -12879 END
START -408 -14708 -4900 -5855 4793 -12836 END
START -768 -11652 -4740 -5846 5307 -11334 END
START -648 -10476 -4556 -5504 5762 -10227 END
START -772 -8516 -4160 -3873 6165 -9347 END
START -560 -6400 -3452 -2514 6074 -7483 END
START -140 -4508 -3500 -1700 6687 -5349 END
START -392 -4440 -3364 -2290 7592 -3979 END
START -436 -3836 -3008 200 7635 -2775 END
START 344 -2148 -2580 1685 7175 -514 END
START 640 -1432 -1748 2858 7564 1964 END
START 960 -2552 192 4836 7592 4028 END
START 952 -1392 1712 3425 5727 6908 END
START 1120 -2796 2300 2533 3602 10548 END
START 696 -4684 788 3297 1980 14585 END
START -692 -9096 -884 5532 1867 16362 END
START -2724 -11024 -1192 7847 2857 17107 END
START -2804 -14100 -900 8562 4963 17108 END
START -2408 -16260 -752 6451 6805 17342 END
START -1752 -19288 -1056 4026 7476 16634 END