START 1128 -18284 -8308 3673 3222 7341 END
START 452 -23016 -7020 3495 5699 5993 END
START 976 -25888 -4064 1492 6408 3401 END
START 2208 -28216 -2336 -1925 7349 1392 END
START 2064 -30960 1320 -388 6626 -2992 END
START 1056 -28876 4448 564 3974 -6830 END
START 904 -24792 6080 -3753 2321 -8979 END
START 928 -20644 4844 -7409 1659 -10099 END
START 1876 -16112 2192 -9349 970 -9738 END
START 1812 -12068 -36 -7277 611 -8760 END
START 3216 -9800 -828 -5465 -535 -7873 END
START 3332 -7948 80 -4097 -1946 -6435 END
START 3052 -7232 -1112 -4179 -1974 -3743 END
START 1892 -7232 -1020 -4645 -1909 -2227 END
START 1360 -7456 -2612 -3818 -2714 -457 END
START 1124 -6812 -4020 -3193 -1784 976 END
START 760 -7116 -6244 -1174 476 2301 END
START 708 -6336 -6136 -7 3161 3127 END
START 1224 -6132 -4020 547 2624 4666 END
START 928 -5032 -2444 3417 1027 6375 END
START -356 -5596 -1012 3431 553 9444 END
START -664 -6440 92 2721 402 12659 END
START -1712 -8212 -716 3166 492 15178 END
START 64 -9824 -4844 7086 -889 16944 END
START -2644 -11444 -1480 6361 798 16713 END
START -3684 -12048 344 5668 1515 18222 END
START -4872 -16800 2660 4604 202 20329 END
START -4768 -22160 1764 7220 -1615 20610 END
START -4688 -30992 -760 8385 -2323 18915 END
START -4824 -32768 -2276 6584 -2149 14165 END
START -3308 -32768 -2592 3299 -1233 7631 END
START -2036 -32768 -1524 -430 -1691 1158 END
START -2272 -32768 -3728 -2821 -2812 -3441 END
START -2872 -32768 -4568 -6876 -852 -8133 END
START -3344 -31540 -2756 -7822 -38 -11611 END
START -4064 -26360 -3316 -6340 -910 -13455 END
START -3444 -22792 -3920 -8260 -157 -14501 END
START -3292 -19820 -4232 -9512 1458 -15370 END
START -2872 -17580 -4960 -8759 3470 -15493 END
START -3448 -14736 -5108 -6224 3817 -15427 END
START -2664 -12264 -5520 -5218 4779 -14751 END
START -2888 -10516 -4248 -5562 6704 -13752 END
START -2796 -8728 -4028 -5179 7698 -11986 END
START -2676 -6684 -3568 -3848 7821 -9693 END
START -1888 -5744 -3672 -2965 8940 -7400 END
START -1604 -4828 -2768 -3537 9249 -5433 END
START -1832 -3364 -2156 -1349 8395 -3160 END
START -1564 -3716 -2436 810 7868 -1148 END
START -2064 -2816 -1296 2705 7920 433 END
START -1672 -2140 1024 2369 7262 2973 END
START -1696 -2392 2904 2665 5500 5762 END
START -1096 -3004 1988 2153 3278 9051 END
START -1576 -3412 164 3333 2689 12191 END
START -1932 -3096 -840 4384 2612 14932 END
START -2172 -3404 -1288 3426 3111 19138 END
START -3740 -7244 -2124 5003 4242 21527 END
START -2612 -12856 -5396 5498 5865 24330 END
START -2572 -20780 -6868 2631 10063 21704 END
START -2480 -29520 -3360 9123 10670 19421 END