START -140 -21268 -6036 12004 3713 10442 END
START -832 -24172 -4300 6160 6904 9321 END
START -1056 -29308 -2192 -363 10498 6548 END
START 524 -31872 332 -5376 10893 3205 END
START 1280 -32388 1356 -6254 8310 -153 END
START 1252 -31208 1260 -5250 6660 -3936 END
START 1024 -29260 1916 -5947 7463 -7698 END
START 300 -25744 4096 -7409 7911 -11157 END
START 1088 -22324 4376 -8396 5563 -12616 END
START 2548 -18304 3376 -9259 4501 -12772 END
START 3272 -16296 2312 -11648 3761 -12322 END
START 2592 -14184 1676 -9214 2062 -11963 END
START 2816 -11860 1472 -8589 539 -11398 END
START 2804 -9844 1932 -7068 -339 -10432 END
START 3012 -7408 1168 -7788 -484 -8672 END
START 2680 -6536 592 -6643 -315 -7144 END
START 2436 -4896 304 -5506 -880 -4960 END
START 2572 -4200 252 -5327 -1554 -2920 END
START 2436 -4152 -260 -3853 -2569 -748 END
START 1916 -4668 -236 -27 -3376 790 END
START 1984 -4000 -868 191 -4857 3226 END
START 1620 -5600 -1268 1380 -6326 5459 END
START 1532 -5704 -2140 3466 -6286 7742 END
START 1200 -7256 -2900 2043 -3848 9291 END
START 948 -7548 -2508 575 -3198 11029 END
START 244 -8832 -1836 3015 -3871 13335 END
START -236 -10360 -2508 8102 -4378 14986 END
START -1016 -13100 -4592 8504 -4277 16688 END
START -1196 -17084 -6024 9600 -2996 16742 END
START -780 -20536 -5684 12074 133 15965 END
START -124 -23868 -3580 13475 380 14899 END
START -124 -27572 -2160 12755 -1297 13484 END
START 284 -32632 -2608 10405 -1462 11024 END
START 336 -32768 -3352 6634 -1381 7362 END
START 668 -32768 -3312 641 -900 2971 END
START 400 -32768 -3760 -3530 -856 -1126 END
START -116 -32768 -5120 -5856 -932 -5230 END
START -464 -29264 -5516 -7220 689 -9084 END
START -808 -25244 -4868 -9593 2447 -11476 END
START -1224 -21704 -3852 -9010 3577 -12643 END
START -1124 -18660 -3156 -7461 3790 -13351 END
START -1020 -15568 -3136 -7171 3547 -13198 END
START -1044 -13312 -3792 -7537 4434 -12498 END
START -888 -11812 -4504 -7812 6969 -11889 END
START -1096 -10156 -4624 -6241 9305 -11311 END
START -1176 -8232 -4320 -3890 9305 -9485 END
START -748 -7580 -5108 -1341 9980 -7758 END
START -392 -6088 -4452 86 12550 -6249 END
START -264 -5488 -2192 23 13524 -4491 END
START -184 -4008 -1440 2102 13780 -2159 END
START 176 -3532 -356 2791 12355 1252 END
START -40 -4060 1132 4912 10552 4700 END
START -264 -3688 2924 7028 8666 8310 END
START -528 -3572 3840 6326 6115 12154 END
START -960 -5040 3160 6765 4423 16342 END
START -1316 -7512 2984 8273 3149 19847 END
START -848 -12092 1848 11319 2433 22125 END