START 4308 -11200 -2764 3063 2548 7239 END
START 3368 -9268 -5148 -482 3105 9106 END
START 2752 -15664 -3592 -49 7085 11011 END
START 2580 -22572 -124 5805 7756 10906 END
START 3348 -27284 2500 5991 7437 9522 END
START 4260 -32768 4448 -2006 6899 4184 END
START 4656 -32768 4572 -8445 5509 -991 END
START 3436 -32768 3716 -8871 6047 -7545 END
START 2148 -32528 4104 -9440 4265 -11912 END
START 2280 -26600 4076 -6541 3916 -13737 END
START 2152 -20968 3760 -7395 2671 -15031 END
START 2740 -15964 2028 -6819 2798 -15329 END
START 2720 -12764 1616 -7056 2950 -13966 END
START 3016 -9108 864 -8264 2170 -12164 END
START 2228 -8200 116 -8169 3551 -11321 END
START 2472 -7652 640 -5848 3848 -9884 END
START 1336 -7184 884 -4528 3596 -8294 END
START 2232 -5716 1812 -4568 2899 -6117 END
START 2668 -5044 980 -4805 3061 -3365 END
START 2756 -4588 636 -4681 3567 -1550 END
START 2900 -4900 1128 -3220 2677 216 END
START 2356 -3984 1436 -774 1223 2148 END
START 3148 -4076 1492 -597 832 4403 END
START 3412 -3880 1368 254 1856 7083 END
START 2664 -4284 1580 638 2205 10163 END
START 1304 -3644 3172 1305 1911 12099 END
START 592 -4928 3860 2628 627 14773 END
START 68 -5884 2492 5355 -148 18291 END
START -828 -7744 1448 6276 1460 20328 END
START -2348 -11100 3128 6045 2233 21658 END
START -876 -16252 2872 8544 2358 23559 END
START 836 -25916 3980 10125 1882 24409 END
START 1452 -32768 5100 10018 23 20953 END
START 2588 -32768 5552 6445 -1764 15317 END
START 4560 -32768 3296 1470 -2661 9446 END
START 3684 -32768 1124 -698 -3666 1561 END
START 2724 -32768 -2080 -4022 -2797 -6083 END
START 980 -32768 -3060 -6862 -634 -12847 END
START 532 -30992 -1676 -7603 572 -17018 END
START 508 -25456 -1156 -6765 223 -18191 END
START 664 -21168 -1280 -6345 170 -18521 END
START -100 -17336 -2404 -7981 1739 -18441 END
START -740 -13712 -1692 -9531 3226 -18127 END
START -460 -11160 -1556 -8348 3882 -16579 END
START 556 -8032 -1700 -6497 4519 -14149 END
START 528 -6004 -2516 -5905 5959 -11465 END
START 764 -4456 -2080 -6502 7058 -8847 END
START 600 -3784 -1492 -6691 8184 -6392 END
START 556 -4180 -1300 -4490 7899 -3471 END
START 376 -4052 -800 -1931 7699 -1401 END
START -1016 -548 -44 -2474 6563 1560 END
START -148 -2392 1592 -1048 7296 3730 END
START -304 -2216 2748 -550 6518 6709 END
START -520 -2460 2288 140 5784 9523 END
START -1300 -2840 1800 1656 5189 12541 END
START -1596 -3904 1576 3409 5311 15356 END
START -2824 -5100 1932 4279 5754 18454 END
START -4012 -6884 1816 5823 5665 21251 END
START -4612 -7364 2016 5885 6252 24485 END
START -2552 -15260 1108 7001 7416 26856 END
START -1664 -26292 2692 9635 8716 25905 END
START 144 -32768 5984 9778 10940 21273 END
START 76 -32768 13188 6770 11555 13256 END