START 4404 -25032 -6604 5520 4715 8540 END
START 3728 -30564 -6420 5546 7856 3432 END
START 5132 -31352 -3052 -209 9670 -1728 END
START 4852 -29796 -8 -4894 9048 -5404 END
START 3608 -28040 2128 -4832 7519 -7365 END
START 1808 -26020 4220 -4675 7479 -9035 END
START 424 -25124 6712 -6348 7196 -10973 END
START -400 -21808 7016 -7976 4907 -12377 END
START -428 -17688 6776 -7801 2920 -13011 END
START 968 -13388 5312 -6869 328 -11713 END
START 1484 -10164 2848 -7913 468 -10663 END
START 1720 -8260 2520 -7444 -536 -10357 END
START 2204 -6028 2072 -4678 -1695 -8883 END
START 3384 -4488 1072 -4811 -2467 -6265 END
START 2896 -3580 168 -5515 -2381 -3596 END
START 2680 -4604 -764 -3782 -2063 -1546 END
START 2784 -4168 -1780 -2099 -1905 619 END
START 2940 -3804 -3008 -1826 -487 2533 END
START 2424 -3240 -3048 -2495 171 5064 END
START 2088 -3736 -2448 -1766 1352 7356 END
START 816 -3448 -1368 747 1482 10059 END
START -80 -5788 -880 2579 -200 13360 END
START -1688 -9848 0 6193 -443 14955 END
START -1672 -12488 588 6239 106 15730 END
START -1164 -14024 2800 4424 -336 16711 END
START -364 -16124 4400 6372 -2918 18598 END
START 520 -21448 2284 6998 -5697 20077 END
START 412 -29980 -428 7112 -5984 18096 END
START 2400 -32768 -1708 4901 -4859 14421 END
START 4812 -32768 -5084 1063 -3333 9630 END
START 4680 -32768 -8076 -1806 -2230 3774 END
START 3396 -32768 -9168 -73 322 -3113 END
START 1708 -32768 -7292 -1588 2857 -9142 END
START -152 -32060 -4320 -4509 4491 -12852 END
START -804 -26184 -3448 -6255 4649 -14834 END
START -944 -22028 -4024 -6020 4413 -15996 END
START -1212 -17916 -4644 -4776 5728 -16586 END
START -1200 -13980 -3724 -6051 7189 -16546 END
START -604 -10992 -2076 -7163 7791 -15357 END
START -344 -8352 -1612 -6499 7560 -12736 END
START -328 -6792 -1580 -5365 7435 -10182 END
START -64 -6064 -1888 -3744 6967 -6895 END
START -804 -5940 -2332 -3419 7949 -5399 END
START -1348 -5864 -1836 -4282 8242 -4256 END
START -980 -5404 -1216 -1159 7585 -2306 END
START -980 -4108 -1280 311 8413 107 END
START -384 -3264 -920 364 8718 2260 END
START 232 -2236 636 1176 8567 4497 END
START 592 -968 2332 1688 7656 7718 END
START 1456 -1116 3128 1729 6272 12319 END
START -380 -3640 2172 4255 5453 15944 END
START -1268 -6184 2240 5869 5302 19048 END
START -1284 -7428 2784 5734 6401 21018 END
START -1316 -9260 2832 3384 6928 23718 END
START -3796 -16180 4908 3956 6433 26207 END
START -1628 -23620 4096 12173 3654 27358 END
START -2820 -32768 4872 11806 5365 23645 END
START -1224 -32768 5848 -1416 6036 16447 END