START 3208 -23232 -5120 4781 6144 6386 END
START 4472 -26564 -3700 1593 7465 4406 END
START 4172 -29688 -1360 -3203 7757 1995 END
START 2116 -30392 -312 -2615 7377 -1286 END
START 644 -29028 3004 -2191 6817 -4571 END
START -1316 -26376 5916 -4374 5341 -7733 END
START -1204 -23008 6512 -6725 1935 -9262 END
START -56 -19020 4808 -7535 1279 -10366 END
START 1124 -15272 2404 -9656 3169 -11128 END
START 996 -12256 1600 -9007 3860 -11383 END
START 1692 -9748 1880 -4864 1891 -9921 END
START 2140 -7120 1820 -2188 255 -7408 END
START 2804 -5496 1368 -4228 357 -5282 END
START 2200 -5576 1148 -5542 993 -4125 END
START 1592 -5360 1680 -2630 -399 -2203 END
START 2252 -4928 1192 -585 -1933 77 END
START 2604 -5604 412 -280 -2116 2059 END
START 2468 -6632 -828 993 -1855 3703 END
START 2636 -6688 -1164 2037 -1727 5879 END
START 2284 -7392 -144 4568 -1527 7871 END
START 2320 -7752 1256 4406 -1714 9912 END
START 1204 -9116 1256 4122 -1792 12426 END
START 652 -11352 308 4473 -2142 14513 END
START 104 -14240 -284 5948 -2597 15397 END
START 1548 -17332 0 7226 -2707 16334 END
START 2196 -20184 -680 5848 -3220 16837 END
START 2508 -24152 -2308 3958 -3008 15868 END
START 2384 -27504 -3664 2150 -1087 13511 END
START 1776 -31764 -4076 1288 -333 11490 END
START 1396 -32768 -4240 745 739 8768 END
START 440 -32768 -3952 -2304 2565 4239 END
START -1132 -32768 -2844 -4318 3524 -983 END
START -2300 -32568 -1568 -4930 2601 -4928 END
START -3212 -29996 -1152 -4559 1320 -8259 END
START -2592 -27008 -2076 -5234 2041 -11262 END
START -2836 -23568 -2288 -5952 3394 -14069 END
START -2308 -18760 -2900 -6690 3619 -14623 END
START -1036 -15744 -4228 -5003 5238 -14935 END
START -732 -12144 -3512 -4041 6877 -14318 END
START -808 -10480 -2808 -2674 7056 -13175 END
START -212 -8296 -2480 402 7109 -11277 END
START 368 -6444 -2156 -119 7441 -9356 END
START 520 -6260 -2288 -769 7926 -7248 END
START 308 -5200 -2048 1324 8427 -5327 END
START 492 -4152 -2432 3359 8797 -2978 END
START 452 -3100 -2180 3566 10359 -744 END
START 20 -3004 -1552 4523 11992 1671 END
START -1348 -3384 804 8072 10918 4243 END
START -1400 -3668 1984 10008 9613 6642 END
START -896 -4244 3204 8951 9750 9535 END
START -940 -5228 3392 5836 9999 12157 END
START -1308 -6912 3956 5066 10163 14351 END
START -1880 -10024 5092 8323 10063 16731 END
START -2388 -13896 6124 10439 10954 18424 END