START 3672 -15572 -8020 2175 6721 11154 END
START 3544 -20088 -6312 5377 5036 10133 END
START 2808 -23128 -7724 12202 3365 8871 END
START 3420 -27056 -6400 8457 5577 7459 END
START 1596 -30668 -3192 -1452 9801 4282 END
START -1188 -32768 1124 -4864 10012 795 END
START -1988 -32028 4840 -1347 5413 -2659 END
START -2056 -29916 5432 -1700 3360 -6231 END
START -552 -26036 4688 -7259 4369 -9416 END
START -132 -22544 4336 -9859 5619 -11995 END
START 1096 -18340 4300 -7993 2660 -13067 END
START 4092 -13728 2844 -5056 212 -12025 END
START 5372 -11176 1892 -6950 557 -10867 END
START 4564 -10136 400 -7482 2385 -9958 END
START 2976 -9004 616 -3307 549 -9381 END
START 2880 -7400 120 -893 -2026 -7575 END
START 3188 -6200 544 -1476 -1519 -5763 END
START 2392 -5200 1772 -3955 -120 -3994 END
START 2228 -4892 2172 -4759 -1615 -1793 END
START 2084 -4268 1212 -3157 -3951 587 END
START 2000 -4912 -1060 -2238 -4057 2440 END
START 1540 -6172 -2104 -387 -3934 3408 END
START 2000 -6860 -2364 1674 -4206 4400 END
START 2076 -7964 -1784 2750 -3365 5612 END
START 3188 -8140 -1352 1871 -3688 7848 END
START 2384 -10264 -2448 721 -3054 9581 END
START 1200 -12712 -3428 4068 -2839 10673 END
START 916 -12508 -2632 7701 -2949 11509 END
START 1684 -14568 -2116 6675 -2581 12804 END
START 1168 -16948 -1908 6227 -2084 13791 END
START -36 -20120 -856 9045 -2741 13742 END
START 760 -21160 328 10954 -4131 13448 END
START 1848 -24164 -1712 6393 -4888 13935 END
START 2840 -29464 -4504 3396 -4447 12917 END
START 1972 -32768 -7068 2925 -3636 9726 END
START 40 -32768 -8084 2261 -1834 4986 END
START -1160 -32768 -6732 -1064 733 -240 END
START -1972 -32768 -5924 -3122 2646 -4897 END
START -1884 -31336 -4500 -3321 4403 -9270 END
START -1480 -26424 -2264 -5826 5202 -12120 END
START -284 -22956 -1068 -6732 5487 -13464 END
START -208 -19672 -324 -6591 4627 -14474 END
START 404 -16560 -788 -5054 3074 -14495 END
START 1276 -14672 -2600 -6133 3417 -14087 END
START 1524 -13476 -3040 -4461 5245 -14175 END
START 1744 -11480 -2388 -2534 5650 -13509 END
START 2300 -10508 -3344 -2301 5688 -11869 END
START 2756 -9224 -3712 -1850 7838 -10980 END
START 2036 -7548 -4552 -1937 9486 -9063 END
START 1724 -6136 -4036 -21 11109 -6848 END
START 2048 -4632 -2940 522 11963 -4056 END
START 2140 -3052 -3324 -211 13274 -1074 END
START 1308 -2628 -3476 -2787 15379 2269 END
START -124 -2508 -1628 494 15272 6164 END
START -1288 -1460 -440 2577 14266 9066 END
START -2084 -2456 2228 2518 14845 11667 END
START -3448 -2688 5444 -1637 13150 14811 END
START -4708 -6164 5808 -2934 9069 16911 END
START -6100 -8652 6348 4045 2478 19496 END
START -5504 -10912 6056 8613 -2840 20500 END
START -5156 -14448 4552 8610 -4159 21017 END