START 5196 -22760 -6360 4547 4326 12695 END
START 4304 -27448 -6140 2268 8180 10857 END
START 2144 -30828 -3476 -600 10051 6866 END
START 600 -32760 -80 -4745 9294 2473 END
START -2696 -32768 3848 -5704 7648 -1946 END
START -3888 -31312 6572 -7210 4252 -6102 END
START -2888 -27820 6388 -7142 2687 -9656 END
START -632 -21724 5464 -7821 4232 -12317 END
START 384 -16808 5264 -8793 3848 -13187 END
START 1640 -12376 3932 -6876 2042 -12573 END
START 3044 -8952 2792 -6273 393 -10507 END
START 3608 -6408 1392 -4993 614 -9265 END
START 3832 -5044 1680 -5559 332 -7231 END
START 3216 -5216 1116 -3684 -1360 -4909 END
START 3208 -4568 228 -1040 -2305 -3007 END
START 2876 -5088 -492 -1501 -1898 -1182 END
START 2416 -5552 -1176 -1447 -2070 866 END
START 2516 -6016 -1824 90 -1968 2711 END
START 2244 -5988 -1980 2569 -1617 4612 END
START 1784 -6908 -2152 2839 -984 6497 END
START 428 -8504 -1228 3610 -305 8254 END
START 96 -9788 576 5077 -1313 10017 END
START 40 -11300 1160 7359 -3255 11621 END
START -96 -13140 280 6718 -4030 13737 END
START -272 -17212 -608 5232 -3081 14606 END
START 24 -20908 -480 6344 -2936 14421 END
START 852 -24820 -804 6572 -4713 13794 END
START 2160 -28636 -2520 5079 -5223 12949 END
START 2348 -32672 -4628 1494 -2758 10139 END
START 1236 -32768 -4988 -2520 -990 6184 END
START 72 -32768 -4712 -4487 -48 1738 END
START -1052 -32768 -4944 -5167 460 -2854 END
START -1872 -32256 -4508 -5672 1980 -7221 END
START -2076 -28408 -3380 -5923 3351 -11128 END
START -1696 -23308 -2092 -5062 3306 -12948 END
START -1120 -19288 -2464 -4715 3576 -13736 END
START -380 -15716 -2840 -5199 5199 -13939 END
START -580 -13336 -2620 -6078 6277 -13694 END
START 44 -11344 -2156 -3950 6312 -12863 END
START 1348 -9632 -2064 -2421 5681 -11313 END
START 1836 -8440 -2960 -1697 6716 -10166 END
START 1956 -7344 -3564 -3858 7948 -8094 END
START 1644 -8320 -3900 -4009 9285 -5901 END
START 1000 -7356 -3084 -779 9628 -3734 END
START 976 -6860 -1788 720 8743 -2147 END
START 1120 -7012 -1200 626 8725 -70 END
START 452 -7556 -648 740 9258 1410 END
START -416 -8116 720 2804 7556 2705 END
START 632 -7296 1044 3945 6120 4361 END
START 1368 -6260 1640 2373 6144 6453 END
START 848 -6020 1968 1411 5723 8580 END
START 368 -6680 1048 3261 4768 11728 END
START 200 -7896 940 7778 3550 13747 END
START 940 -7980 1140 9515 3534 15902 END
START 1364 -9840 1828 7405 4128 20052 END