START 3556 -17304 -5276 6695 -742 10791 END
START 2820 -20480 -5856 6296 381 10440 END
START 2064 -25160 -5880 1283 4718 8095 END
START 2032 -30324 -4352 -1096 6123 5137 END
START 972 -32472 -2292 517 5443 2032 END
START 692 -31700 -300 -1462 6016 -1089 END
START -576 -30672 1836 -7781 7209 -5029 END
START -1460 -28912 3348 -7840 4973 -9370 END
START -396 -23932 3340 -5895 2129 -11361 END
START 500 -19276 2212 -6844 1534 -12589 END
START 988 -15808 1552 -6881 1808 -12650 END
START 2060 -11884 720 -6258 1598 -12198 END
START 2956 -8996 -32 -5570 831 -10791 END
START 3404 -6520 -1412 -4848 776 -8920 END
START 3328 -5396 -1932 -4144 1621 -6965 END
START 3328 -5068 -1232 -2735 1206 -5197 END
START 2736 -3836 -324 -418 -236 -3080 END
START 2928 -3612 520 -1514 -1253 -270 END
START 2844 -4232 -472 -1628 -1451 2200 END
START 2372 -4980 -1616 -1583 -1859 4490 END
START 2220 -6504 -2936 819 -1943 5916 END
START 2412 -7196 -2980 1885 -1578 7381 END
START 1708 -8444 -1908 2290 -1087 9313 END
START 1036 -10712 -500 4263 -1540 10532 END
START 104 -12748 -44 4902 -3100 11958 END
START 440 -14708 -1176 4775 -3069 12610 END
START 988 -16752 -2128 3242 -2605 13040 END
START 960 -19584 -1268 5921 -2603 12712 END
START 496 -21060 -740 6289 -3911 12720 END
START 716 -24732 -2200 5513 -4593 11637 END
START 2836 -27512 -3056 2022 -2944 9568 END
START 2544 -30188 -3808 -151 -2732 7518 END
START 2468 -32212 -6936 -881 -2821 4775 END
START 1256 -32768 -8152 -859 -1157 1040 END
START 132 -32768 -7728 -2563 1273 -2912 END
START -1404 -31008 -6292 -2795 2392 -6946 END
START -1024 -26768 -5404 -3507 3384 -9529 END
START -436 -23268 -4308 -4213 4407 -11210 END
START -468 -19796 -4452 -4962 5018 -12104 END
START 220 -16596 -4596 -3552 5032 -12662 END
START 672 -13436 -4212 -2338 5784 -11899 END
START 840 -11220 -4128 -2814 7532 -10816 END
START 572 -9524 -3568 -3333 8777 -9487 END
START 420 -8700 -2760 -1782 8293 -7696 END
START 628 -7464 -3000 162 7984 -6029 END
START 704 -6116 -2420 -402 8776 -4161 END
START 240 -5496 -2340 -1191 8985 -2304 END
START -332 -5936 -2080 1277 8161 -333 END
START -316 -5196 -1892 3693 7150 1233 END
START -116 -4968 -636 3933 7854 2860 END
START -168 -4572 324 4004 7825 4904 END
START -1120 -3744 1860 3440 7334 7389 END
START -2372 -4296 2552 3624 4918 10247 END
START -2192 -5352 1104 4478 3535 13317 END
START -2608 -6536 440 5959 3599 15413 END
START -2628 -9744 2028 9172 3687 17035 END
START -2548 -12880 4224 10004 3030 18754 END