START -3000 -12048 -6104 14724 16275 11446 END
START -3576 -18120 -3736 14475 15470 13837 END
START -4312 -21044 -2368 14101 16961 11756 END
START -3440 -25748 1236 8642 14237 10821 END
START -2356 -29712 3056 1982 9987 8380 END
START -576 -32356 2816 405 6920 4413 END
START 32 -32768 2936 -2567 5735 530 END
START -416 -32768 3324 -8907 5680 -5193 END
START -1680 -32640 3832 -7692 5738 -10032 END
START -1460 -27052 4888 -7041 4675 -13125 END
START -1784 -23260 6112 -7335 3786 -15755 END
START -1428 -18756 7268 -7002 1754 -16655 END
START -672 -15280 6268 -7337 -591 -16497 END
START 104 -12572 4524 -7435 -1017 -16031 END
START 436 -10292 4720 -7917 -2431 -14922 END
START 1112 -8792 4072 -8462 -5012 -12952 END
START 1240 -7692 3016 -7568 -6535 -11297 END
START 1928 -6856 776 -6104 -5609 -9587 END
START 1992 -4892 284 -6215 -4566 -7510 END
START 2112 -3956 248 -7526 -5539 -4970 END
START 2440 -4272 -968 -5502 -5818 -2166 END
START 2064 -3928 -2100 -3381 -5452 75 END
START 1584 -4168 -2304 -799 -6446 2254 END
START 1068 -4840 -2632 2274 -6877 5159 END
START 1280 -5104 -2552 3674 -5480 7630 END
START 904 -5396 -1312 2519 -4428 9830 END
START 532 -6244 -644 915 -3669 12484 END
START -1340 -8160 -264 3255 -5315 14806 END
START -1724 -10376 -2232 9781 -7153 17166 END
START -2176 -11756 -2888 12769 -5171 18963 END
START -3012 -14804 -1076 9550 -1819 19877 END
START -2908 -17496 948 5452 -731 20048 END
START -4076 -22984 -732 6092 -3676 21154 END
START -4016 -28040 -3808 9522 -5577 19902 END
START -4168 -31800 -5156 5285 -4450 16541 END
START -3660 -32768 -6340 -11 -1506 10700 END
START -3636 -32768 -7172 1026 -3026 5653 END
START -3084 -32768 -8660 755 -4177 514 END
START -2588 -32768 -9024 -2016 -1534 -4713 END
START -2932 -31312 -6744 -4913 656 -9035 END
START -3480 -27344 -5388 -4471 1081 -12125 END
START -3196 -23912 -4096 -4575 1477 -14579 END
START -3180 -20472 -3200 -5265 2346 -16098 END
START -2832 -18460 -3432 -6083 2888 -15161 END
START -2672 -16752 -4456 -5283 3807 -15789 END
START -2208 -14968 -4176 -5145 5401 -15830 END
START -1624 -13300 -4084 -6124 6940 -15645 END
START -1372 -11496 -4428 -7362 8789 -14827 END
START -1624 -10192 -4140 -5160 9235 -13047 END
START -1080 -9088 -3752 -2794 9166 -10932 END
START -1132 -8176 -3808 -2259 10654 -9466 END
START -1684 -6940 -2776 -2094 11695 -7073 END
START -1520 -5772 -1240 -670 11037 -4449 END
START -1204 -4664 -780 746 10721 -1510 END
START -412 -3352 -956 -581 11204 2263 END
START -952 -4296 -936 -126 11626 4628 END
START -1240 -4008 656 3805 9952 7853 END
START -904 -3488 1240 6087 9117 12029 END
START -1216 -3948 2256 5044 8767 15232 END
START -1128 -6460 2512 3686 7375 18839 END
START -2412 -9600 3060 9434 5273 21763 END
START -2192 -12864 4428 13273 3115 24869 END
START -3104 -19700 5992 9777 3635 25157 END
START -3780 -26392 6392 4055 2684 23161 END