START 1520 -29664 -120 -877 8221 2643 END
START 1176 -29484 2524 424 5166 -880 END
START 1376 -29252 2568 -3152 4866 -2726 END
START 1028 -28756 4180 -6138 5499 -6197 END
START 260 -25816 5776 -5435 3737 -8853 END
START 900 -23000 5276 -5698 1329 -11160 END
START 2052 -19756 4388 -5933 -157 -11933 END
START 2132 -16624 3032 -6454 -186 -12799 END
START 2400 -13792 3088 -6750 -351 -12643 END
START 2552 -10960 1936 -6587 -924 -11535 END
START 2880 -9480 936 -7865 -664 -9842 END
START 2968 -7956 640 -6892 -1230 -8534 END
START 3436 -6488 -356 -5843 -1160 -6971 END
START 3300 -5216 -1012 -4701 -662 -5499 END
START 2632 -4420 -536 -2790 -1178 -3687 END
START 2204 -3096 -468 -1754 -1780 -1206 END
START 2372 -2920 -748 -2590 -1771 458 END
START 2404 -4020 -1284 -2611 -2033 2575 END
START 2616 -4656 -1844 134 -2762 4438 END
START 2940 -4640 -2492 2877 -2606 7091 END
START 2212 -5228 -1316 3524 -1887 9525 END
START 1416 -6592 -312 3281 -1532 11496 END
START 100 -8640 496 4513 -2392 13683 END
START 716 -11740 792 8798 -4707 15912 END
START 1064 -13976 -116 9618 -5548 17794 END
START 372 -17512 -1028 6957 -3657 18351 END
START -112 -21572 -1904 5989 -2563 18354 END
START 1004 -26556 -2456 7276 -3433 18062 END
START 2872 -31468 -4144 8094 -3574 16256 END
START 3804 -32768 -5884 5398 -1344 12844 END
START 1540 -32768 -5648 1863 1540 7061 END
START -708 -32768 -3268 -3117 2021 1131 END
START -2700 -32768 -2512 -3398 1896 -4643 END
START -2916 -32596 -1712 -3517 1471 -9266 END
START -2064 -27672 -1132 -6304 2369 -12293 END
START -1560 -23340 -1740 -6644 2509 -13871 END
START -992 -19036 -2916 -6092 2331 -14541 END
START -608 -16272 -3796 -5162 3064 -14664 END
START -264 -14228 -3784 -4609 4378 -14346 END
START -328 -12068 -3488 -3585 5470 -13961 END
START 48 -10280 -4484 -3570 6143 -11958 END
START 636 -8872 -4352 -4092 7894 -10449 END
START 200 -8344 -4332 -2826 9389 -8364 END
START 660 -6748 -3580 -228 10433 -7223 END
START 432 -5420 -2492 1862 10637 -5346 END
START 508 -4460 -1664 3001 11386 -2761 END
START 372 -3508 136 2486 11668 -700 END
START 204 -3768 1392 2667 10995 1502 END
START 284 -4340 2076 4663 9670 4388 END
START 264 -4496 3096 5507 8573 6918 END
START 456 -4440 4340 5824 7653 9429 END
START 936 -6244 3500 3359 6330 12507 END
START 584 -7804 2448 2396 5516 15573 END
START 124 -9696 2296 4180 4952 17250 END
START 424 -13152 1876 4966 4686 19205 END
START 436 -16848 1428 4228 6316 20409 END
START -80 -20244 2776 367 8202 19572 END
START -1756 -29040 5512 -1183 6707 17018 END