START -2836 -23580 -6064 10772 7879 11081 END
START -1492 -28544 -3280 3351 6446 9505 END
START -2628 -32768 -1600 -3098 7668 6281 END
START -3412 -32768 -180 -6604 6888 1159 END
START -2620 -32768 296 -6351 5407 -4186 END
START -1740 -31784 792 -7037 4551 -8627 END
START -1040 -27364 1820 -8341 4739 -11454 END
START -1004 -23408 2260 -9834 5064 -13279 END
START -872 -19244 2392 -9088 5063 -14872 END
START -200 -14948 2836 -9728 4677 -14418 END
START -248 -13028 3076 -10676 3496 -13557 END
START -556 -11764 2988 -7958 1881 -12891 END
START -184 -9112 3196 -5282 165 -11830 END
START 464 -7136 2852 -5381 -456 -10345 END
START 924 -6300 1856 -7316 -997 -8562 END
START 1464 -5672 512 -7082 -937 -6979 END
START 1644 -4332 -256 -5206 -1497 -5078 END
START 2028 -3192 -1124 -3943 -2013 -2783 END
START 2288 -3500 -1372 -2352 -2508 -485 END
START 1868 -4396 -1548 703 -4128 1815 END
START 2016 -4616 -2492 3982 -5303 4315 END
START 1880 -6152 -3184 5362 -4572 6475 END
START 1268 -7172 -2500 5864 -3335 8330 END
START 540 -7524 -764 6215 -3733 10912 END
START 212 -9972 -1472 6309 -4486 13157 END
START -488 -12868 -3028 8571 -3179 14037 END
START -1216 -14740 -3416 10252 -1940 14352 END
START -4 -16696 -1696 12450 -1948 14956 END
START 776 -19948 -860 11730 -2428 15868 END
START 116 -23764 -3032 11580 -2298 14797 END
START -40 -26384 -4388 12369 -1926 13229 END
START 1472 -29096 -3936 9289 -1045 11592 END
START 684 -32768 -3208 4244 -963 9137 END
START -1320 -32768 -4972 -61 -1466 4984 END
START -1900 -32768 -6356 -3367 -591 164 END
START -1892 -32768 -5460 -5468 846 -4540 END
START -1792 -29708 -4832 -5667 1425 -7992 END
START -1364 -25840 -4520 -6430 2257 -10461 END
START -1440 -22676 -4148 -7700 3594 -12220 END
START -1496 -20972 -4312 -8479 4467 -13229 END
START -1372 -18196 -4836 -6857 5735 -13962 END
START -1696 -16124 -3836 -6166 7180 -14060 END
START -1796 -14292 -3392 -7206 7601 -13582 END
START -1940 -13308 -4048 -6843 9321 -13173 END
START -1488 -10928 -2916 -5107 9985 -12066 END
START -716 -9140 -2124 -4786 9171 -10177 END
START -348 -8056 -2696 -3684 9010 -8377 END
START 212 -6364 -2772 -2759 10164 -6447 END
START 364 -5036 -1936 -3298 10257 -3912 END
START 604 -4276 -1088 -2149 9966 -1016 END
START 644 -3568 -876 -29 9394 1682 END
START 688 -3108 -756 1809 9795 4520 END
START -444 -3336 1464 2567 8890 7546 END
START -1256 -3156 2912 5616 6620 10655 END
START -896 -3856 3112 7314 5011 14258 END
START -1076 -4308 3124 7762 5006 17282 END
START -1532 -6568 3204 6518 4615 20414 END
START -1824 -10352 1360 6816 3707 22935 END
START -1760 -15344 532 9268 3570 24214 END
START -2304 -20472 2552 11429 1108 25324 END