START 7372 -18700 -6116 -4665 3859 13147 END
START 4940 -25236 -5616 -1940 8610 11515 END
START 6840 -30316 -1836 6099 10677 7639 END
START 5972 -32768 2692 3461 8329 4434 END
START 3924 -32768 6108 -4934 7889 -1496 END
START 3216 -32768 9032 -6519 9085 -8058 END
START 1332 -32716 12020 -4779 7283 -11606 END
START 1320 -25984 12204 -7552 2972 -14214 END
START 1432 -19872 10624 -11278 -96 -14292 END
START 1540 -15252 7528 -10840 -30 -13507 END
START 1416 -11640 4680 -11307 205 -14156 END
START 1956 -8520 3900 -10907 -956 -13975 END
START 2616 -6604 2736 -7684 -1561 -12451 END
START 2836 -5336 2136 -4628 -499 -9855 END
START 2404 -3788 1904 -5845 -410 -7659 END
START 3256 -3324 600 -8891 191 -4972 END
START 2928 -3852 -164 -9356 1312 -3497 END
START 2436 -3432 96 -4694 316 -1749 END
START 3012 -2960 -404 -275 -886 879 END
START 3668 -2728 -1596 81 -304 4180 END
START 3236 -4412 -1948 -717 1258 5838 END
START 2408 -5960 -1744 834 1695 7379 END
START 2556 -5500 -1792 4323 1498 9517 END
START 1612 -7412 -704 6228 2638 10711 END
START 1096 -8296 1100 6008 3791 11841 END
START 824 -9748 3176 3889 2822 14002 END
START 1212 -11740 3316 7628 260 16886 END
START 968 -15772 1600 9560 935 18252 END
START 592 -18896 2600 9337 3170 17429 END
START 1948 -22400 5020 6696 2549 17118 END
START 3224 -27112 6688 8624 -1137 16926 END
START 3872 -32380 3248 8505 -2495 15084 END
START 4728 -32768 -276 3342 -831 10386 END
START 4932 -32768 -440 -126 1249 4391 END
START 4092 -32768 -152 -1313 836 -721 END
START 2880 -32768 -152 -2119 510 -5851 END
START 1144 -32196 1148 -5226 1919 -9831 END
START 540 -27752 1808 -7647 1795 -12876 END
START 1052 -23516 1360 -8087 1299 -14197 END
START 616 -20016 -220 -7136 1313 -14748 END
START 700 -17284 -880 -6772 1953 -15045 END
START 192 -13816 -1196 -6326 3173 -14348 END
START 508 -11616 -752 -7820 4534 -13365 END
START 360 -8992 -608 -6930 4393 -11634 END
START 704 -6608 -1228 -5253 4318 -9259 END
START 772 -5572 -1240 -5281 4694 -6731 END
START 672 -4528 -1500 -5353 6139 -4183 END
START 332 -4088 -1140 -5547 7742 -2356 END
START 116 -2760 -104 -3615 6939 51 END
START 936 -1680 136 -1557 6119 3710 END
START 876 -2456 -556 -321 7080 6065 END
START 588 -2980 -364 -101 7526 9269 END
START -608 -4076 188 879 8122 11845 END
START -1188 -4752 76 2967 9434 13839 END
START -1656 -5192 540 2827 10656 16200 END
START -3136 -7840 2648 5318 10336 18593 END
START -3908 -12424 5304 8657 8854 20470 END
START -5216 -18544 10840 10830 6324 20606 END
START -3508 -28708 15900 8350 2340 17388 END