START 444 -23180 -3616 7148 8342 9904 END
START 1516 -26988 -1748 -681 8130 7553 END
START 820 -32768 -1052 -5574 8048 4386 END
START -612 -32768 904 -5663 7290 -1082 END
START -876 -32768 2580 -6051 6500 -6034 END
START -868 -30108 4492 -7858 6624 -10682 END
START -512 -24832 6120 -9092 5330 -13546 END
START 416 -19476 5460 -9870 3584 -14341 END
START 1340 -15608 5348 -10309 2140 -14385 END
START 1528 -13008 4388 -7993 699 -13510 END
START 1804 -10112 2484 -7969 375 -12248 END
START 1724 -9512 1692 -8013 248 -10975 END
START 2024 -8688 888 -7554 -113 -9593 END
START 2044 -7072 636 -5695 -663 -8626 END
START 2248 -5488 -424 -4276 -1762 -6210 END
START 2684 -5124 -764 -4076 -2271 -3602 END
START 2316 -5264 -1800 -2204 -2224 -1392 END
START 2128 -5332 -1892 -330 -1591 233 END
START 1808 -5404 -1400 645 -2532 2021 END
START 1932 -5708 -1656 2730 -3438 4667 END
START 2052 -5772 -1704 4525 -3279 6648 END
START 1880 -6008 -644 4978 -2237 9522 END
START 1200 -8240 -220 4060 -3104 11857 END
START 580 -10216 -380 4258 -4311 14137 END
START -312 -11040 -1088 8851 -4417 15806 END
START -1216 -11516 56 10456 -3649 17594 END
START -1776 -14508 -296 8567 -4501 19443 END
START -2240 -19340 -2176 10137 -3896 20020 END
START -2228 -23928 -2168 10502 -2109 18530 END
START -2316 -27552 -944 7933 -1764 16142 END
START -1556 -32680 -4008 3279 -2769 13574 END
START -556 -32768 -5720 4549 -1600 8771 END
START -652 -32768 -5868 2550 -579 3568 END
START -1028 -32768 -6080 -2948 -35 -1331 END
START -2228 -32768 -6468 -5733 1673 -6147 END
START -2492 -29352 -5476 -7256 3740 -10205 END
START -3004 -24844 -3460 -7480 5079 -13046 END
START -2972 -21264 -2800 -7980 5359 -14043 END
START -3016 -18304 -3192 -7843 6052 -14935 END
START -2452 -15388 -2880 -6529 7309 -15192 END
START -2240 -12948 -2284 -6093 7470 -14810 END
START -1612 -11708 -2128 -5380 7277 -13507 END
START -1072 -10480 -2048 -4176 7467 -12336 END
START -704 -9244 -2360 -4293 7524 -11237 END
START -620 -8144 -2784 -3842 8156 -9348 END
START 152 -7596 -2732 -2340 9188 -6735 END
START 204 -7104 -2096 388 9795 -4625 END
START -72 -7088 -1176 2695 9953 -2230 END
START -268 -7276 -464 3235 9800 175 END
START -124 -7512 352 4341 9895 2033 END
START 116 -7344 1168 5082 9241 4671 END
START 456 -6328 1484 5332 8317 7393 END
START 796 -5972 2292 4398 7733 11220 END
START 828 -6316 1220 1358 6686 15013 END
START 320 -9076 -96 535 5945 18157 END
START 584 -11204 -76 217 4103 19903 END
START 1644 -14060 16 -2695 1536 21382 END