START 2976 -12192 -3156 4446 2459 2878 END
START 3656 -12776 -4148 533 3760 4701 END
START 3744 -15612 -6716 3185 5091 6082 END
START 3484 -18688 -6356 6142 4816 7615 END
START 3080 -22352 -5636 7985 5461 6718 END
START 2076 -26024 -2764 4489 7149 5578 END
START -256 -29120 2072 -1348 8563 3988 END
START -3768 -32660 4332 -8768 7231 451 END
START -4704 -32768 4320 -8204 4759 -4569 END
START -3700 -30900 4316 -7128 3309 -9507 END
START -2772 -26176 4260 -8211 3234 -13317 END
START -1724 -21204 4852 -8863 2590 -15032 END
START -24 -16544 4564 -8289 464 -15061 END
START 892 -13460 3588 -7010 -1700 -14333 END
START 1840 -10640 2052 -6971 -2623 -13554 END
START 2308 -8380 864 -7334 -2268 -12210 END
START 2676 -7424 -48 -7530 -1379 -11209 END
START 3128 -6144 440 -5453 -2124 -9737 END
START 3844 -4204 552 -4598 -3447 -7421 END
START 4344 -3452 -856 -5777 -3516 -4709 END
START 4464 -3124 -2156 -5610 -2627 -2299 END
START 4196 -3044 -3364 -4910 -2313 -111 END
START 3760 -3588 -3796 -710 -2741 1914 END
START 3560 -2872 -3768 2885 -3032 4316 END
START 2864 -3264 -2620 3851 -2188 6654 END
START 1744 -3896 -1176 2101 -1571 9765 END
START 320 -6488 -132 1773 -2027 11941 END
START 336 -7988 -788 4437 -3988 14197 END
START 40 -10096 -1924 5433 -4419 15677 END
START -1468 -12844 -2996 5875 -3646 16595 END
START -936 -16828 -3504 6639 -2333 17413 END
START 752 -22380 -2996 8592 -3134 16886 END
START 60 -26044 -3932 9740 -5332 15956 END
START 428 -30568 -5884 6714 -4145 14274 END
START 772 -32768 -5416 1047 -1676 10764 END
START -100 -32768 -5352 -717 -2295 7131 END
START -396 -32768 -7696 -2540 -3020 3447 END
START -1196 -32768 -9176 -4549 -490 -1262 END
START -2368 -32768 -8320 -5937 2194 -5820 END
START -2324 -29480 -6492 -6344 3074 -9841 END
START -1368 -24980 -5280 -8487 4186 -11966 END
START -1524 -21700 -4664 -9060 4991 -13458 END
START -792 -19196 -5808 -8365 5797 -14307 END
START -352 -16476 -6268 -6349 6949 -14930 END
START -212 -13712 -6096 -3708 8217 -14745 END
START 188 -11164 -4524 -3571 8447 -13631 END
START 388 -9404 -3840 -2491 8718 -12384 END
START 692 -7244 -5196 -854 9943 -10519 END
START 684 -5028 -5264 -1449 11610 -8573 END
START 1044 -4804 -4932 -2863 12435 -5970 END
START 456 -4368 -4252 1598 12887 -3970 END
START 72 -3404 -3332 7681 12492 -1925 END
START 456 -2576 -2072 7569 12558 812 END
START -468 -2368 768 5598 12092 3622 END
START -160 -2556 2080 3510 9073 7271 END
START 136 -4208 1288 4752 8641 9630 END
START -48 -4404 2556 4254 7755 12454 END
START -788 -6308 2424 4527 4948 15838 END
START -1216 -9272 1056 5816 3407 17881 END
START -1716 -11840 1896 9192 3563 17754 END
START -1196 -13592 3968 5130 3484 18109 END