START -208 -18492 -4264 31 7844 9687 END
START -732 -23548 -3272 4396 9962 9170 END
START -296 -25556 -1108 3970 9732 6709 END
START 456 -28800 -252 -4244 8852 3468 END
START -396 -32768 1080 -4459 7989 654 END
START -136 -31868 2720 -3992 6963 -3220 END
START -616 -30652 4324 -7377 6622 -8330 END
START -1456 -27292 5380 -8968 5064 -12043 END
START -1024 -22536 5496 -10545 4245 -13972 END
START -388 -18640 4952 -10684 2847 -14567 END
START -60 -15324 4264 -8601 1801 -14809 END
START 256 -12392 3224 -6971 996 -14256 END
START 692 -10572 2832 -7086 -120 -12866 END
START 1236 -9504 1840 -6583 -733 -11350 END
START 1732 -8016 1708 -5566 -1194 -9700 END
START 1976 -7400 428 -4398 -1926 -8129 END
START 1836 -7900 -40 -3237 -2729 -6432 END
START 1820 -7140 -440 -2807 -3320 -4301 END
START 2076 -7456 -300 -1708 -3609 -2780 END
START 2072 -7452 -292 61 -4135 -967 END
START 2096 -7116 -684 429 -5356 1404 END
START 2932 -7876 -2348 281 -5758 3580 END
START 3276 -8452 -3072 1310 -4925 5183 END
START 2440 -8712 -3000 3939 -4100 6902 END
START 1972 -8824 -1276 5081 -4534 9291 END
START 1328 -8856 -648 4873 -5351 11852 END
START 524 -11264 -2732 4486 -4618 13515 END
START -284 -12784 -3468 5457 -3384 14662 END
START -184 -15580 -4732 6412 -2456 15810 END
START 36 -19716 -4684 10835 -1699 15783 END
START 212 -22636 -4340 13897 -1019 15247 END
START 600 -28176 -3824 8510 677 12612 END
START 644 -32768 -3708 2739 1515 7923 END
START 1116 -32768 -4820 931 566 2789 END
START 1616 -32768 -6024 1839 734 -2204 END
START 1072 -31548 -5652 -1817 2089 -6488 END
START 484 -27860 -3844 -4305 2554 -10082 END
START 208 -23072 -3216 -5400 2081 -11705 END
START 440 -19828 -3540 -6316 3465 -12908 END
START -168 -17756 -3360 -5716 3942 -13117 END
START -148 -16212 -3252 -4800 3622 -13227 END
START -84 -13936 -3312 -4768 5029 -12852 END
START -128 -12300 -3400 -4974 7324 -12181 END
START -12 -10416 -2700 -4682 8469 -11554 END
START 116 -8992 -2640 -3174 8232 -9362 END
START 720 -7928 -3476 -1125 8464 -6928 END
START 904 -7744 -3248 1284 9881 -5106 END
START 832 -6920 -1636 2306 10754 -3232 END
START 1024 -6972 -888 2182 10159 -748 END
START 1088 -7416 -512 2776 9638 1938 END
START 908 -7488 28 4315 9483 4273 END
START 940 -7072 1084 5572 9578 6832 END
START 1132 -6840 1824 3881 9078 9966 END
START 996 -6328 2188 2010 8646 12763 END
START 956 -5776 2640 601 7190 17133 END
START 496 -6480 3044 1523 4377 21743 END
START -768 -9568 4868 3077 734 26920 END