START 1084 -23652 -5164 8031 9011 5876 END
START 2556 -28116 -3208 2388 8475 3386 END
START 3724 -28244 -1000 -839 8953 124 END
START 5180 -28140 1692 -4134 8458 -2058 END
START 5328 -28600 4828 -4585 7930 -4012 END
START 4556 -27348 8244 -6934 7125 -5672 END
START 2640 -25416 9492 -9047 6517 -7190 END
START 1232 -23156 10248 -6799 4478 -8666 END
START 1548 -19516 10872 -6859 1283 -9913 END
START 1704 -16716 9172 -9282 -1522 -11030 END
START 2256 -14164 5752 -9536 -2532 -11402 END
START 3196 -11004 3132 -10173 -1601 -11108 END
START 2704 -8396 1628 -9290 -1793 -9812 END
START 3084 -7268 476 -8466 -2265 -8611 END
START 3420 -5560 -660 -6515 -2275 -6945 END
START 3452 -4240 -1832 -5225 -148 -4872 END
START 3284 -3356 -948 -4936 963 -1986 END
START 3092 -1776 -492 -2055 316 922 END
START 2572 -2352 -552 -1600 -23 3239 END
START 2428 -2680 -620 -899 157 5179 END
START 1632 -3260 -976 -890 1395 7469 END
START 1128 -4480 -560 -1959 2245 9948 END
START 1548 -5724 -824 -578 2250 12033 END
START 300 -7744 312 4979 2113 14424 END
START -644 -9952 1376 8246 821 16544 END
START -740 -12728 2680 8214 302 18204 END
START -464 -17268 2364 5336 1105 18909 END
START 208 -21200 1232 4940 513 18417 END
START 1432 -24916 1280 9437 -413 18547 END
START 1304 -29492 1308 11072 -568 16631 END
START 1556 -32768 164 6240 -203 12793 END
START 2232 -32768 1024 3000 -409 7621 END
START 3472 -32768 -284 224 -2137 3379 END
START 2804 -32768 -2464 -2197 -1703 -1394 END
START 1896 -32768 -3400 -4513 539 -6519 END
START -128 -32768 -1980 -5386 1187 -11261 END
START -572 -28156 -1808 -4716 853 -13881 END
START -520 -23968 -2464 -5295 2155 -15731 END
START -1736 -20160 -1952 -7850 3516 -17301 END
START -1960 -16324 -1824 -7737 3974 -17349 END
START -2044 -13468 -1924 -6661 4997 -16524 END
START -604 -9968 -2124 -5702 5057 -14283 END
START -176 -7516 -2076 -6803 6563 -12274 END
START -132 -5364 -1288 -6862 6666 -9911 END
START 680 -3816 -1252 -6231 6735 -6435 END
START 752 -3956 -2440 -3776 7364 -3655 END
START -12 -3412 -2188 -3163 8228 -1814 END
START -272 -3192 -128 -1541 7876 146 END
START -396 -2576 1184 -48 7761 1996 END
START -788 -1668 2184 -833 8056 5172 END
START 200 -3336 2240 -1141 6627 8882 END
START 176 -4540 1016 1712 5973 11287 END
START -212 -5448 -480 4676 7187 12941 END
START -944 -6948 -720 3724 8711 14671 END
START -1676 -6984 1072 4491 10071 17263 END
START -2456 -9792 5080 7687 9753 20174 END
START -1552 -13776 8548 12709 7342 23444 END
START -892 -21528 8176 8427 6365 24538 END
START 960 -30724 6212 3622 7707 20774 END