START -296 -19596 -6480 5290 7832 7114 END
START 892 -23064 -5324 4782 8162 6811 END
START 720 -27488 -5416 3886 8701 4911 END
START 1380 -29348 -2224 1056 9782 1354 END
START 1556 -30504 604 -2430 7833 -2415 END
START 1236 -29336 1352 -6575 4452 -5557 END
START 1036 -27448 316 -9061 3144 -8016 END
START 844 -24352 88 -8733 6298 -10671 END
START -828 -22060 2288 -8771 6481 -12298 END
START -344 -18476 3388 -8828 4499 -13100 END
START 272 -15664 4396 -7854 3037 -12743 END
START 416 -13104 3676 -7450 1781 -12217 END
START 832 -10716 3268 -7968 1555 -11353 END
START 1136 -9732 2700 -8495 440 -10268 END
START 1192 -7840 1736 -6675 -41 -8765 END
START 1472 -6676 1012 -5480 -536 -7177 END
START 1972 -6256 724 -5180 -1368 -5276 END
START 1928 -6380 388 -2677 -2392 -3205 END
START 2240 -5756 16 -394 -2689 -1182 END
START 1960 -5728 -304 -24 -3176 604 END
START 2580 -6456 -804 -239 -4399 3233 END
START 2608 -7364 -2192 56 -4288 5881 END
START 2032 -8392 -2632 4071 -2865 7270 END
START 1120 -7356 -736 6157 -3355 9623 END
START 704 -9104 -560 5618 -4462 12339 END
START 56 -11132 -2396 6711 -3866 14260 END
START 224 -13824 -3960 6296 -2645 15239 END
START 44 -14944 -3008 9465 -1191 15624 END
START -656 -15828 -12 13321 -1393 17030 END
START -712 -19312 300 10313 -3521 18782 END
START -1392 -26864 -1836 8852 -2691 17059 END
START -1356 -30692 -1484 10160 -2124 13706 END
START -80 -32760 -1968 6312 -3736 9553 END
START 1076 -32768 -5680 593 -3239 4954 END
START 1204 -32768 -7468 -980 -1194 -716 END
START 1008 -32768 -7320 -2376 -194 -5330 END
START 464 -29508 -6116 -5291 953 -9489 END
START -484 -26056 -4056 -6983 3065 -11956 END
START -1048 -22216 -2344 -6942 3690 -13765 END
START -1228 -19068 -1576 -6757 3283 -14741 END
START -872 -16224 -2392 -6846 4085 -14926 END
START -156 -14104 -3752 -7684 5702 -13883 END
START -132 -12576 -3472 -6528 7297 -14001 END
START 68 -11136 -2944 -5500 7676 -12940 END
START -200 -9488 -3616 -3203 8795 -10900 END
START -320 -8376 -2996 -2689 10034 -8986 END
START -792 -8716 -2416 -1957 9876 -7170 END
START -884 -8108 -2540 412 11038 -5052 END
START -584 -6952 -1172 756 11459 -2804 END
START -444 -6240 320 1304 10571 -230 END
START 448 -5584 1004 2478 9775 3320 END
START 900 -3600 1116 2374 10415 6761 END
START 684 -3572 1512 -133 10135 10774 END
START 332 -4228 1372 -652 8433 16213 END
START 160 -6932 284 2617 6651 20439 END
START 244 -10896 900 5097 5980 22678 END
START 856 -16484 3568 8173 6114 22640 END