START 2944 -23804 -3752 -903 -192 -3150 END
START 2800 -22864 -3336 -3462 606 -4992 END
START 2056 -23208 -3564 -4950 868 -6989 END
START 1848 -20456 -5020 -3302 2363 -7758 END
START 1216 -18336 -5368 -3732 4026 -8791 END
START 1016 -15920 -5044 -4014 6061 -9584 END
START -8 -13796 -4608 -3076 7465 -9511 END
START 296 -10948 -3744 -1458 8532 -8543 END
START 660 -8572 -2456 -1654 9636 -7862 END
START 1060 -6844 -1536 -3239 10069 -5681 END
START 1188 -5724 -856 -2759 10437 -3748 END
START 764 -4720 -60 -1514 9340 -1018 END
START 184 -4836 588 67 7749 1583 END
START 248 -4288 1332 939 7037 4004 END
START 376 -4376 2900 135 6450 6607 END
START 272 -5016 4064 1411 3995 9323 END
START 1220 -6340 4116 3289 1517 12418 END
START 1464 -8884 2928 5161 1166 14563 END
START 1140 -10980 3968 6517 605 16306 END
START 1668 -14792 4012 3635 -49 17799 END
START 1612 -20920 3268 2791 -365 18083 END
START 2348 -25572 2480 5144 -1620 17132 END
START 2740 -30680 876 4594 -1379 14176 END
START 2772 -32768 -388 3738 -354 9320 END
START 2504 -32768 -360 2794 474 4407 END
START 1752 -32768 -88 1024 310 -1131 END
START 928 -32768 304 -1701 394 -6547 END
START 28 -30576 384 -2795 1092 -10895 END
START -608 -25580 876 -3595 516 -13686 END
START -772 -21568 580 1547 -1791 -14560 END
START 332 -17560 -1764 4205 -908 -14583 END
START 644 -14348 -1980 1321 1951 -15722 END
START 852 -12180 -1396 -1666 3525 -14638 END
START 1052 -10540 -1208 -3077 4468 -12486 END
START 1404 -9540 -2184 -2819 5123 -10882 END
START 1312 -8540 -2332 -2400 6723 -8982 END
START 1412 -7168 -1832 -929 7630 -6833 END
START 1480 -5576 -1396 -542 8513 -4714 END
START 616 -4644 -688 -810 8577 -1833 END
START 260 -3592 -912 -308 9123 1503 END
START -276 -3608 -228 -727 10200 3983 END
START -572 -3568 584 620 10591 6602 END
START -596 -3436 1744 1694 10216 10057 END
START -912 -3648 2876 3128 9226 13450 END
START -1612 -5836 2440 3522 8973 16968 END
START -2824 -8468 2248 4179 10361 18881 END
START -3908 -11092 4564 4799 12574 19729 END
START -4492 -13940 9096 4906 12963 20933 END