START 1808 -11952 -5784 -2317 3768 6586 END
START 1368 -13304 -8396 769 5957 8514 END
START -44 -17304 -8200 7088 7081 8716 END
START -912 -21568 -6288 11115 7116 8880 END
START -372 -25856 -3384 9346 8127 6685 END
START -912 -29108 608 871 7946 3778 END
START -1120 -32156 3476 -6540 6646 303 END
START -1088 -32756 3956 -8121 7446 -4216 END
START -1376 -29952 5788 -8527 7181 -7837 END
START -1228 -26860 7104 -10283 6151 -11732 END
START -420 -23388 7608 -12355 4229 -14477 END
START 260 -18164 6744 -10754 2166 -15176 END
START 1060 -14424 5004 -10187 1490 -15263 END
START 640 -11852 4532 -9935 949 -14281 END
START 732 -10360 4208 -8147 -1166 -13466 END
START 1340 -7952 2780 -5844 -3137 -12237 END
START 1924 -6724 1520 -3596 -3292 -10413 END
START 2268 -5196 1376 -3027 -3543 -8368 END
START 1972 -3812 536 -1988 -4826 -5963 END
START 2288 -3704 -508 -1107 -5706 -3021 END
START 2540 -3088 -1876 -623 -5541 -19 END
START 2220 -4052 -2764 -20 -5119 2926 END
START 1984 -4796 -3248 2295 -4899 5047 END
START 2544 -4160 -3344 2894 -4587 8084 END
START 1884 -5216 -3160 2664 -3302 11220 END
START 496 -8216 -2340 5977 -3261 14375 END
START -896 -10620 -3136 11732 -4133 16906 END
START -1160 -12488 -2984 13138 -2435 18172 END
START -2560 -14956 -772 11328 150 18794 END
START -3124 -17876 1820 9297 163 19237 END
START -2708 -23132 996 7841 -2999 19346 END
START -2088 -28900 -3132 9714 -3135 17796 END
START -1712 -32700 -3032 9147 -2203 14245 END
START -1324 -32768 -3248 2848 -2500 9730 END
START -1424 -32768 -4832 -648 -3683 4569 END
START -468 -32768 -7452 -3453 -2379 -979 END
START -1088 -32768 -7480 -7356 1154 -6192 END
START -1876 -29496 -5368 -7665 2656 -10400 END
START -1820 -24232 -3200 -6777 2756 -13278 END
START -1436 -20240 -2448 -9068 3355 -14056 END
START -1840 -18172 -2176 -9308 3647 -14307 END
START -1476 -16108 -2916 -7598 4096 -14305 END
START -1596 -13800 -3192 -7024 5224 -13693 END
START -584 -12400 -3840 -7265 6967 -13124 END
START -300 -11328 -3868 -7101 8921 -12430 END
START -520 -9604 -3648 -5273 10599 -11295 END
START -356 -8732 -3372 -2855 11193 -8934 END
START -508 -7664 -2504 -998 12231 -7471 END
START -1404 -7260 -1840 -384 13875 -5527 END
START -1260 -7008 -20 342 13289 -3345 END
START -880 -6740 564 3441 11699 -451 END
START -40 -5816 496 4730 12028 2119 END
START -128 -4824 2492 3253 11116 5280 END
START 200 -4484 3264 2462 7556 10076 END
START 380 -5496 2660 2648 4233 14714 END
START 296 -7692 984 3913 2729 17682 END
START -228 -9928 840 4730 3159 19742 END
START -764 -12212 1268 2781 1656 21360 END
START -744 -16324 560 -402 -2492 22933 END