START 3280 -16456 -7156 6198 4801 7783 END
START 2812 -20260 -6612 5260 5305 6859 END
START 2480 -23476 -7084 1751 6300 5653 END
START 3156 -28016 -5956 -2334 7992 4455 END
START 1532 -30172 -3712 -1746 7302 1589 END
START 580 -29256 -1708 -190 5113 -1069 END
START 208 -27384 96 -2806 6110 -3688 END
START -1084 -26296 2376 -7289 7764 -6862 END
START -1692 -23884 4460 -5549 6347 -10188 END
START -892 -19856 4292 -4183 3627 -11475 END
START 760 -16200 3656 -5928 2439 -11799 END
START 2064 -13992 2780 -7074 982 -11364 END
START 2936 -11316 824 -6846 -6 -10234 END
START 3360 -9896 -360 -5243 -63 -9350 END
START 3736 -8024 44 -4375 -552 -8393 END
START 3936 -6468 32 -4901 -1212 -6237 END
START 3716 -6308 -1076 -4506 -1561 -4698 END
START 3736 -5648 -1584 -3610 -2035 -3058 END
START 3412 -5436 -2156 -2532 -2227 -1475 END
START 2860 -4964 -2152 -1427 -2704 800 END
START 2932 -5188 -2648 -736 -2561 2703 END
START 2836 -5684 -3400 538 -1868 3889 END
START 2600 -5624 -3292 3102 -1425 5328 END
START 2792 -5776 -2988 3320 -458 7718 END
START 1964 -6660 -1732 3312 369 9792 END
START 780 -9280 -896 4935 -1133 11554 END
START 256 -11912 -1132 10085 -2955 12572 END
START 348 -13416 -1616 11241 -2819 13528 END
START -76 -17040 -1892 8339 -1169 14335 END
START 476 -20272 -368 9250 -427 14039 END
START 2152 -23888 -84 9244 -2280 13990 END
START 2972 -28600 -1692 8767 -3970 12825 END
START 3268 -32648 -3436 6630 -3638 10751 END
START 3716 -32768 -4284 2451 -2703 7012 END
START 2224 -32768 -5272 -1834 -1233 3318 END
START 20 -32768 -5980 -2438 -1059 -1675 END
START -708 -32768 -5084 -2765 -35 -6602 END
START -788 -29012 -2988 -4223 963 -10299 END
START -144 -24500 -2676 -6456 2200 -11945 END
START 244 -20104 -1628 -7831 2863 -13153 END
START 492 -16844 -1864 -7260 1964 -12968 END
START 816 -14500 -3388 -4390 2261 -12867 END
START 904 -11548 -3656 -4345 4363 -12081 END
START 600 -10264 -4112 -5128 6244 -10284 END
START 528 -9024 -4976 -3210 7937 -9578 END
START 792 -7556 -5668 -124 11227 -8431 END
START 88 -6364 -5864 2461 15272 -7494 END
START -708 -5676 -3736 4869 17362 -6903 END
START -220 -3884 -1824 6827 16222 -4266 END
START -60 -3260 -400 8366 15758 -1592 END
START 560 -1872 1644 5984 14698 1561 END
START 400 -3116 3124 5265 12557 5397 END
START -220 -3476 4404 6441 9576 8674 END
START 284 -4544 5560 7180 6738 12103 END
START -392 -5276 5520 4791 4232 15741 END
START -1160 -8612 3348 1615 2238 18546 END
START -2744 -13072 2388 4455 1368 20591 END
START -2780 -15424 2804 5598 2013 20397 END
START -2536 -16588 6132 2760 2683 19909 END
START -1152 -20896 9144 -2401 -375 19653 END
START -1084 -30456 8028 -5962 -7438 18273 END