START 1468 -19040 -4860 9878 9334 13077 END
START 2052 -22568 -4860 3312 10459 13530 END
START 180 -30476 -5672 -2654 13289 9704 END
START -1592 -32768 -2620 -4527 13648 4199 END
START -2264 -32768 564 -2394 9651 -1002 END
START -2628 -32768 3796 -2454 6869 -5862 END
START -3468 -32768 5104 -7795 5124 -11580 END
START -3116 -29068 5544 -8650 5597 -16809 END
START -2456 -23316 4820 -9550 4245 -19250 END
START -1764 -18008 4664 -8975 3367 -19795 END
START -1104 -13612 4588 -6921 1235 -18443 END
START -348 -10512 3756 -6363 -506 -16759 END
START 500 -8308 2936 -7308 -829 -15759 END
START 508 -6540 3088 -6202 -1428 -14194 END
START 940 -4740 2628 -3836 -3203 -11637 END
START 2068 -2936 1516 -3674 -5027 -8651 END
START 2344 -2488 -792 -4912 -4238 -5951 END
START 2192 -2188 -1152 -4870 -2837 -3499 END
START 1664 -2216 -1376 -2232 -4020 -287 END
START 2224 -2676 -1952 16 -5919 3315 END
START 2388 -4512 -3536 2012 -6155 6140 END
START 1844 -4956 -4128 4467 -4128 7664 END
START 1128 -5156 -2656 4053 -2495 9974 END
START 584 -5928 -476 4115 -3073 12481 END
START -688 -7972 -1024 4563 -3710 15667 END
START -1132 -11336 -2644 6791 -3756 17846 END
START -1304 -13176 -2712 10329 -2663 19266 END
START -1996 -15548 -424 9959 -2211 19763 END
START -2428 -20636 52 8161 -2689 20062 END
START -2548 -26488 -1364 10076 -3231 18960 END
START -1096 -29820 -2896 12327 -2993 16296 END
START 616 -32768 -3260 9649 -1916 12440 END
START 1836 -32768 -4492 3881 -1891 8148 END
START 1436 -32768 -6108 -213 -1818 3368 END
START 604 -32768 -6976 -2355 -1758 -1315 END
START -60 -32768 -7696 -5794 -299 -6136 END
START -1140 -30600 -6820 -7757 1694 -10700 END
START -1476 -25856 -5188 -6973 2626 -13351 END
START -1452 -21348 -4188 -7556 3275 -14330 END
START -1448 -18676 -3908 -8137 4034 -14581 END
START -1276 -16976 -4540 -7113 5445 -14931 END
START -1312 -14396 -3968 -6103 7014 -14895 END
START -1008 -12772 -3328 -5219 7426 -13778 END
START -840 -11636 -2924 -4191 7982 -12454 END
START -516 -10276 -2680 -3128 8767 -11330 END
START -608 -8760 -1996 -2342 9168 -10071 END
START -504 -7932 -2036 -1290 8580 -7755 END
START -340 -7716 -1808 308 8650 -5752 END
START -232 -7340 -1372 1132 8670 -4068 END
START 120 -6424 -732 1169 8186 -2309 END
START 924 -6524 -1272 1035 8454 103 END
START 944 -5908 -1196 2462 8908 2634 END
START 712 -4904 272 3607 7981 5661 END
START 284 -3832 1472 3510 6950 8536 END
START 148 -2376 1676 1667 6345 12629 END
START -1044 -2436 2760 638 5305 16560 END
START -1008 -2492 3260 2929 3339 22291 END
START -1020 -5584 3400 6193 1138 27880 END