START 2316 -19720 -9968 9761 1378 9420 END
START 2784 -23632 -9500 9021 5727 8204 END
START 2036 -28464 -8480 1489 7490 6106 END
START 816 -32268 -6296 13 8969 2962 END
START 32 -31756 -2760 566 9298 -876 END
START -556 -30400 2528 -101 6820 -4392 END
START -36 -28132 4384 -3494 4901 -6350 END
START 220 -24700 5120 -6107 5702 -8734 END
START 88 -21144 5380 -7932 4465 -10542 END
START 880 -16836 4296 -7999 2158 -10926 END
START 2440 -14072 3444 -7734 1217 -10069 END
START 3164 -10756 2712 -6607 -77 -9352 END
START 3724 -8668 1380 -6632 -138 -8342 END
START 3664 -7028 880 -6800 -184 -6767 END
START 3724 -6100 224 -5754 -1475 -5016 END
START 3536 -5652 -1432 -4375 -1550 -2798 END
START 2632 -5360 -2072 -3697 -823 -1144 END
START 2452 -5544 -3016 -4253 8 664 END
START 1880 -6656 -3472 -2565 565 1525 END
START 884 -6780 -3036 1989 -1145 2596 END
START 1996 -6712 -3088 3726 -1468 4156 END
START 2216 -7128 -2612 1700 -36 6154 END
START 968 -8976 -1004 2825 -135 7587 END
START 440 -9772 -588 4895 -1535 9216 END
START 508 -10944 -1868 4759 -1795 10744 END
START 256 -12556 -1952 4244 -1012 11911 END
START 320 -14908 -664 6466 -905 12472 END
START 304 -16588 -96 7966 -1718 13122 END
START -260 -18564 468 7882 -2112 13225 END
START 844 -21976 1648 6450 -2507 13574 END
START 1520 -26544 576 3651 -4438 12574 END
START 1980 -29904 -3436 2116 -5309 10405 END
START 2544 -32768 -5940 -276 -4051 7672 END
START 1840 -32768 -7124 -3134 -2337 3767 END
START -164 -32768 -7856 -3228 -1098 -867 END
START -1296 -32768 -7088 -2635 502 -5759 END
START -1704 -30340 -5200 -3919 2667 -9471 END
START -1440 -25668 -2912 -5161 3751 -12027 END
START -824 -21120 -2220 -5324 3584 -13252 END
START -80 -17668 -3032 -6440 3996 -13227 END
START 36 -15056 -3156 -7072 4954 -13492 END
START -196 -13512 -3084 -3540 5410 -13069 END
START 60 -11656 -3572 -1965 5568 -11697 END
START 104 -10584 -3492 -2804 6546 -11224 END
START -108 -9652 -4432 -1654 8382 -10118 END
START -268 -7320 -4524 163 10177 -9219 END
START -112 -5724 -3172 664 10397 -7560 END
START 224 -4584 -2148 2249 9925 -4894 END
START 192 -3808 -1168 3155 9514 -2699 END
START 880 -2820 -364 5162 8711 104 END
START 1164 -2376 408 5026 8972 3213 END
START 716 -2652 2680 4546 7886 6023 END
START 368 -3644 3572 4365 5545 10388 END
START -160 -6028 3048 5991 4137 13028 END
START -1272 -7616 3148 6477 3596 14614 END
START -1464 -8972 5504 5089 3460 16521 END
START -1040 -11056 6536 2944 1575 18986 END
START -796 -17972 3944 2941 -486 20544 END
START -180 -23028 2836 3668 -603 19387 END
START 1536 -29896 3300 2094 22 16691 END