START -1932 -20240 -7320 9362 11659 11437 END
START -956 -22372 -4440 7756 12248 10280 END
START -808 -26316 -1624 2090 12124 7912 END
START -284 -29876 1020 -2224 11165 5111 END
START -116 -32592 3240 -3532 7842 1008 END
START 476 -32528 3504 -3153 5512 -3095 END
START 388 -30800 4120 -4966 6887 -8388 END
START 556 -26204 5860 -8053 6278 -11779 END
START 992 -22020 5968 -9185 4309 -13700 END
START 1348 -18340 5260 -8848 2365 -13556 END
START 964 -15020 4264 -8658 1451 -13712 END
START 1136 -13164 4444 -8767 832 -13896 END
START 1252 -11000 4284 -7947 -1339 -13085 END
START 1684 -8680 3248 -6578 -3300 -11373 END
START 2140 -7040 1656 -6467 -3426 -9093 END
START 1896 -6180 1260 -6016 -3593 -7562 END
START 1860 -5456 1152 -4450 -4329 -5186 END
START 2100 -5456 764 -2591 -5970 -3031 END
START 2288 -4776 -336 -1089 -7104 -247 END
START 2504 -5316 -1360 -826 -6756 2367 END
START 2712 -5064 -1932 -493 -5803 4673 END
START 2280 -5712 -2432 207 -5386 7054 END
START 1916 -6612 -2708 3492 -5845 9761 END
START 1360 -7132 -2956 5831 -4930 12424 END
START 8 -8076 -2400 5544 -3586 14904 END
START -1068 -10504 -2760 3901 -2367 17370 END
START -2124 -14168 -3128 5188 -2189 18501 END
START -2872 -16896 -3236 11586 -1354 19194 END
START -3688 -20328 -1488 13677 -541 18570 END
START -3492 -24948 -1736 11794 -117 17666 END
START -3084 -30140 -2260 10148 287 14882 END
START -1920 -32120 -1960 11796 181 10191 END
START -564 -32768 -2320 7771 -1118 6752 END
START 476 -32768 -4288 3067 -1054 2474 END
START -96 -32768 -4816 -1005 -412 -2062 END
START -576 -31932 -4860 -4510 -287 -6042 END
START -1140 -28740 -4864 -6063 617 -9741 END
START -1192 -24892 -4048 -7481 2291 -11714 END
START -1448 -22232 -2088 -7070 3117 -13704 END
START -1564 -18744 -928 -7521 2340 -14518 END
START -952 -16064 -1508 -9563 2508 -14334 END
START -624 -15052 -2620 -9652 3750 -14003 END
START -488 -13476 -3800 -9220 5404 -13645 END
START -552 -11028 -3884 -8016 6951 -12483 END
START -684 -9508 -3832 -7665 7529 -11155 END
START -836 -8588 -4888 -5195 9416 -9107 END
START -876 -7076 -3896 -2405 11266 -7300 END
START -1224 -6324 -2700 -1526 10890 -4693 END
START -976 -6508 -2876 1459 11811 -2152 END
START -1184 -5968 -1472 2947 11613 517 END
START -720 -6364 -220 3513 10753 3006 END
START -596 -5972 460 5506 10254 5930 END
START -212 -5276 1984 5006 8952 9464 END
START -416 -4876 2884 2591 7245 13304 END
START -976 -6448 2184 203 5185 16894 END
START -824 -8276 328 -1322 2538 20740 END
START -1720 -11152 476 561 -2211 23639 END