START -1008 -22732 -5348 -216 2635 6121 END
START -960 -22852 -5800 -2722 2068 4906 END
START -996 -23296 -8964 339 5927 2216 END
START -2108 -20936 -8116 -832 10687 -274 END
START -1060 -21876 -7336 -5745 11734 -1263 END
START -200 -23680 -7636 -5241 10594 -3256 END
START -220 -22848 -6736 -386 8795 -5093 END
START -300 -21496 -4780 896 9061 -6641 END
START -1028 -22364 -948 -1273 9812 -9056 END
START -1828 -21264 1732 -1568 8499 -10550 END
START -780 -19040 2932 -3287 6301 -10715 END
START -220 -15604 2832 -5021 4078 -10801 END
START 584 -13580 2244 -6657 3430 -10923 END
START 780 -11028 1924 -4992 1479 -10175 END
START 1812 -8008 452 -4712 353 -8506 END
START 2172 -6320 -92 -6674 509 -6573 END
START 2176 -6112 304 -4084 -600 -4630 END
START 1884 -4380 676 -571 -2738 -2507 END
START 1760 -4064 608 -1596 -4154 51 END
START 1308 -4936 -176 -1137 -5326 2284 END
START 1608 -4652 -1404 -458 -6038 4636 END
START 1476 -4584 -2384 554 -6136 7360 END
START 912 -5840 -3176 1763 -5234 9680 END
START 300 -6780 -3436 3300 -4414 12294 END
START -876 -9380 -3960 6618 -4848 14180 END
START -864 -12276 -4504 10192 -5845 15849 END
START -1000 -16428 -4920 15724 -4655 16503 END
START -688 -21352 -4856 14031 -3731 16811 END
START -100 -27964 -5936 7548 -3264 15995 END
START -1112 -32768 -7660 5706 -2529 12570 END
START -1012 -32768 -8416 5675 -2707 7540 END
START -744 -32768 -7992 2233 -1538 2291 END
START -808 -32768 -7824 -4145 384 -1978 END
START -1864 -32556 -7092 -6979 1839 -6411 END
START -1448 -27040 -5616 -6147 2822 -9524 END
START -1432 -23068 -3720 -7301 3076 -11475 END
START -1408 -20984 -2796 -8097 2586 -11977 END
START -1800 -17540 -3908 -7192 2641 -12148 END
START -1284 -16316 -5372 -8492 4632 -12432 END
START -1680 -14060 -4644 -8284 6792 -12551 END
START -1860 -12312 -4864 -6966 7197 -11353 END
START -1272 -10040 -5144 -5027 8340 -10681 END
START -696 -8344 -4536 -4643 9718 -9404 END
START -664 -7720 -5424 -3353 10551 -7418 END
START -828 -6388 -5180 -1745 11632 -6082 END
START -528 -5188 -4164 -924 12469 -4308 END
START -636 -5236 -3624 388 13675 -2628 END
START -940 -4040 -2864 1925 14053 205 END
START -896 -3392 -720 2703 12312 3071 END
START -992 -3688 1200 5147 9890 6099 END
START -876 -3364 3444 7870 7700 9370 END
START -868 -3456 4876 7349 5006 12805 END
START -1032 -5024 4640 4756 1813 16630 END
START -1184 -7496 2324 4968 -184 19161 END
START -2244 -9984 1456 6533 -2188 22160 END
START -2544 -14236 1396 7926 -4582 24086 END