START 1956 -14168 4300 2730 -8051 2057 END
START 2440 -11632 2728 7348 -9308 2173 END
START 1368 -8532 2748 3854 -7793 5019 END
START -444 -12624 5056 442 -9284 5863 END
START -252 -12608 3632 2455 -11025 7282 END
START -568 -12892 1760 4943 -9929 6800 END
START -528 -15508 1740 1270 -7133 8057 END
START -764 -12788 -900 -1150 -6284 9256 END
START -1476 -14484 -2184 422 -8011 10035 END
START -1928 -15140 -4108 1865 -5638 10766 END
START -2208 -16468 -3816 2460 -3745 9888 END
START -2028 -17004 -3972 2705 -2821 9481 END
START -1944 -17500 -5832 1407 -1577 10767 END
START -2600 -18368 -7696 929 1839 11796 END
START -2688 -18540 -7132 -963 3353 11350 END
START -2512 -19024 -7132 -2797 4919 10880 END
START -3700 -19532 -5984 -1431 6675 11152 END
START -4404 -20592 -5888 600 7988 11200 END
START -5132 -21744 -6100 -1175 10666 9884 END
START -6020 -22392 -5756 -1274 13272 7697 END
START -6380 -21012 -4668 303 15024 6748 END
START -6516 -20444 -1952 5410 15496 6704 END
START -7192 -21772 124 3914 16362 4610 END
START -7740 -23136 1204 -866 17453 1944 END
START -7656 -23064 1876 -622 17393 -333 END
START -6472 -22716 2292 1546 15826 -1420 END
START -6204 -22748 3164 2969 14272 -2922 END
START -6588 -22952 4612 2526 13326 -5811 END
START -6752 -21788 5688 1494 11511 -7323 END
START -5644 -21980 5512 701 9428 -9115 END
START -4680 -20508 5316 1115 8021 -10116 END
START -4244 -19504 6236 2137 5968 -11164 END
START -3296 -18748 5508 139 4980 -11462 END
START -3144 -18512 5096 127 4259 -12420 END
START -2604 -16980 5960 1505 1994 -12404 END
START -2260 -16560 6436 1988 -564 -11560 END
START -2192 -16424 5760 1506 -1863 -11438 END
START -1864 -15380 5480 632 -2435 -11402 END
START -1012 -14016 5576 -830 -4658 -10912 END
START -164 -13320 5320 -480 -6353 -10150 END
START -388 -13900 5676 1025 -7726 -9429 END
START -368 -12528 6244 141 -9441 -8048 END
START 216 -12392 6112 -472 -10946 -7906 END
START 264 -11040 5412 602 -13107 -7254 END
START 300 -8388 2484 1484 -14523 -5549 END
START 160 -11484 1688 2134 -14993 -4538 END
START 1576 -11000 -2308 2182 -13638 -3794 END
START 780 -11548 -4396 -690 -10889 -4060 END
START 2152 -12364 -6940 944 -9040 -3330 END