START 2532 -13936 8292 761 -2950 -2745 END
START 2164 -13332 8988 -675 -6219 -1280 END
START 2420 -12628 8088 -416 -8619 -771 END
START 2012 -10476 7036 -2436 -10213 261 END
START 1580 -9900 5344 -4935 -11906 961 END
START 2044 -10404 2284 -4426 -13714 1998 END
START 1980 -10256 -588 -2410 -14102 2761 END
START 2224 -10736 -3120 -1925 -12863 3144 END
START 2732 -10460 -4152 -1538 -10535 4439 END
START 1236 -10936 -5652 -3126 -9398 6493 END
START 1332 -12696 -7496 -2082 -7733 6925 END
START 840 -13696 -7956 -144 -5645 7472 END
START 480 -14780 -8348 3276 -4947 8398 END
START 308 -15488 -8816 5807 -3226 9171 END
START -488 -16392 -8172 3873 -928 9457 END
START -1512 -17896 -8476 1752 780 9407 END
START -1656 -19180 -9464 3022 2706 8998 END
START -1716 -19592 -8900 5378 4540 8374 END
START -1588 -19860 -7892 4232 6157 7766 END
START -1376 -21004 -6856 2201 7759 7130 END
START -1676 -22264 -6228 2248 9496 5876 END
START -1648 -22740 -4768 3385 10711 4509 END
START -1192 -23188 -3180 2646 11442 2869 END
START -752 -22728 -1672 731 12257 1429 END
START -1032 -22612 220 -474 11864 217 END
START -1360 -23136 2404 943 10837 -1137 END
START -808 -22348 3016 1290 9032 -2711 END
START -80 -22016 2780 -998 8547 -4271 END
START 132 -21548 2972 -1301 8172 -5664 END
START 204 -20104 3496 -1128 7335 -6353 END
START 596 -19552 3616 -1601 5916 -6975 END
START 944 -18560 3644 -1490 4560 -7751 END
START 1288 -17108 3504 -2216 3307 -7870 END
START 1572 -17240 3780 -1897 1757 -7420 END
START 956 -16888 3940 -221 610 -8018 END
START 1208 -16024 3728 -1453 -594 -8055 END
START 1456 -15512 3408 -2208 -1744 -7761 END
START 1776 -14748 3168 -2270 -2805 -7450 END
START 2200 -13472 2884 -1838 -4158 -6446 END
START 2308 -12936 2228 -1051 -5387 -5812 END
START 2652 -12972 1020 -1224 -6473 -4814 END
START 2804 -12344 200 -452 -6644 -4382 END
START 2712 -11576 -244 -1102 -6254 -3498 END
START 2676 -10852 -324 -1863 -6143 -2626 END
START 2992 -10528 -876 -2509 -6217 -1235 END
START 2524 -10184 -884 -1801 -6489 -249 END
START 2604 -9544 -748 -2268 -7655 1656 END
START 1660 -9712 -1924 -2017 -8869 3487 END
START 2096 -11980 -5816 -3978 -9341 5086 END
START 2292 -15000 -9756 -918 -6498 3915 END
START 2576 -15720 -9772 315 -3898 3320 END
START 2692 -16692 -9264 2890 -1867 4240 END
START 1568 -18760 -6584 3390 152 3722 END
START 552 -19116 -2976 3897 20 2277 END
START -1080 -17132 252 1768 -2856 572 END
START 208 -16268 1196 -3412 -4915 1855 END
START -488 -15552 428 -4078 -6328 2345 END
START -172 -15060 -2760 -1131 -6800 2801 END
START 284 -13336 -4792 -1129 -5261 3203 END
START 1416 -13272 -6864 -1969 -3659 4331 END
START 2592 -15160 -9612 -2999 -2635 5238 END
START 2228 -17388 -12788 -1153 -588 5072 END
START 2652 -19488 -14928 245 2136 4373 END
START 3008 -21700 -14008 976 6030 3203 END
START 1808 -23080 -12380 1605 8297 2006 END
START 148 -23332 -10564 2566 9426 720 END
START -616 -22628 -9092 640 10499 -464 END
START -524 -21588 -9300 -1266 12479 -2180 END
START 484 -18132 -9200 -2339 14554 -2662 END
START 1804 -17788 -9384 -2530 16832 -2134 END
START 2144 -16540 -8012 -92 18870 -2082 END
START -128 -17696 -4820 3759 19268 -2130 END
START -2540 -19944 216 4597 18933 -4010 END
START -3312 -20700 3372 5153 18263 -6689 END
START -2832 -19188 5672 4509 16208 -8077 END
START -1200 -17552 5916 1831 14820 -9297 END
START 404 -15364 5780 99 13514 -9890 END
START 1244 -12832 6628 -150 11417 -10251 END
START 1952 -11436 8004 -94 7248 -10803 END