START 2608 -10932 5024 2378 -5758 1400 END
START 2392 -9112 5504 517 -7006 4357 END
START 472 -9712 5420 -1576 -7613 5617 END
START -196 -10164 3676 -2551 -8476 6158 END
START -104 -9720 -752 -353 -8590 7781 END
START -392 -10588 -3092 1643 -7223 9394 END
START -224 -11596 -4260 2787 -5889 10809 END
START -448 -14036 -6128 5482 -3556 11590 END
START -320 -15356 -7008 5664 -700 11657 END
START -1096 -17280 -6520 5046 1987 11676 END
START -1844 -19168 -6184 5592 3977 11654 END
START -2672 -20128 -6452 4229 6491 10666 END
START -2896 -20828 -5120 3505 8168 9960 END
START -3092 -20728 -4368 3610 9311 9102 END
START -3536 -21272 -3348 3493 10058 8756 END
START -4128 -21360 -2376 2040 10777 7695 END
START -4876 -22996 -1540 2350 11579 6747 END
START -5048 -23488 668 3099 11480 5669 END
START -5184 -24120 1600 3176 10954 3198 END
START -4360 -22972 1856 -379 11829 597 END
START -3888 -22208 1272 -1597 11919 -1544 END
START -3648 -21356 1772 1153 11308 -2487 END
START -3000 -20380 2164 2605 10561 -3515 END
START -2840 -19592 3132 2278 10224 -4497 END
START -2976 -20372 3444 1870 9262 -5544 END
START -2536 -19880 4052 1893 8384 -6574 END
START -2236 -19664 3468 1649 7676 -7565 END
START -1692 -18932 4572 1482 7083 -8368 END
START -1572 -18292 6040 1033 5809 -8386 END
START -1676 -17932 7308 -639 3807 -8124 END
START -1280 -17980 6668 -1988 2043 -8825 END
START -884 -17680 6304 -2249 701 -9042 END
START -1236 -16272 5832 -1726 -1034 -8933 END
START -524 -16040 4984 -1082 -1737 -8708 END
START -172 -15532 5000 -253 -2865 -8477 END
START 72 -15824 4688 -32 -3447 -8641 END
START 400 -14904 4304 -250 -4867 -7902 END
START 632 -14296 4312 -140 -5544 -7626 END
START 1176 -13304 3432 -404 -6578 -7185 END
START 1476 -12904 2324 -1153 -6579 -6133 END
START 1600 -12444 1856 -1010 -6529 -5528 END
START 2128 -12420 1716 959 -6869 -4735 END
START 2072 -12612 2084 590 -7139 -3911 END
START 2352 -12724 2608 72 -7682 -2925 END
START 2508 -13628 2244 -49 -8112 -2290 END
START 2408 -13848 916 -1021 -8182 -1460 END
START 2612 -14488 -248 -377 -8477 -1079 END
START 2216 -14348 -1140 417 -8558 -513 END
START 2300 -14080 -3300 -607 -8329 856 END