START 6472 -15776 556 -957 3784 521 END
START 5844 -16756 1984 359 2937 243 END
START 5236 -16008 4084 3677 -345 467 END
START 4776 -17824 6052 3676 -1401 -259 END
START 3216 -17084 9336 3489 -2246 -865 END
START 2460 -16512 11384 1395 -5332 -1262 END
START 1892 -13956 10340 -1295 -7846 -1248 END
START 1648 -11068 9420 -3662 -10066 -515 END
START 1500 -9048 5944 -5054 -13241 1376 END
START 1528 -9192 -716 -5639 -14205 2808 END
START 1456 -9784 -5012 -4448 -12561 3739 END
START 876 -9632 -6432 -3557 -10728 5161 END
START 732 -10120 -6420 -1819 -9282 6036 END
START 404 -11132 -6196 -1063 -8277 7488 END
START 796 -12176 -7968 632 -6306 8382 END
START 980 -12984 -7316 1254 -3786 9481 END
START 128 -13412 -5060 2356 -2626 10487 END
START 156 -15012 -6128 2434 -2052 12186 END
START -48 -16788 -7496 2692 -438 11804 END
START -1212 -17484 -6528 2927 1778 11646 END
START -1772 -19048 -6456 1320 3110 11086 END
START -1656 -19944 -6744 1050 4137 10656 END
START -1052 -19864 -7664 850 6241 10158 END
START -1268 -20292 -7048 306 7758 9873 END
START -1932 -21828 -6088 1198 8818 9227 END
START -2204 -23188 -4940 1221 10203 8000 END
START -1868 -23708 -4344 735 11118 6139 END
START -2596 -24536 -4140 494 12057 4050 END
START -2684 -24800 -2976 2369 12745 2267 END
START -2044 -25008 -1216 2366 13169 235 END
START -1952 -25668 728 1641 13225 -2393 END
START -2408 -25108 2696 1574 12262 -4525 END
START -2620 -23876 4588 1197 10715 -6616 END
START -2132 -23344 6792 1426 8384 -8676 END
START -1960 -21996 6220 412 5984 -9797 END
START -1888 -20568 5560 -384 4623 -10908 END
START -1356 -19056 5760 -654 3726 -11976 END
START -704 -17384 5956 -583 1555 -12130 END
START -508 -15756 6108 -346 -1034 -11378 END
START -104 -15224 5128 -264 -2576 -11181 END
START 216 -14940 4100 -22 -3264 -11097 END
START 384 -13508 4484 679 -4476 -10576 END
START 100 -12612 5552 104 -6721 -9622 END
START 544 -11912 5040 -359 -7941 -8716 END
START 260 -11284 4364 -554 -9012 -8007 END
START 648 -11028 2876 -941 -10969 -6736 END
START 1552 -10576 816 -577 -12074 -5237 END
START 808 -10908 196 1136 -11254 -4262 END
START 816 -9780 1092 929 -11515 -3040 END
START 396 -9572 1036 122 -13084 -1897 END
START 852 -9696 -1476 -706 -13448 -304 END
START 1048 -10276 -4240 1332 -12782 1803 END
START 2096 -12340 -6380 4399 -10653 2536 END
START 2712 -13276 -7348 4417 -8662 3146 END
START 3492 -14744 -8296 3912 -7574 3087 END
START 3964 -15660 -10476 4563 -4958 3292 END
START 3624 -16452 -10732 4761 -2465 3672 END
START 3724 -17224 -10480 3720 9 4281 END
START 2884 -17724 -10100 2313 2144 4598 END
START 2000 -16976 -8620 2227 4021 4261 END
START 1388 -18116 -7844 1525 4514 4375 END
START 1416 -18356 -8576 929 5970 4472 END
START 1672 -19564 -9760 526 8561 3882 END
START 2356 -20756 -10716 404 12064 2795 END
START 2336 -21620 -10284 841 14658 1919 END
START 2184 -22732 -7576 3150 17214 -34 END
START 2340 -22460 -3504 3135 18471 -2081 END
START 2476 -22620 -1384 -109 18426 -2703 END
START 1212 -21776 -1892 107 19397 -4330 END
START 8 -21296 -644 1425 19261 -5426 END
START -1000 -19932 1292 3386 18842 -6496 END
START -2380 -18500 5672 2505 18088 -7395 END
START -1532 -16076 9276 -395 16608 -8306 END
START -292 -13816 11376 -2064 12912 -7555 END
START 920 -11684 13060 -421 8223 -6330 END
START 1272 -11160 13112 -784 4771 -5587 END
START 1596 -10788 11532 -2885 2088 -4823 END
START 1892 -11108 10624 -2878 -67 -4858 END
START 2892 -9668 10360 -1645 -2766 -3920 END