START 3456 -13780 9668 4222 -7872 3039 END
START 2188 -14852 8312 5589 -9188 3068 END
START 1508 -14340 4488 3021 -11261 2927 END
START 1032 -13892 2476 -40 -10116 3058 END
START 1932 -13668 -820 -139 -9552 3165 END
START 1676 -12060 -1076 -455 -7476 3770 END
START 1120 -10484 -372 -226 -7432 5140 END
START -104 -10200 472 1108 -8140 7646 END
START -1740 -11824 -536 157 -8464 9442 END
START -3372 -13808 -4024 -1113 -7533 9968 END
START -4044 -15228 -3876 349 -5026 10010 END
START -2068 -14432 -5296 3025 -3521 10355 END
START -1100 -15432 -5528 2494 -3271 11399 END
START -636 -15860 -7504 1907 -644 11582 END
START -1584 -17440 -6888 2171 2208 12140 END
START -1524 -18744 -5728 3375 3688 12000 END
START -2076 -21168 -5552 3797 5532 11386 END
START -2408 -22084 -5444 2221 8384 10172 END
START -2844 -22592 -4640 645 10013 8446 END
START -2312 -23144 -3380 2390 11013 6843 END
START -2096 -23124 -2376 1134 12200 5981 END
START -2680 -24408 -748 -96 13029 3842 END
START -3020 -23908 308 -1001 13540 1317 END
START -2756 -23568 1172 560 12794 -189 END
START -2180 -22500 1416 218 12784 -1996 END
START -2084 -22120 2068 207 13432 -3422 END
START -1832 -22044 4064 16 13215 -4785 END
START -1148 -21960 4412 -85 10847 -6156 END
START -616 -21324 5340 -709 9402 -7143 END
START -836 -20892 5116 -1313 8854 -8290 END
START -832 -20524 5776 -1337 7610 -9448 END
START -468 -19752 6660 -1422 5473 -9932 END
START -284 -18464 6548 -2319 3433 -10030 END
START -176 -17660 5660 -2841 2401 -10389 END
START 4 -17124 5568 -2160 1008 -10631 END
START 32 -16388 5720 -1120 -668 -10606 END
START 136 -15688 5968 -2215 -2587 -10040 END
START 544 -14688 5408 -2597 -4381 -9436 END
START 1124 -14144 3872 -2556 -5402 -9444 END
START 1376 -12404 3700 -2103 -5883 -8692 END
START 1188 -11388 3844 -606 -7435 -7386 END
START 1280 -11020 2868 -312 -8952 -5200 END
START 1172 -10568 1608 -630 -8807 -4657 END
START 960 -11812 184 -150 -8710 -4148 END
START 1980 -10972 -624 384 -9114 -3205 END
START 1880 -10496 -2160 237 -9326 -1146 END
START 2340 -10936 -4836 -480 -7608 -194 END
START 3232 -12044 -7396 -1027 -5143 265 END
START 3420 -13272 -7604 1958 -3279 865 END
START 3780 -14012 -7576 2850 -2119 2129 END
START 3812 -16224 -7000 2990 140 2227 END
START 4288 -17896 -5216 1782 1347 1548 END
START 3256 -18584 -3804 1159 1010 1580 END
START 3596 -19492 -2560 552 1535 820 END
START 3368 -19220 -1080 -39 1763 -14 END
START 3712 -18712 -376 -615 2041 -579 END
START 5580 -17824 -2160 530 245 -1056 END
START 4256 -16640 1124 22 771 -1383 END
START 4328 -16012 1436 -577 -26 -1402 END
START 4460 -15540 2088 290 -958 -1577 END
START 4288 -14976 2872 295 -2129 -1547 END
START 4268 -14444 2684 102 -2873 -1246 END
START 4160 -13236 2932 242 -3994 -868 END
START 3444 -12756 3264 217 -5088 -372 END
START 2872 -11920 3068 -424 -6348 770 END
START 2388 -11812 1304 -641 -7470 2201 END
START 2268 -13016 -2520 -563 -6953 2605 END
START 2948 -13152 -5048 -790 -5470 2875 END
START 2848 -14016 -4756 285 -4784 3241 END
START 2496 -14572 -4608 1499 -4760 4604 END
START 2092 -16200 -5712 1349 -3882 4702 END
START 2424 -17540 -7240 203 -362 3903 END
START 3412 -19040 -9228 -586 1753 3561 END
START 3916 -19724 -10180 575 2395 3693 END
START 3720 -20520 -10140 656 4292 3516 END
START 2684 -21484 -9724 -1008 7096 2405 END
START 1892 -21836 -9968 -2957 8828 1128 END
START 1928 -21056 -10732 -3810 10798 38 END
START 2316 -19284 -10372 -4001 13248 14 END
START 2408 -18744 -9428 -1327 16858 -567 END
START 1976 -18784 -7496 -13 18369 -980 END
START 380 -19424 -4824 1579 19720 -1503 END
START -372 -20160 -512 2194 20911 -2691 END
START -1276 -20176 3696 1626 19844 -4063 END
START -1784 -18672 7044 1807 19164 -5770 END
START -624 -16432 9704 631 16396 -6226 END
START 700 -15028 11608 -240 12831 -5902 END
START 1644 -12792 11552 443 8743 -4885 END
START 2268 -12600 9932 -186 4307 -4762 END