START 4684 -13800 1856 1733 1084 1701 END
START 2700 -13544 3476 3486 -2313 2898 END
START 1728 -14756 5368 2494 -5899 2394 END
START 368 -15456 4852 -743 -7993 1669 END
START -708 -15392 3804 -4049 -9180 1095 END
START -144 -14304 1588 -5181 -10913 -84 END
START 912 -12320 -660 -3681 -11530 -886 END
START 1724 -11144 -1956 -1513 -11912 -71 END
START 1756 -10576 -4052 -807 -12295 1605 END
START 1460 -10744 -5676 -314 -11765 2869 END
START 1276 -11364 -7828 214 -10971 4560 END
START 1744 -12016 -9600 2291 -8530 5228 END
START 1812 -11696 -9048 3055 -6383 6323 END
START 1524 -12992 -9260 3577 -5523 7363 END
START 680 -13548 -9540 4045 -3852 8632 END
START -324 -13756 -9220 2546 -2283 9127 END
START -716 -14640 -8396 2546 -2045 9954 END
START -708 -16068 -9348 5217 -1838 10670 END
START -388 -17208 -10508 5710 32 11155 END
START -1664 -17784 -10200 3585 2752 10963 END
START -2680 -19636 -9292 2212 4990 9989 END
START -2740 -20272 -8404 3863 5711 9395 END
START -3256 -21156 -7912 4286 6684 8380 END
START -3272 -21772 -7232 2236 8373 7362 END
START -2668 -22404 -6388 1129 10043 5649 END
START -2556 -22696 -5436 1877 10158 4233 END
START -2600 -23016 -5580 2246 10284 2472 END
START -3144 -23136 -4580 2200 11369 839 END
START -3020 -23660 -1544 2524 11318 -1057 END
START -2356 -23936 -60 2196 9795 -2650 END
START -1964 -23288 -68 1047 9100 -4641 END
START -1896 -22836 32 35 9101 -6534 END
START -1032 -20900 940 -231 8574 -7758 END
START -428 -20280 1720 -17 6697 -8598 END
START 76 -18808 680 -602 5199 -8826 END
START 476 -18424 412 -1545 5105 -9377 END
START 528 -17432 552 -1211 4617 -9731 END
START 984 -17324 524 -700 3491 -9973 END
START 1148 -16188 1108 -169 2351 -10185 END
START 1292 -15396 972 -270 1755 -9911 END
START 1268 -14736 1236 -809 992 -9552 END
START 1328 -14152 2100 -1155 -405 -8978 END
START 1376 -13368 3212 -1652 -2118 -8770 END
START 1296 -12196 3508 -1958 -3812 -8000 END
START 1808 -11788 3084 -2530 -5909 -6811 END
START 2004 -11604 1672 -2198 -7790 -6144 END
START 2272 -11200 72 -2545 -8588 -5255 END
START 2016 -11200 -1316 -3126 -9078 -4259 END
START 2280 -11372 -2492 -1915 -8731 -3955 END
START 2424 -10980 -2116 -532 -9108 -3276 END
START 2744 -10388 -1464 -40 -10295 -2185 END
START 2764 -9444 -2624 -2115 -10953 -460 END
START 2936 -10628 -5376 -4382 -10517 1056 END
START 2616 -11796 -7732 -2661 -9206 1233 END
START 2164 -11652 -6768 714 -9165 1798 END
START 1744 -11916 -6964 2531 -9247 2763 END
START 2096 -12908 -9108 2382 -7897 3417 END
START 2732 -14392 -10528 2682 -5053 2731 END
START 2232 -13692 -8660 4078 -3828 3203 END
START 2956 -13916 -6996 3833 -4462 4450 END
START 2972 -15284 -8524 1873 -3997 5162 END
START 2360 -16168 -10936 266 -2237 5676 END
START 2440 -16784 -11316 264 -627 5657 END
START 2316 -18064 -11876 327 -329 6289 END
START 1908 -20448 -14328 2796 1700 5328 END
START 832 -20432 -14592 776 4536 4301 END
START 744 -20200 -13560 -1312 7628 3376 END
START 1416 -18584 -12800 -3101 9728 3299 END
START 1636 -19352 -15444 -3959 12993 2810 END
START -124 -18936 -15432 -129 16010 2105 END
START -1648 -19608 -15492 2980 18231 2300 END
START -2044 -20552 -12776 8486 21579 -15 END
START -2900 -20612 -9080 12619 26175 -3554 END
START -3388 -18928 -2536 16124 29384 -7181 END
START -2620 -15888 2432 13790 29155 -7848 END