START 4888 -14072 3988 -1176 -3188 229 END
START 4388 -14084 3836 -868 -4482 1116 END
START 3972 -13908 3480 -53 -4921 2008 END
START 3524 -13384 4520 -441 -5985 2400 END
START 3316 -12372 5132 192 -8422 2947 END
START 2932 -10740 4260 1901 -8997 4056 END
START 2204 -10424 3792 1095 -8857 6183 END
START 1512 -10820 2548 -33 -10478 7831 END
START 588 -11060 -504 507 -10802 9283 END
START -220 -11832 -2084 1466 -9536 10633 END
START -772 -12984 -3368 2179 -8367 11304 END
START -1728 -14888 -4680 3126 -7275 11432 END
START -2116 -16388 -5784 3318 -4756 12169 END
START -2936 -18292 -5772 4953 -2140 11293 END
START -2820 -18480 -5236 5947 -799 10675 END
START -2872 -18264 -5200 4798 1103 9570 END
START -2860 -18080 -5984 3087 3426 9703 END
START -3676 -18752 -7396 1543 5894 9726 END
START -4824 -20004 -7048 3960 7182 9696 END
START -5572 -20988 -6056 5834 8814 8911 END
START -5696 -22268 -5572 5170 11133 7614 END
START -5152 -22604 -3932 2617 13137 6147 END
START -4900 -23828 -1940 1870 13161 4747 END
START -4520 -24800 -1124 2043 12879 2784 END
START -3672 -24636 408 10 13576 435 END
START -3488 -25360 2228 -2393 12932 -2092 END
START -2856 -25104 3040 -2517 11794 -4444 END
START -2972 -23904 3576 -1417 11007 -6882 END
START -2644 -22220 4036 -2165 9959 -8723 END
START -2048 -20488 5272 -2034 8717 -10237 END
START -1800 -19372 5648 -1055 6787 -11056 END
START -1488 -18212 4868 -1150 5903 -11786 END
START -944 -17468 4192 -1429 5301 -12670 END
START -24 -16308 4224 -1716 3675 -12817 END
START -288 -15940 3940 -318 2051 -12469 END
START -84 -15296 3724 1169 1090 -12312 END
START 672 -14132 3712 390 185 -11814 END
START 440 -13252 4292 142 -1015 -10794 END
START 864 -12708 4756 98 -2680 -9254 END
START 684 -12080 5572 2144 -4290 -7526 END
START 780 -11632 6360 3264 -6325 -6469 END