START 2204 -10284 5048 4170 -3599 -923 END
START 1768 -10368 8360 213 -6130 1475 END
START 1656 -9288 6728 -360 -8448 2974 END
START 1368 -9308 5220 1011 -9750 4957 END
START 820 -10380 1772 4450 -10124 6652 END
START 716 -10916 -132 4185 -8958 7438 END
START -324 -9704 -2000 5148 -7794 8539 END
START 172 -13160 -3316 3242 -6164 10389 END
START -692 -15192 -4544 4246 -5186 11065 END
START -996 -16064 -4660 4780 -3382 11132 END
START -1996 -16936 -3876 4552 -1417 11310 END
START -2288 -18292 -3860 4928 57 11361 END
START -2740 -18064 -3504 5938 1611 11426 END
START -2460 -18160 -3760 4564 3241 11418 END
START -2652 -18992 -4236 2169 4941 10441 END
START -3720 -18084 -4436 398 5801 10681 END
START -4700 -21216 -3692 3186 7077 11253 END
START -5632 -22276 -2980 4039 8338 10307 END
START -5288 -22380 -2548 76 9681 7354 END
START -5072 -21560 -4020 -2913 11604 5549 END
START -5688 -22572 -2696 872 13260 4949 END
START -6176 -22672 -1488 3878 13487 3856 END
START -5976 -22568 336 2400 13926 1397 END
START -5588 -21684 316 260 14087 -394 END
START -6428 -21880 1880 2106 14553 -2300 END
START -6112 -21820 3276 2503 13689 -3814 END
START -5668 -21928 6516 1659 13533 -5520 END
START -5060 -21020 5780 1770 11131 -7103 END
START -4172 -19588 6908 4008 8185 -7271 END
START -2616 -19268 6352 1704 7029 -8145 END
START -2056 -19492 6108 -377 6488 -9141 END
START -1592 -19336 5296 -1166 5332 -9717 END
START -1424 -18988 5268 -561 3343 -9754 END
START -1004 -18780 5060 -287 2344 -9939 END
START -1304 -19152 5028 -2007 2141 -10932 END
START -1388 -18316 5676 -1604 563 -11355 END
START -1020 -17896 5428 -357 -904 -11449 END
START -396 -16056 5872 -912 -1822 -11392 END
START -712 -14880 5984 -2441 -3230 -11210 END
START -540 -14312 4840 -2450 -5418 -10145 END
START 160 -13320 3796 -2280 -6079 -9024 END
START 212 -12652 3576 -2135 -6572 -8532 END
START 240 -11572 3688 -2095 -7692 -7642 END
START 636 -11544 2944 -1597 -8390 -6035 END
START 768 -10988 2560 -1379 -9104 -4832 END
START 1340 -11836 1424 -2853 -9712 -3944 END
START 1784 -12228 444 -1834 -9221 -3394 END
START 1836 -12072 584 -1269 -8852 -2174 END
START 2364 -10672 784 -156 -10006 -1103 END
START 1264 -10908 520 -684 -9217 -310 END
START 1780 -11404 -1588 -2746 -9965 1172 END
START 1948 -12160 -5176 -1295 -8751 1938 END
START 2176 -12976 -6960 393 -7093 2479 END
START 2204 -14588 -7044 3671 -5510 2893 END
START 2428 -16580 -7872 3101 -2695 2529 END
START 2756 -17348 -7884 3430 940 1230 END