START 3020 -13300 2004 -1155 -2316 500 END
START 2756 -13508 2688 326 -3685 580 END
START 2628 -11644 2848 580 -3820 1871 END
START 1412 -11896 3784 57 -3770 3236 END
START 528 -11712 4152 885 -5101 4253 END
START -240 -11728 2044 1276 -6756 5583 END
START 68 -12592 -1812 826 -6441 6370 END
START 540 -13272 -4792 1049 -3929 7226 END
START -356 -13704 -4928 3046 -2229 7610 END
START 36 -14376 -4800 4176 -993 8228 END
START -400 -15140 -4840 4256 888 8938 END
START -680 -16140 -4440 3827 2109 9272 END
START -932 -17172 -3452 4367 2998 10100 END
START -1276 -18248 -2252 3113 3806 10041 END
START -1676 -19100 -2760 216 4994 9400 END
START -1656 -19020 -2244 193 5502 8996 END
START -1932 -19308 -1708 1398 5593 9185 END
START -2616 -20456 -1896 697 6635 8466 END
START -3380 -21064 -1940 -1910 8004 6641 END
START -3556 -21076 -1448 -583 8461 5393 END
START -3664 -20452 -944 2446 8591 4698 END
START -3764 -20656 -64 2178 9287 3561 END
START -3928 -20220 728 47 9860 1921 END
START -4296 -20788 932 468 9625 823 END
START -4284 -20200 1660 2674 8924 -131 END
START -3540 -20632 2372 2353 8340 -1373 END
START -3368 -20500 2604 1306 7666 -2379 END
START -2764 -20708 1348 953 7979 -3771 END
START -2444 -20328 1776 1217 8201 -4973 END
START -2240 -19840 3076 1528 7251 -5740 END
START -2548 -19628 3932 863 5748 -6192 END
START -2472 -19876 4396 540 5338 -7248 END
START -2200 -19012 5268 -33 4151 -8151 END
START -1732 -18408 5932 -992 2239 -8396 END
START -1224 -17812 5352 -1527 605 -8585 END
START -1036 -17664 5460 -1293 -358 -8794 END
START -1068 -16916 5512 -1233 -1585 -9021 END
START -740 -16144 5400 -2456 -3309 -8675 END
START 512 -16188 3672 -3199 -3862 -8955 END
START 520 -15504 3160 -1812 -4205 -9468 END
START 620 -14600 2300 -1810 -4988 -8499 END
START 1264 -14436 2396 -1118 -5668 -7763 END
START 940 -14236 2680 28 -6097 -7137 END
START 1032 -13548 3508 237 -6350 -6742 END
START 1644 -12060 4292 -767 -7143 -5772 END
START 1420 -12592 3632 -2844 -7813 -4265 END