START 6672 -16072 616 -69 -480 -157 END
START 7152 -16128 1336 -351 -796 593 END
START 6756 -16540 1524 -448 -848 560 END
START 6380 -16996 2732 508 -1301 -69 END
START 6280 -16356 3804 2266 -1531 -584 END
START 6480 -15136 4972 2471 -1653 -157 END
START 5136 -14860 5844 1521 -2465 172 END
START 4712 -13968 5756 2523 -3559 -350 END
START 4408 -12588 4740 182 -5593 284 END
START 4128 -12572 1552 -1168 -6801 1236 END
START 3612 -12412 -468 440 -6595 1485 END
START 3376 -11796 -332 2411 -6398 2023 END
START 3080 -10792 268 2045 -6523 3409 END
START 2908 -11800 -16 243 -6932 4305 END
START 2760 -12316 -1476 -577 -6647 5465 END
START 2372 -12840 -2388 158 -6254 6168 END
START 2340 -13276 -3248 472 -5813 6927 END
START 1860 -14096 -3872 1126 -4452 7449 END
START 1048 -14420 -4064 1852 -2661 8127 END
START 1072 -15144 -3824 2246 -1535 8015 END
START 1464 -15476 -3528 3173 -511 8958 END
START 1496 -16424 -3296 5111 311 8994 END
START 1240 -16656 -3504 3917 839 9818 END
START 712 -18060 -4116 1044 2748 9161 END
START 216 -18352 -4560 -95 4739 8636 END
START -276 -18800 -4092 1544 5688 8256 END
START 676 -19392 -4232 3985 5970 8304 END
START 480 -20208 -4380 1984 7267 7780 END
START -408 -21192 -3692 -889 8996 6563 END
START -976 -21468 -2756 -1209 9633 5507 END
START -692 -22564 -1856 424 9713 5053 END
START 100 -23156 -1640 532 10484 3940 END
START -336 -24332 -104 -1065 11767 2073 END
START -488 -25300 1900 -2457 11893 -45 END
START -616 -26072 3532 -740 11036 -2232 END
START -664 -25568 4632 -642 9793 -4703 END
START -588 -24576 5880 -988 8216 -6472 END
START -556 -22996 6540 -1299 6716 -8204 END
START 16 -21396 6916 -2395 5036 -9524 END
START 208 -19660 7256 -2086 3222 -10330 END
START 56 -18112 6376 -1751 1956 -11104 END
START 604 -16636 6272 -2445 649 -11385 END
START 968 -15380 5772 -2402 -755 -10884 END
START 1300 -14820 5468 -1858 -2167 -10600 END
START 1268 -13872 4844 -850 -3600 -9745 END
START 1616 -13452 4628 -361 -5128 -9165 END
START 1452 -12692 4216 385 -6329 -8962 END
START 1760 -12520 4208 -479 -7197 -7778 END
START 1836 -12308 4276 -139 -8202 -7168 END
START 2116 -11412 3752 264 -9428 -6045 END
START 2500 -10608 2796 -138 -10581 -4924 END
START 2652 -10460 2400 -741 -11812 -3694 END
START 2364 -10916 784 -229 -12355 -2682 END
START 2348 -10784 -936 -407 -12511 -985 END
START 2000 -10656 -1128 1061 -12407 -92 END
START 2180 -10696 -2396 550 -12757 1287 END
START 2384 -11372 -5504 353 -12125 2054 END
START 3172 -11940 -7768 -276 -9853 3093 END
START 3256 -13444 -8780 1182 -7473 3690 END
START 3496 -14092 -8392 3684 -5874 3888 END
START 4420 -14908 -9884 1421 -3943 5419 END
START 4288 -17420 -12000 -118 -884 5353 END
START 3956 -18460 -11792 171 1914 4560 END
START 3692 -19416 -11704 924 4456 4458 END
START 3084 -20544 -10024 2265 6408 3352 END
START 2188 -20904 -9544 1932 8502 2686 END
START 1868 -21584 -10612 -601 11083 1709 END
START 1908 -20764 -11040 -1240 14600 -127 END
START 2640 -19284 -11700 -3050 18303 -818 END
START 1024 -19356 -10048 -1327 22068 -1553 END
START -208 -18420 -5220 4098 23892 -2741 END
START -308 -17964 32 3638 25530 -4120 END
START 4 -17832 5044 -2523 28471 -5658 END
START -1204 -16348 9480 -7044 29613 -7511 END