START 2012 -11628 2736 -61 -7662 4464 END
START 1148 -12044 1648 627 -7343 5511 END
START 20 -11760 1448 1079 -7504 6332 END
START -984 -12468 740 866 -9271 7588 END
START -1088 -14156 -2396 1433 -8128 8443 END
START -1500 -14536 -4084 2714 -6139 8594 END
START -2204 -14416 -4868 4505 -3810 9244 END
START -2080 -15128 -5360 4550 -2981 9894 END
START -2224 -15984 -5984 4544 -1538 10565 END
START -2344 -16996 -5656 4669 863 11014 END
START -2760 -18528 -5660 4438 2094 11125 END
START -3128 -20172 -6988 3718 3269 10688 END
START -3720 -21552 -7092 1590 5999 9734 END
START -3500 -22348 -5668 2670 8120 8569 END
START -3140 -23680 -4392 3068 8844 7777 END
START -3720 -24428 -3164 723 10540 5363 END
START -4232 -24556 -1532 -1898 12034 3480 END
START -4480 -23864 -620 147 11245 1341 END
START -3456 -23272 696 831 11115 -362 END
START -3464 -23228 2340 645 10425 -2203 END
START -2896 -22808 2812 -141 10045 -4182 END
START -2664 -22364 3188 -624 9746 -6267 END
START -1708 -20740 4592 -349 8242 -7284 END
START -1144 -20108 5272 -1163 6682 -8331 END
START -1432 -19356 4980 -1612 5459 -9227 END
START -1028 -18648 4336 -2375 4931 -9890 END
START -868 -17764 4320 -2359 4003 -10414 END
START -920 -16752 4000 -1481 2448 -10323 END
START -188 -16400 3804 -1153 1232 -10258 END
START -4 -16024 1700 -2239 646 -10031 END
START 588 -15784 1324 -2262 1190 -10221 END
START 648 -15100 2548 -506 14 -9771 END
START 756 -14876 3188 2076 -1825 -9160 END
START 1080 -13948 3484 343 -2112 -8568 END
START 1396 -13392 3844 -1619 -2813 -7728 END
START 1616 -13304 4588 -702 -4926 -7122 END
START 2056 -12144 4664 -314 -7146 -5447 END
START 1848 -11812 4724 -603 -9042 -4190 END
START 1104 -12008 4976 -1328 -11401 -2547 END
START 836 -11660 2968 -2509 -12238 -1928 END
START 840 -11440 -1116 -5608 -12214 -824 END
START 892 -11440 -4756 -7052 -10824 -907 END
START 1820 -11980 -7476 -3600 -9602 -199 END