START 1468 -11996 6100 -214 -5688 1309 END
START 1716 -11532 7144 690 -8420 2812 END
START 496 -9516 5112 -353 -9252 6643 END
START -388 -10452 3344 400 -8276 7479 END
START -1100 -10896 1284 2314 -6909 8637 END
START -1848 -11264 -972 4686 -6372 9112 END
START -2124 -12680 -3328 4829 -4941 11181 END
START -2516 -13520 -4776 5057 -3005 11850 END
START -2720 -14880 -4852 5124 -1381 12525 END
START -3256 -17396 -5420 7085 -16 13179 END
START -3772 -18540 -6128 5300 3668 14743 END
START -4792 -20480 -5656 4628 6059 13269 END
START -4824 -21324 -6108 1918 8151 11768 END
START -4596 -22332 -5620 2106 10196 10459 END
START -5644 -23484 -4300 3506 11158 10672 END
START -6604 -26008 -3164 1477 13448 8127 END
START -7908 -27236 -876 -1448 15357 4607 END
START -8440 -26284 496 414 14613 2174 END
START -7100 -24412 1220 2501 14390 512 END
START -6576 -23880 2144 2586 14809 -1797 END
START -6368 -22892 3244 867 14586 -4006 END
START -6328 -22268 4380 -445 13552 -5467 END
START -7128 -21692 5712 1953 11685 -7241 END
START -5984 -21404 6408 3866 9929 -7850 END
START -4836 -20364 6952 2790 8499 -9650 END
START -4092 -19084 7308 940 7970 -11546 END
START -3312 -17300 8168 30 6070 -11605 END
START -2508 -16644 8188 -405 3434 -11669 END
START -2336 -16348 7064 -472 1841 -11418 END
START -1760 -15144 7016 -1301 936 -10827 END
START -1092 -14616 7644 -2300 -366 -10596 END
START -576 -14704 6352 -2535 -2258 -10065 END
START -420 -14448 5184 -1290 -3487 -9240 END
START -188 -14204 4712 -604 -3665 -8788 END
START -124 -14144 4892 -2052 -4271 -8389 END
START 188 -14544 3676 -1650 -4778 -6904 END
START 232 -13584 2816 722 -5842 -5921 END
START 1384 -13860 3352 255 -6306 -5589 END
START 1348 -12976 3824 1592 -6953 -5487 END
START 1384 -12300 3876 1791 -7670 -4892 END
START 1416 -11680 3716 2691 -8360 -4038 END
START 2148 -11500 3176 1268 -8687 -2141 END
START 1944 -11480 2288 -214 -8554 -642 END