START 4988 -15228 4824 193 -1079 1223 END
START 4512 -14992 7380 135 -4193 782 END
START 3888 -14984 7740 -887 -6086 2343 END
START 2056 -14676 6860 -1659 -6667 702 END
START 1832 -14004 6708 -1414 -7724 -336 END
START 1644 -10868 5944 416 -9535 93 END
START 1084 -7304 5124 362 -11960 2286 END
START 576 -6052 2344 -471 -13093 4890 END
START -332 -6048 -2276 -1379 -13378 7943 END
START -948 -7848 -6184 1177 -12219 9897 END
START -964 -10036 -7140 4224 -10660 11143 END
START -380 -12488 -9296 5075 -9182 13762 END
START -12 -15776 -12456 5223 -5332 14481 END
START -204 -17592 -11204 5448 -1140 14076 END
START -1088 -19864 -8940 6231 828 13898 END
START -1400 -21340 -6912 5479 1591 13123 END
START -928 -21516 -7760 2790 4095 12670 END
START -1400 -22436 -7992 662 6699 11817 END
START -1796 -22064 -8344 652 8629 11067 END
START -2172 -22008 -7280 765 10450 10114 END
START -2624 -22864 -5620 624 11362 9026 END
START -3360 -24392 -4236 1271 12395 6950 END
START -3608 -24768 -2452 1379 13394 4497 END
START -2660 -23628 -920 -1493 13743 2566 END
START -2380 -25040 -500 -34 13602 1104 END
START -2472 -25756 524 1935 13525 -643 END
START -3656 -25816 2564 1771 12922 -3913 END
START -3332 -25612 4240 399 11619 -6690 END
START -2924 -24400 5260 -67 10816 -8983 END
START -2716 -22616 6484 504 8645 -10771 END
START -2312 -20536 7856 771 5338 -11878 END
START -2116 -19200 7588 464 4018 -12690 END
START -1904 -17416 7584 -1771 1770 -13137 END
START -1768 -16736 6484 -1817 -614 -13142 END
START -1416 -15732 5896 850 -2740 -13122 END
START -604 -14240 5040 1751 -4790 -12690 END
START 232 -13632 3992 822 -6320 -11799 END
START 88 -12876 3816 26 -7487 -11020 END
START -464 -12332 4352 654 -8864 -10474 END
START 368 -10672 4276 546 -10227 -9186 END
START 1252 -10224 2820 -419 -11392 -7712 END
START 1284 -9696 2300 306 -12807 -5944 END
START 584 -9464 1580 1654 -13529 -4157 END
START 628 -8936 1500 -770 -14140 -3021 END
START 272 -9488 -612 -794 -15033 -1370 END
START 1196 -8720 -2764 -264 -14988 582 END
START 1628 -9728 -5860 386 -14246 2132 END
START 2068 -11576 -9176 1979 -11406 3386 END
START 2604 -12184 -8904 4194 -8923 3952 END
START 2684 -13068 -8668 4253 -7300 4995 END
START 3572 -15236 -11004 2294 -4223 5629 END
START 2908 -16776 -11600 2212 -435 5687 END
START 2612 -17992 -10232 4863 888 5717 END
START 2536 -18828 -9736 5927 2263 5443 END
START 2388 -20460 -9020 1895 5826 4782 END
START 1844 -21244 -7904 -693 7543 3972 END
START 2400 -21136 -7612 186 8130 3218 END
START 1900 -21956 -8728 46 10051 2101 END
START 1548 -20816 -9680 651 12996 438 END
START 1556 -20200 -10388 -480 16047 -756 END
START 1428 -18864 -9028 823 19598 -1588 END
START 1720 -17036 -5932 529 21904 -1728 END
START -16 -17128 -1640 2864 23042 -2097 END
START -1168 -16728 4052 3795 21295 -2517 END
START -1952 -17804 8432 3513 18239 -2890 END
START -932 -18428 9912 2927 15709 -3920 END
START -160 -23180 9800 917 14097 -3560 END