START 5140 -17800 2972 2917 2021 -3002 END
START 4676 -17304 4100 4112 1651 -3823 END
START 3716 -15992 5392 3098 -620 -1788 END
START 3644 -17112 6252 -852 -3630 -1374 END
START 3392 -17168 5376 -2124 -5263 -2424 END
START 3196 -16344 5260 -1170 -6783 -3056 END
START 2840 -14424 5004 -1175 -8510 -3535 END
START 3428 -14132 3880 -1726 -10100 -2910 END
START 3188 -12964 2904 787 -9866 -2283 END
START 2772 -11992 3112 1407 -10663 -1461 END
START 2616 -11584 1768 790 -11800 -154 END
START 2996 -11828 -1392 -1423 -12615 1805 END
START 2620 -12548 -3556 -1006 -11253 2150 END
START 2412 -11588 -3612 328 -10341 2247 END
START 2904 -12636 -3988 1229 -10322 3468 END
START 2764 -12992 -5204 575 -9338 4831 END
START 2544 -14088 -6604 301 -6785 5137 END
START 2148 -13812 -5800 -129 -5284 5741 END
START 1232 -13776 -4092 186 -4813 6129 END
START 220 -13928 -3136 658 -5102 6988 END
START -568 -13968 -3736 446 -4722 7838 END
START -932 -14308 -4212 -223 -4128 8873 END
START -444 -14928 -4904 772 -3276 9305 END
START -460 -15680 -4876 1478 -2582 9536 END
START -764 -16892 -5832 378 -2702 10528 END
START -960 -18028 -7344 105 -757 9893 END
START -1152 -18320 -7556 -550 667 9660 END
START -932 -20276 -7848 417 1822 9361 END
START -1024 -21752 -8456 2524 3653 8761 END
START -1728 -22324 -7892 1262 5975 6927 END
START -2612 -22860 -6616 227 8090 4825 END
START -1904 -21880 -5904 634 9080 3520 END
START -1656 -21248 -5532 637 10006 2385 END
START -1304 -21396 -5512 448 10743 1513 END
START -1548 -22008 -3544 1116 11634 346 END
START -884 -22764 -1552 2072 11893 -1107 END
START -1036 -22564 -96 985 11044 -2511 END
START -1092 -22568 292 -1391 10342 -3873 END
START -980 -21936 424 -1431 10339 -5455 END
START -708 -21284 1460 -908 9445 -6366 END
START -468 -20400 1948 -599 7793 -7487 END
START -68 -19444 2748 -70 6699 -8334 END
START 300 -18264 4040 -595 5059 -8328 END
START -20 -17780 4604 -1419 3430 -8581 END
START 76 -17216 4000 -1544 1990 -9111 END
START 492 -15960 3696 -2031 652 -9251 END
START 1008 -14892 3800 -1932 -723 -9256 END
START 1264 -14616 3508 -1492 -2247 -8799 END
START 808 -13212 3228 -1464 -4042 -8244 END
START 1396 -12260 2508 -1549 -5339 -7595 END
START 1732 -11612 1864 -1256 -6223 -6692 END
START 1476 -11880 964 -1475 -7330 -6157 END
START 1884 -11648 448 -914 -8439 -4992 END
START 1692 -11792 -128 -364 -9077 -4106 END
START 1472 -11548 -844 58 -9041 -3791 END
START 1632 -11264 -1156 -348 -9338 -2751 END
START 1464 -10856 -1492 74 -9926 -1820 END
START 1792 -10324 -2932 -1051 -10284 -486 END
START 1944 -10616 -4708 -687 -10662 1499 END
START 2032 -12292 -7748 1391 -9913 2575 END
START 2088 -11864 -7988 3579 -8275 3173 END
START 2620 -12092 -8092 2613 -6692 4443 END
START 2420 -12664 -8896 1643 -4318 5097 END
START 2044 -14056 -9680 1860 -2582 5930 END
START 2136 -14864 -11036 2582 -1301 7294 END
START 2420 -16892 -11980 3649 1363 7983 END
START 2828 -18604 -12652 5014 5450 7950 END
START 1996 -20840 -12112 5420 8989 6589 END
START 1144 -22856 -10364 4751 11753 4376 END
START 896 -23112 -8652 5198 14860 1404 END
START 660 -22296 -6392 3374 16773 -437 END
START 28 -22472 -3364 2482 16446 -1728 END
START -24 -21864 -2036 3051 15295 -3079 END
START 248 -19804 -828 3896 16356 -4885 END
START 612 -18796 -36 1033 15640 -5974 END
START 1392 -17676 0 -428 14453 -5790 END
START 1780 -17296 824 142 12595 -5455 END
START 2024 -16124 1728 1504 10957 -5318 END
START 2720 -15348 1444 35 10544 -5345 END
START 2708 -15536 2228 -775 10104 -5889 END