START 3120 -12788 2412 -1539 -3448 1186 END
START 2788 -13416 3604 475 -4019 1629 END
START 1984 -12312 4664 1977 -4991 3257 END
START 1056 -11912 5540 1986 -7662 3915 END
START 96 -11580 3852 803 -10082 5670 END
START -60 -12776 -832 496 -9829 6924 END
START -352 -13112 -3468 1433 -8020 7328 END
START -824 -13056 -4832 2665 -6587 8202 END
START -536 -13296 -5728 4051 -4640 9179 END
START -888 -14720 -6384 4567 -3536 10470 END
START -1624 -15872 -7408 5890 -1493 11016 END
START -1936 -16324 -6312 5339 213 11215 END
START -2032 -17376 -6436 3880 1959 11393 END
START -2704 -18900 -6116 2736 4150 11410 END
START -3084 -20244 -6156 1977 5803 11265 END
START -3556 -20888 -5648 2098 7214 10138 END
START -3732 -22048 -5732 1814 9151 9055 END
START -4064 -22808 -3952 2997 10486 7517 END
START -3996 -23128 -2260 2665 11450 5507 END
START -3892 -23512 -692 782 12134 4101 END
START -4104 -23564 684 -429 12575 2296 END
START -3852 -23452 1544 282 11723 210 END
START -3972 -23244 2168 1407 10840 -1747 END
START -2896 -22736 2572 1113 10661 -3485 END
START -2420 -21608 3012 -139 9816 -5247 END
START -1828 -21240 2280 -489 8944 -6543 END
START -1764 -20340 2912 849 8597 -7840 END
START -1860 -19620 4192 1348 7375 -8818 END
START -1404 -18996 5404 182 5951 -9516 END
START -1228 -18568 6404 -768 4054 -9823 END
START -1052 -18460 6300 -970 2233 -10212 END
START -884 -17452 6380 -592 91 -10664 END
START -136 -16768 5996 -178 -2143 -10426 END
START -28 -16116 5960 -761 -3287 -10271 END
START 196 -15096 6172 -1256 -4874 -10338 END
START 328 -14496 5632 -1205 -6931 -10020 END
START 1124 -13196 4164 -930 -8343 -9355 END
START 1668 -12360 3000 -1104 -8952 -7922 END
START 1400 -11652 1908 -633 -9141 -6446 END
START 1680 -12488 1008 -431 -9992 -5391 END
START 1400 -12388 444 -622 -9701 -4957 END
START 1576 -11752 -416 -1907 -8825 -4192 END
START 2068 -11860 -1636 -1792 -8971 -2464 END
START 2208 -11976 -4304 -397 -8365 -815 END
START 2064 -12932 -5520 1587 -6807 -737 END
START 2136 -13636 -6304 2073 -5183 -723 END
START 2272 -14208 -6720 793 -3100 -277 END
START 1964 -15592 -6896 2146 -1667 -253 END
START 2360 -16784 -6364 4997 -823 332 END