START 3040 -12836 3692 211 -2152 1350 END
START 2460 -12932 2972 493 -3079 2479 END
START 1176 -12300 4044 2659 -4545 2793 END
START 700 -11456 4812 2073 -5791 3907 END
START 2640 -11772 428 2563 -7685 4723 END
START 888 -11368 1952 3617 -6985 5873 END
START 612 -12464 1044 5969 -6938 6163 END
START -36 -12036 124 4346 -7129 8101 END
START -200 -13544 -1140 1812 -6855 9155 END
START -316 -15364 -3064 2390 -5365 9577 END
START -1088 -15436 -2936 4804 -3665 9517 END
START -1100 -15772 -3324 3550 -2201 10980 END
START -1436 -16236 -3228 3437 -344 10848 END
START -2084 -16992 -3696 2980 614 10678 END
START -2412 -17380 -4484 3223 1843 11417 END
START -2740 -18520 -4700 1794 4381 10931 END
START -3232 -18920 -4648 -15 6481 10731 END
START -3724 -19276 -4604 -49 7402 10885 END
START -5064 -21808 -3544 4546 8142 11056 END
START -5408 -21432 -3048 3079 10412 9371 END
START -5180 -22484 -2632 -1463 11532 6975 END
START -5428 -22404 -2244 -1807 12698 5397 END
START -6644 -21696 -968 -545 12395 4200 END
START -6644 -20192 820 991 15587 3046 END
START -6988 -21564 2292 2373 15894 2147 END
START -5740 -22104 2160 1858 14322 614 END
START -5692 -22020 3096 172 13638 -1325 END
START -5356 -23180 3304 1991 12770 -3062 END
START -5136 -22540 5100 2964 11527 -4619 END
START -4072 -22636 6292 1268 10136 -6171 END
START -3100 -22080 5608 -101 8035 -7595 END
START -2736 -21440 5392 -260 6895 -9146 END
START -3080 -19760 6008 -947 5603 -10021 END
START -2392 -19488 6088 -1011 3677 -10823 END
START -2284 -19300 5488 -1221 1841 -11218 END
START -2064 -17900 4516 -1689 1342 -11390 END
START -1808 -17104 4832 -1425 366 -11432 END
START -1660 -16620 5100 -1560 -1831 -11425 END
START -1428 -15780 4668 -1691 -2307 -11322 END
START -1556 -15140 5140 -1112 -3243 -10783 END
START -1148 -14380 4996 -362 -4774 -10516 END
START -892 -13608 4952 -1175 -5938 -9677 END
START -528 -13088 5376 -1263 -7290 -8620 END
START -652 -12536 5232 -188 -9206 -7943 END
START -184 -12008 4700 -931 -10725 -6990 END
START 404 -12600 3976 -1592 -12332 -6485 END
START 428 -12284 1944 -865 -12558 -5788 END
START 1204 -11672 392 -1968 -12511 -4843 END
START 1052 -11440 -1500 -1559 -11504 -3933 END
START 1460 -10848 -4028 524 -10728 -3171 END
START -884 -18540 -2680 -813 -7810 -1372 END
START 728 -13712 -4640 1268 -4921 -282 END