START 6036 -16128 4112 2200 -855 2172 END
START 5852 -14872 4792 716 -3199 2033 END
START 4820 -13352 5164 144 -4460 2659 END
START 3540 -14052 5952 42 -6908 3455 END
START 2472 -13424 4916 -91 -8397 3208 END
START 2128 -12724 4276 -1698 -9290 3438 END
START 1656 -12480 2524 -3364 -10303 3783 END
START 1516 -12836 -96 -3460 -10970 4161 END
START 1736 -12656 -2596 -2727 -10225 4232 END
START 1448 -11760 -3676 -1846 -8965 4783 END
START 884 -11544 -4016 -880 -8499 6311 END
START 800 -12360 -6584 393 -8278 7734 END
START 1284 -13552 -7852 2589 -5993 8633 END
START 900 -13592 -7408 3849 -3698 9071 END
START 676 -15260 -6620 4139 -2367 9476 END
START 456 -16332 -6744 4963 -1022 10596 END
START -24 -17364 -5676 4733 224 10968 END
START -804 -19236 -5348 3576 1659 10284 END
START -1452 -20176 -5528 2266 3398 9797 END
START -1712 -20796 -5844 766 4699 9078 END
START -676 -21900 -6064 1739 6005 8209 END
START -372 -22260 -5048 2607 7307 7119 END
START -1000 -22968 -3668 1239 9040 5732 END
START -1884 -22652 -2080 42 9524 4076 END
START -1476 -22932 -1196 58 9930 2448 END
START -944 -22864 84 1540 9623 1260 END
START -736 -22584 904 590 8961 -194 END
START -396 -23020 1596 -1145 8792 -1896 END
START -456 -22940 1976 -1415 8460 -3953 END
START -12 -22332 2352 -1369 7916 -5174 END
START 116 -21696 3104 -977 7166 -6562 END
START 128 -20572 2920 -1960 6447 -7650 END
START 428 -19816 2652 -2522 5637 -8781 END
START 408 -18700 3168 -2464 4350 -9209 END
START 584 -17540 3196 -1651 2841 -9463 END
START 1012 -17176 2392 -428 1916 -9403 END
START 1348 -16300 2436 -143 1701 -9441 END
START 1756 -15464 2724 -433 961 -9318 END
START 1840 -15048 3088 -142 -747 -8898 END
START 2084 -14608 3488 669 -1890 -8186 END
START 2160 -13812 3844 184 -2740 -7988 END
START 2416 -13500 3828 -930 -3760 -7475 END
START 2688 -13088 3320 -164 -5060 -6832 END
START 2916 -12240 3368 309 -6483 -5814 END
START 2780 -11348 3052 -317 -7312 -4567 END
START 2608 -11440 2852 -791 -8380 -3722 END
START 2452 -10984 3140 -568 -9716 -2732 END
START 1944 -10844 2260 -769 -11373 -1604 END
START 2196 -11068 -36 -1432 -12582 -185 END
START 2608 -11568 -2612 -1297 -12364 884 END
START 2512 -12000 -3692 594 -11120 1168 END
START 1976 -12388 -3844 794 -10978 1998 END
START 2340 -12204 -4840 1021 -10485 2632 END
START 1968 -12244 -5628 458 -9027 3424 END
START 2276 -13056 -7440 -897 -7740 4783 END
START 2208 -13840 -8844 -441 -6033 5796 END
START 1924 -15456 -9988 759 -4050 5914 END
START 1548 -15248 -10576 2634 -1765 5903 END
START 2628 -17120 -10612 2352 205 6638 END
START 2780 -18488 -10680 3674 2657 6205 END
START 2200 -19516 -9800 2624 4906 6173 END
START 1108 -20560 -8588 1267 6999 5520 END
START 364 -21372 -7764 1552 8827 4098 END
START 364 -21844 -8540 625 10308 2825 END
START 480 -22156 -10528 290 13121 1036 END
START 1192 -20944 -9944 205 16603 -584 END
START 368 -20396 -8320 1929 19203 -2012 END
START -156 -18768 -5208 5313 19902 -2997 END
START -812 -18388 -620 7337 20748 -4081 END
START -1204 -17720 3708 6795 20701 -5443 END
START -1196 -17408 7588 3445 18800 -6206 END
START 156 -16960 10688 2656 15969 -6535 END