START 2428 -12772 3140 -416 -3309 1015 END
START 2032 -13980 2584 1402 -3080 2673 END
START 980 -13500 2628 278 -1227 2450 END
START 912 -11684 3980 -1935 -1797 3090 END
START 1072 -11896 2172 -1574 -3582 4625 END
START 140 -13668 -524 1149 -4275 6279 END
START 36 -14200 -2568 3079 -1318 6900 END
START -1388 -13660 -3256 2223 1307 6583 END
START -556 -14776 -3672 3557 2258 6287 END
START -368 -14836 -3268 5036 2876 7292 END
START -740 -15544 -3024 5786 4373 7946 END
START -1240 -16632 -1984 5383 6184 8185 END
START -1608 -18504 -1676 3906 7229 7686 END
START -2168 -19480 -1112 3071 7845 7638 END
START -1796 -19908 -324 3410 8156 7369 END
START -2288 -20932 864 2025 8741 6494 END
START -2560 -21708 1888 875 8862 5498 END
START -2960 -22456 2148 1006 8619 4066 END
START -3080 -23128 3000 1458 8262 2688 END
START -2540 -23452 2984 -177 8054 619 END
START -2136 -23084 2396 -1430 8537 -1668 END
START -1888 -22412 2784 -580 8101 -3434 END
START -1652 -21292 3224 1786 6602 -4247 END
START -1220 -20560 3768 256 6103 -5440 END
START -628 -20284 3592 -1197 6030 -6773 END
START -172 -20504 4052 -2686 6670 -7959 END
START -676 -19632 6632 255 4300 -7905 END
START -616 -18920 7776 -25 1587 -7527 END
START -1068 -17932 9408 -2310 931 -8741 END
START -1012 -17248 9648 -4527 91 -9546 END
START -524 -15432 10052 -3209 -2808 -8980 END
START -312 -14380 9060 -3095 -5883 -8013 END
START 228 -13712 6864 -3133 -6659 -8150 END
START 760 -12664 6060 -3704 -7442 -7231 END
START 1072 -12196 5200 -2815 -8985 -5735 END
START 1540 -12612 3076 -2074 -10212 -4338 END
START 1680 -13388 2152 -1304 -9054 -4668 END
START 1560 -11820 1724 -1465 -8969 -4030 END
START 1556 -11788 988 -1462 -9523 -2722 END
START 1396 -11492 864 218 -9581 -1047 END
START 820 -11780 1900 6 -10021 100 END
START 356 -12600 -548 -1565 -9745 942 END
START 544 -14156 -3600 -2728 -8156 1538 END