START 2412 -11356 5016 -103 -5946 3138 END
START 2028 -11684 5964 -675 -8082 4028 END
START 920 -11220 4088 397 -10174 5864 END
START 328 -13260 820 2036 -10520 6475 END
START -524 -14776 -1820 3892 -9385 5857 END
START -916 -15348 -2780 3684 -8516 5202 END
START -984 -15212 -3172 3845 -7251 5110 END
START -700 -14468 -2404 3917 -6105 5568 END
START -992 -14072 -3332 3682 -5445 7213 END
START -1376 -15868 -4996 4215 -4601 9155 END
START -1624 -16432 -5480 4443 -2046 9893 END
START -2088 -16612 -4376 3201 361 10328 END
START -2132 -17028 -2796 2359 285 10359 END
START -2668 -18152 -3780 2402 465 11292 END
START -3420 -19916 -5108 3457 3068 10762 END
START -3836 -21104 -5152 1901 4387 9685 END
START -3304 -21532 -5880 550 6607 8096 END
START -3392 -22756 -5816 -4 10205 6946 END
START -3420 -22940 -3740 1154 12001 5228 END
START -3728 -23808 -1332 3551 11889 3374 END
START -3864 -23192 204 2518 11966 1319 END
START -3496 -22792 1096 -444 12382 -774 END
START -3184 -22360 1280 -448 11865 -2331 END
START -2744 -22040 1384 264 11420 -3835 END
START -2112 -21884 732 111 11406 -5407 END
START -2156 -20820 1376 -834 11233 -6745 END
START -1760 -20096 2008 -1488 10930 -7863 END
START -1772 -19308 3188 -697 9910 -8270 END
START -1488 -18628 4444 778 8341 -8938 END
START -1356 -18348 4616 0 7159 -9586 END
START -724 -17380 4772 -825 6146 -10099 END
START -356 -17116 5652 -1122 4586 -9617 END
START -492 -16832 6040 -529 2617 -9769 END
START -48 -16532 5660 -1095 915 -10000 END
START 640 -15468 5284 -1829 -376 -10180 END
START 1160 -14840 4492 -2403 -1546 -9544 END
START 1148 -14260 3804 -2035 -2735 -8626 END
START 1424 -14184 3748 -824 -4272 -8303 END
START 1232 -13576 3836 1113 -4919 -7645 END
START 1336 -12880 4276 -375 -5901 -6575 END
START 1800 -12028 3820 -1276 -7572 -6004 END
START 2196 -11884 3276 -1532 -9410 -4178 END
START 1872 -11996 1600 335 -9800 -2981 END
START 2028 -11708 744 -268 -9581 -1875 END
START 1720 -11848 120 -1787 -10354 -1547 END
START 1380 -11884 -1880 -2548 -10307 -404 END
START 1416 -12896 -4736 -213 -8091 102 END
START 2384 -14040 -6324 1384 -6363 1133 END
START 2872 -15292 -7796 3458 -4800 1749 END
START 3324 -16404 -8748 3509 -1261 1998 END
START 3336 -17448 -7708 4052 2925 2042 END