START 3596 -14952 2760 1397 -3088 675 END
START 2376 -14920 3984 816 -3437 1110 END
START 1720 -14976 5000 -1362 -5577 769 END
START 1412 -13044 4116 -856 -6857 1422 END
START 900 -13036 4620 -135 -7148 2021 END
START 412 -12092 3844 -429 -9144 2574 END
START 924 -12284 -504 -990 -9865 4203 END
START 1276 -13228 -4532 -1244 -7732 4414 END
START 624 -13052 -5396 602 -5850 5378 END
START 332 -13612 -5636 1938 -4329 5848 END
START -252 -13404 -5188 2363 -2689 6273 END
START -288 -13928 -5488 1338 -1699 7668 END
START -232 -15152 -5996 2902 -665 8512 END
START -500 -15900 -5852 4727 1093 9177 END
START -1220 -16072 -4728 3836 2696 9156 END
START -1176 -17752 -4400 1416 3407 9713 END
START -1404 -17924 -5128 1429 4926 9247 END
START -1972 -18744 -4116 1061 6452 9342 END
START -2860 -19924 -3916 1724 6636 9058 END
START -2868 -20692 -3988 1024 8141 8207 END
START -3136 -21108 -3200 349 9521 6594 END
START -3664 -20616 -2504 984 10009 5353 END
START -3528 -20756 -2524 1525 10450 4578 END
START -3704 -21144 -1636 2085 11053 3577 END
START -3864 -21628 -556 1901 11326 2131 END
START -3416 -21464 820 959 10970 705 END
START -3020 -21696 1908 2223 10369 -693 END
START -3024 -21736 3028 1343 9514 -2224 END
START -2232 -21892 3580 764 8530 -3630 END
START -2020 -21652 4044 321 7766 -4769 END
START -1936 -21088 4544 274 6447 -6335 END
START -1692 -20336 4320 81 4846 -7533 END
START -1708 -19136 3592 -305 4131 -8248 END
START -1676 -18192 3532 -719 3286 -8667 END
START -1304 -17500 3708 602 2498 -9277 END
START -892 -17112 4104 905 1399 -9355 END
START -236 -15588 4452 -362 -12 -8579 END
START -216 -16128 4180 -271 -1536 -8605 END
START -288 -14848 4520 691 -2607 -8049 END
START -496 -15008 4996 -212 -3606 -7528 END
START 216 -13764 5104 -1918 -5352 -7437 END
START -312 -13100 4728 -1436 -7140 -6357 END
START 208 -12408 3540 -1194 -7889 -5409 END
START 992 -12512 1520 -2252 -8234 -4216 END
START 1016 -12696 -424 -1153 -8442 -4109 END
START 1892 -12292 -1736 -495 -8361 -2969 END
START 1452 -13292 -3388 58 -7117 -1967 END
START 1632 -13960 -4200 1873 -4899 -1763 END
START 2140 -14320 -4240 1759 -3660 -1385 END
START 2416 -14132 -3708 748 -2858 -455 END