START 1848 -13596 7104 4594 -3638 1543 END
START 584 -13524 8888 6424 -7280 1595 END
START -708 -13324 9232 3572 -10331 1809 END
START -500 -11520 6748 -1597 -13186 2575 END
START 276 -13544 664 -4590 -15597 4717 END
START 336 -14200 -3876 -2515 -14549 4177 END
START 80 -13268 -4636 -365 -12948 3632 END
START 156 -13660 -6148 562 -12416 4579 END
START -364 -14160 -8252 262 -10930 5464 END
START -160 -15088 -8660 315 -8265 5728 END
START -608 -15128 -8304 2006 -6953 5962 END
START 72 -14704 -8104 2499 -6023 6718 END
START -208 -14908 -8504 1338 -4336 7699 END
START -664 -16120 -9456 1110 -1337 8095 END
START -1324 -16052 -7952 2780 421 8208 END
START -1508 -16160 -6556 3732 486 8849 END
START -1552 -17536 -7648 3866 1784 9154 END
START -1816 -17180 -8004 2431 4798 9001 END
START -1864 -17280 -7396 528 6878 8921 END
START -2096 -18080 -7208 477 8459 9223 END
START -2536 -19376 -6464 1753 10613 9190 END
START -3088 -20448 -5324 2247 12330 8247 END
START -2708 -20976 -4472 2099 13351 7275 END
START -3116 -23140 -4004 2061 13616 6327 END
START -4224 -24968 -3352 4628 13798 4122 END
START -3468 -25300 -1356 5210 14183 1427 END
START -3100 -25668 388 2943 14216 -1172 END
START -3376 -26800 1808 1412 12923 -3429 END
START -3380 -26128 2544 2625 11249 -6265 END
START -2024 -24012 2940 1445 9712 -8411 END
START -1484 -23052 3796 -1277 8366 -9524 END
START -1420 -21888 3248 -1557 6600 -10576 END
START -1260 -19804 3072 -1607 6049 -11891 END
START -496 -18120 4252 -2704 5070 -11428 END
START -372 -17392 3732 -2294 3147 -11875 END
START 260 -16060 3228 -1528 1650 -11587 END
START 288 -15532 3100 -1376 1592 -11463 END
START 224 -13472 4432 -1951 961 -11308 END
START 532 -13564 5272 -1388 -1267 -10274 END
START 1256 -12460 4716 -1869 -3549 -9196 END
START 1660 -12220 3372 -2986 -5264 -8277 END
START 2116 -10920 3336 -2510 -5831 -7396 END
START 1592 -10544 2844 -3155 -7177 -6086 END
START 2032 -10812 2292 -2570 -8739 -5141 END
START 2076 -11264 972 -1097 -10039 -4208 END
START 1772 -10792 -428 -758 -10419 -2937 END
START 1936 -9988 -1552 -1126 -10063 -2033 END
START 1916 -10396 -2152 -2144 -9808 -1387 END
START 1592 -10188 -2332 -1653 -10396 -854 END
START 996 -9256 -3056 -899 -11271 237 END
START 1712 -9860 -4416 -1227 -11168 1874 END
START 1588 -10580 -5756 -630 -10112 3530 END
START 1492 -12836 -6664 1275 -9333 4119 END
START 1408 -13320 -7028 2696 -8532 4380 END
START 1268 -13244 -6036 2944 -7433 4882 END
START 1168 -13288 -6608 120 -6150 6448 END
START 88 -15088 -8504 -1800 -5061 7086 END
START 32 -16028 -9020 1081 -4135 7340 END
START 1488 -17460 -9212 5961 -3667 7073 END
START 2576 -18088 -10060 6669 -3009 7161 END
START 2192 -19896 -11708 3790 -456 7237 END
START 1296 -22260 -11968 2803 2792 5984 END
START 1480 -24336 -12536 3208 5099 4716 END
START 996 -25324 -12880 4040 7369 1993 END
START -264 -25336 -12804 2944 11208 -685 END
START -720 -23748 -12240 1079 15106 -2708 END
START 4 -20648 -10544 -1270 18577 -4532 END
START 604 -18252 -9032 -2417 21199 -4621 END
START 96 -17640 -7220 2691 21325 -4594 END
START -740 -16448 -4404 7753 20105 -4578 END
START -1408 -15284 -1464 6609 20180 -4610 END
START -1596 -15256 572 1590 21301 -4639 END
START -1852 -15936 4400 959 21447 -5218 END
START -984 -15572 8524 3144 18857 -5149 END
START -936 -14412 11236 4481 14737 -5463 END