START 6144 -16712 4628 532 -1630 -2490 END
START 4460 -16012 5412 278 -2385 -3502 END
START 3984 -13980 5800 -369 -5676 -3870 END
START 4640 -12664 5500 -1018 -8158 -2668 END
START 4708 -11472 5372 418 -9201 -2363 END
START 4964 -9372 4640 1136 -10219 -1174 END
START 4604 -9656 1976 -88 -11815 537 END
START 4728 -10120 -572 -163 -11213 1775 END
START 4068 -10312 -1396 1628 -10581 2769 END
START 3988 -10052 -1860 2340 -10201 3875 END
START 3384 -10836 -4092 1337 -10000 5294 END
START 2480 -12100 -5668 2387 -8440 5863 END
START 2412 -12320 -5124 4376 -7058 6681 END
START 1552 -12580 -3548 5970 -6609 7125 END
START 1304 -12544 -3072 4955 -6422 8194 END
START 1024 -13832 -5016 2286 -5786 10142 END
START 692 -15276 -6236 2442 -3448 10492 END
START 108 -15648 -4276 2327 -2527 10692 END
START -1032 -16016 -3144 2660 -2758 10450 END
START -1508 -15864 -3608 2091 -2719 11247 END
START -1812 -16500 -4780 351 -1759 11061 END
START -1316 -17420 -5952 -983 -458 11438 END
START -1644 -18436 -7104 401 726 11288 END
START -2368 -19708 -8204 2218 1652 11267 END
START -2676 -21056 -8580 2913 3563 10570 END
START -2260 -21736 -8048 1681 6695 9208 END
START -2004 -23432 -6004 1744 9440 7157 END
START -2432 -23972 -5172 1277 10253 6036 END
START -2776 -24964 -5004 2180 10698 4446 END
START -2064 -25276 -4732 1640 11824 2279 END
START -1704 -25692 -4124 685 12794 -221 END
START -1572 -25632 -3824 1051 13663 -2451 END
START -2120 -25664 -1528 1655 13590 -4431 END
START -2444 -24888 456 1212 13289 -6882 END
START -1984 -23408 2204 -137 12409 -8836 END
START -1444 -22140 2824 -778 11645 -10245 END
START -1460 -21032 3804 -942 10631 -11507 END
START -1776 -19224 5040 -751 8911 -12266 END
START -828 -17712 5208 -1268 6936 -12587 END
START -284 -16464 5392 -1508 5003 -12284 END
START 756 -15168 5432 -1704 2725 -11302 END
START 776 -15284 4168 -940 1225 -11438 END
START 1264 -13612 3992 -1542 131 -10825 END
START 1612 -13228 4164 -808 -1353 -10419 END
START 1908 -12520 4004 -224 -3073 -9657 END
START 1916 -12548 2764 93 -4215 -8093 END
START 2716 -11932 2868 682 -4937 -7664 END
START 2520 -11432 3412 -200 -6233 -6749 END
START 3272 -10828 3392 -602 -7765 -5609 END
START 3176 -10864 2636 -291 -9454 -4762 END
START 2880 -11020 1376 -575 -10509 -3281 END
START 2984 -11372 12 -707 -11058 -2576 END
START 2712 -11996 -1060 23 -10780 -2574 END
START 2940 -11280 -1336 933 -10772 -1857 END
START 3452 -10260 -1760 619 -11094 -64 END
START 3716 -11064 -3332 174 -12019 1223 END
START 3604 -11796 -5812 430 -11188 2287 END
START 3932 -12024 -6340 2068 -9993 3131 END
START 4044 -12304 -6620 2066 -8802 4269 END
START 4100 -13436 -7808 481 -7722 5463 END
START 3708 -15120 -11076 -1298 -5130 5927 END
START 3376 -16012 -11152 -695 -2286 5576 END
START 3408 -16796 -10088 2003 -908 6102 END
START 3932 -18012 -10720 3623 -186 6113 END
START 3372 -18676 -11888 2452 2104 5954 END
START 2644 -19988 -12544 -87 5754 5223 END
START 2776 -20504 -11592 -292 9028 3808 END
START 2404 -20888 -10708 -210 10271 3143 END
START 2036 -21404 -11060 -81 12220 1142 END
START 1324 -20780 -10396 758 15077 -572 END
START 988 -20276 -8592 20 17193 -1907 END
START 1544 -19660 -6780 -740 18175 -2885 END
START 1640 -18844 -4800 1564 18711 -3401 END
START 1212 -17932 -2672 3724 19294 -4066 END
START 864 -16320 -192 3086 19833 -4467 END
START 316 -16232 3116 1784 18639 -4762 END
START 700 -15308 5316 1846 16879 -5376 END
START 1108 -14580 7032 2171 15208 -6243 END
START 2108 -14520 8408 683 13249 -7111 END