START 5588 -12236 5628 1671 -559 -135 END
START 6284 -10808 5744 430 -2779 787 END
START 4356 -12212 8004 1950 -6521 1805 END
START 2512 -10636 8304 4520 -8095 3905 END
START 2288 -12044 8308 1269 -9126 4943 END
START 1676 -12348 5696 -1802 -9469 5828 END
START 1112 -12948 3000 -2390 -9483 6385 END
START 1072 -13028 896 -1064 -9323 6828 END
START 1000 -13220 -1476 -263 -8813 7157 END
START 1616 -14136 -4108 -730 -8054 7868 END
START 1060 -14624 -4040 950 -5032 8303 END
START 964 -14896 -3128 4042 -3816 8765 END
START 1220 -15752 -1956 5011 -3568 8998 END
START 972 -16392 -2536 3607 -2239 9672 END
START 180 -18220 -3020 1196 384 9513 END
START -540 -18932 -2156 -233 1480 9398 END
START -832 -18572 -1364 -454 1986 8808 END
START 172 -17996 -1416 185 3372 8324 END
START -432 -18864 -2040 -294 4310 8438 END
START -896 -20236 -1972 -1023 5779 7873 END
START -1020 -21740 -2032 -535 6885 6806 END
START -1200 -21604 -1496 999 8096 5483 END
START -804 -21960 0 -13 9385 3575 END
START -180 -22504 788 -530 10710 1968 END
START 52 -22604 3388 -474 10583 316 END
START 92 -22636 3660 -855 9459 -1397 END
START 100 -22148 4040 -1146 8972 -3074 END
START 0 -21472 4184 -2322 8249 -4476 END
START 508 -20616 4068 -2553 7432 -5593 END
START 932 -19608 3248 -2197 6389 -6141 END
START 560 -19052 3476 -3153 5811 -6511 END
START 600 -18720 2468 -2430 5931 -7212 END
START 968 -18056 3780 -1189 5672 -7574 END
START 1332 -17860 5308 -1527 3709 -7359 END
START 1716 -17736 4700 -2031 2565 -7949 END
START 2316 -17616 4260 -3317 2581 -8505 END
START 1756 -16704 4872 -3031 1630 -8770 END
START 2288 -15912 5912 -2004 -310 -7870 END
START 2164 -15228 5304 -2439 -2461 -6844 END
START 2332 -15932 3292 -2836 -2368 -7864 END
START 2748 -14276 2780 -2450 -2229 -8035 END
START 3016 -13408 3648 -795 -3445 -6784 END
START 2812 -13212 4228 1084 -5436 -5556 END
START 2876 -12632 4788 1360 -5513 -4962 END
START 2660 -12600 5716 -397 -6657 -4529 END
START 3252 -11732 5176 -247 -9307 -3011 END
START 2916 -11540 4920 158 -11872 -1192 END
START 1884 -12420 3620 1151 -11699 -557 END
START 1772 -12888 -620 -1626 -11523 -40 END
START 208 -15604 -5036 -3163 -10515 85 END
START 1208 -17224 -8208 3507 -8260 -266 END