START 4960 -15272 4960 2381 -1340 846 END
START 3832 -15024 5456 2989 -3955 762 END
START 4204 -13916 5264 1041 -7341 1103 END
START 4008 -13456 3956 -1704 -8015 300 END
START 3356 -13088 4248 -2994 -8426 -698 END
START 3340 -12388 3572 -2151 -9809 -938 END
START 3496 -12140 1948 -364 -10938 215 END
START 3884 -12012 652 1251 -10624 976 END
START 2884 -11412 -352 321 -10855 2321 END
START 2712 -11844 -1072 768 -11354 3263 END
START 2060 -11892 -1928 1713 -12061 4653 END
START 1480 -12592 -3196 1969 -12371 5898 END
START 1844 -12956 -4588 1837 -11279 6402 END
START 1168 -13344 -5132 1391 -9560 7143 END
START 376 -14116 -5284 2204 -9058 8139 END
START 544 -14860 -5700 2487 -8646 8990 END
START 204 -15828 -6832 2044 -7289 9472 END
START -424 -17408 -8204 1309 -5400 9403 END
START -908 -17884 -8236 1590 -3325 9097 END
START -1524 -18380 -7332 2206 -2311 8786 END
START -1656 -18472 -6832 2038 -1688 8624 END
START -1224 -18596 -8344 1370 -17 8176 END
START -672 -19824 -8588 1009 2071 8037 END
START -1220 -20688 -8016 1867 3717 7255 END
START -1536 -20700 -7068 1349 5305 6243 END
START -2212 -20844 -5860 910 6982 5015 END
START -1612 -21064 -4544 -9 8178 3903 END
START -1232 -21192 -4304 208 8760 2899 END
START -1116 -21308 -4096 -189 9383 1970 END
START -880 -21304 -3572 38 10564 792 END
START -824 -22684 -2708 414 10646 -624 END
START -164 -22684 -2088 888 10812 -2182 END
START -252 -22404 -1492 -402 10978 -4026 END
START -316 -22500 -444 -657 10651 -5518 END
START -348 -22344 1492 271 9868 -6990 END
START -744 -21636 3276 -238 8237 -8274 END
START -52 -20256 3772 -1185 7022 -9461 END
START 80 -19040 4072 -3466 5763 -10324 END
START 228 -17308 4344 -2964 3856 -10829 END
START 880 -16128 4184 -2535 1749 -10449 END
START 1452 -15160 2976 -2546 -138 -10105 END
START 2132 -14784 1900 -1576 -692 -9755 END
START 2216 -13556 2216 -1094 -1341 -9546 END
START 1876 -13176 2396 -1045 -2975 -8865 END
START 2104 -12068 2556 22 -4408 -7991 END
START 1996 -11676 2240 -219 -5854 -6809 END
START 2568 -11364 1200 -445 -7387 -5838 END
START 2724 -10880 780 85 -8273 -4823 END
START 2712 -10912 -556 -233 -8984 -3685 END
START 2148 -10908 -1120 -36 -9029 -2828 END
START 1988 -10700 -1416 230 -9106 -2059 END
START 2360 -10600 -1160 1231 -9594 -955 END
START 2516 -10784 -2144 800 -10676 635 END
START 2812 -11260 -4248 -24 -10890 1902 END
START 2864 -11928 -6576 -926 -9995 3067 END
START 3052 -12928 -8940 -588 -8555 3989 END
START 3472 -13676 -10436 1453 -6437 4398 END
START 3568 -13740 -10864 1326 -4713 5361 END
START 3184 -14736 -11340 1523 -2108 6337 END
START 2748 -15804 -11480 1474 534 6463 END
START 1916 -17168 -11948 2283 2485 6578 END
START 1496 -20100 -12696 4914 4021 6632 END
START 1396 -21040 -12300 7690 6779 5100 END
START 1436 -21284 -11088 5424 10452 3555 END
START 1300 -21084 -9068 3174 13995 1746 END
START 1320 -20512 -7312 1873 15560 944 END
START 1028 -18800 -6364 626 16538 362 END
START 816 -19100 -6064 -866 18258 245 END
START 252 -18996 -4152 -248 20063 -1060 END
START -1072 -19200 -1404 1424 19933 -2502 END
START -896 -19760 2172 6724 19439 -5058 END
START 136 -18904 5116 10006 20016 -7209 END