START 2404 -12068 4744 1275 -8215 1573 END
START 1424 -11704 4092 -560 -9243 3483 END
START 1332 -12392 1324 -296 -10456 6280 END
START 240 -12304 176 1066 -10690 7096 END
START -764 -12680 -900 1852 -10241 7690 END
START -1424 -12660 -1188 1977 -8757 8149 END
START -2092 -12484 -1760 824 -8751 9783 END
START -2568 -14116 -4744 1664 -7958 11385 END
START -3136 -14192 -5736 3498 -5286 11946 END
START -2824 -15676 -6360 4144 -3298 12381 END
START -3004 -17112 -7368 4223 -1034 12452 END
START -3380 -18080 -7980 3108 2195 12437 END
START -3616 -18556 -6608 3685 4873 11503 END
START -3756 -19524 -6492 2509 6525 11517 END
START -4444 -21860 -6072 3879 7865 10763 END
START -5156 -23392 -5164 5151 9503 9373 END
START -5348 -23692 -3508 4641 11461 7103 END
START -4960 -24484 -2392 2365 12460 4744 END
START -5600 -24464 -1088 260 12930 2296 END
START -5336 -23644 -828 1531 13238 -97 END
START -4820 -22484 -284 2107 13167 -1887 END
START -4164 -21588 -68 1981 13248 -3612 END
START -4248 -20980 996 1424 13517 -4917 END
START -3868 -20576 2048 1358 13019 -6355 END
START -3424 -20056 2716 1792 11786 -7548 END
START -2888 -19512 3520 2059 11022 -8357 END
START -2628 -19048 4628 1233 10213 -9155 END
START -1996 -19360 5084 -294 8271 -10248 END
START -1728 -19100 4696 119 7026 -11150 END
START -1120 -18184 5116 -256 5618 -11423 END
START -808 -17576 4672 -718 4351 -11541 END
START -648 -17212 4892 -598 3008 -12031 END
START 84 -16744 5704 481 1757 -12127 END
START 348 -15656 5836 603 -341 -11394 END
START 544 -15408 5980 -194 -2543 -10900 END
START 536 -15108 4900 -418 -3972 -10785 END
START 1496 -13624 4968 -179 -4629 -10595 END
START 1340 -12772 5840 -325 -6321 -9634 END
START 1764 -12140 5848 -391 -8885 -8039 END
START 1956 -11676 4864 -436 -10566 -6484 END
START 1908 -11384 3264 -1958 -11455 -5102 END
START 1924 -11584 1892 -1423 -12335 -4069 END
START 2348 -11744 316 -201 -13163 -3017 END
START 2340 -12400 -1020 809 -13571 -1703 END
START 2132 -12352 -2972 1672 -13441 -716 END
START 2664 -11880 -4236 1035 -11790 43 END
START 2596 -13552 -6736 484 -9456 870 END
START 2688 -14644 -7732 1739 -6250 1165 END
START 2968 -15732 -8908 3300 -3054 1209 END