START 2848 -14388 3732 -746 -4032 -244 END
START 2920 -14364 3716 -1978 -3909 -369 END
START 2748 -13632 4216 -3167 -5371 1274 END
START 1512 -13440 5064 -3504 -7122 2319 END
START 1440 -12420 5088 -1879 -8070 2542 END
START 496 -12716 2408 -191 -8905 4023 END
START 332 -12260 -196 996 -8237 4768 END
START 44 -12640 -1508 3088 -6275 5366 END
START 232 -12724 -3984 3337 -4850 5794 END
START 212 -13236 -6560 2119 -2314 6737 END
START -228 -14648 -7508 2368 950 7087 END
START -984 -15772 -6724 5339 2190 6961 END
START -756 -16148 -6504 7249 2543 7722 END
START -1624 -16876 -6636 5123 5015 8067 END
START -1704 -17996 -5860 3082 8159 7996 END
START -2792 -19168 -4464 3696 9219 8495 END
START -2848 -20476 -2592 5181 8278 9259 END
START -3484 -21448 -1648 2310 9366 8219 END
START -3736 -22096 -1272 -969 10870 6413 END
START -3964 -22372 -1812 -877 11343 5001 END
START -3516 -21796 -1580 1789 11273 4165 END
START -2632 -21344 -340 1935 11970 2674 END
START -2892 -21800 360 773 12781 1002 END
START -3224 -21140 1796 936 12597 -99 END
START -2476 -22200 3164 1571 11790 -1449 END
START -1820 -21888 4212 415 10725 -2943 END
START -1616 -22552 4564 -1023 9911 -4220 END
START -2096 -22484 5284 -386 8562 -5485 END
START -2264 -21560 6356 -465 6658 -6896 END
START -1236 -20400 6272 -1157 5183 -8220 END
START -744 -19152 5524 -2011 4256 -9075 END
START -860 -18436 6368 -265 3263 -9456 END
START -1040 -17280 6844 528 1387 -10260 END
START -740 -16096 6992 -1201 -295 -10044 END
START 172 -15396 6784 -2873 -1875 -9986 END
START -128 -15572 6064 -2536 -2851 -9945 END
START 344 -14268 5748 -557 -4522 -9171 END
START 708 -13116 5532 -81 -5501 -8234 END
START 1068 -13020 5108 -162 -6656 -7844 END
START 2136 -12388 4416 -922 -8013 -6557 END
START 1088 -12712 3116 646 -8920 -5681 END
START 1708 -12320 1996 273 -9688 -4641 END
START 1968 -12428 640 786 -8820 -3842 END
START 2284 -11704 156 465 -8244 -3028 END
START 2328 -11312 480 966 -8811 -1677 END
START 2000 -11692 456 1941 -9184 -191 END
START 1832 -12124 -704 -8 -8505 276 END
START 1032 -12880 -2796 -1011 -8375 1251 END
START 1440 -14872 -5848 -1553 -7684 1897 END