START 5068 -14800 3404 1493 -1418 -787 END
START 4816 -14080 4832 1269 -5216 359 END
START 3456 -13532 4988 1860 -6344 584 END
START 2828 -12564 5204 -2109 -7502 1419 END
START 2080 -12520 5100 -5219 -8158 1755 END
START 1552 -11380 4992 -5713 -10014 1649 END
START 1180 -10932 2976 -4275 -12779 1382 END
START 1460 -10468 -320 -3066 -14887 2072 END
START 920 -10832 -3652 -2708 -14888 3759 END
START 1132 -11392 -5324 -1646 -13216 4544 END
START 384 -11304 -5748 -853 -12735 5617 END
START 4 -12456 -7852 -109 -12662 7084 END
START 224 -13400 -9588 2115 -10254 7262 END
START -432 -13788 -8776 2579 -8047 8222 END
START -1612 -14932 -7052 2042 -7255 8792 END
START -2248 -16768 -8036 1462 -7263 8985 END
START -2604 -17220 -10424 1414 -5166 8959 END
START -2804 -17288 -11076 1111 -2657 8430 END
START -2832 -17020 -10388 2053 -985 8233 END
START -2564 -16396 -10176 3094 -139 8999 END
START -2568 -16744 -11136 3229 1589 8885 END
START -3024 -17148 -12100 2212 4157 9075 END
START -2532 -18196 -11432 2475 6783 8828 END
START -2836 -20236 -9516 4389 7859 8729 END
START -3344 -22176 -8460 4657 9334 7084 END
START -4152 -23160 -8160 1800 11718 5699 END
START -4360 -24324 -6352 1515 13138 3293 END
START -3784 -24208 -3580 3583 12659 1332 END
START -3332 -23796 -2568 3812 11957 -778 END
START -2988 -23688 -2240 1391 12199 -2539 END
START -2832 -23308 -668 1369 12083 -4858 END
START -2400 -22128 688 1534 10735 -6615 END
START -1648 -21412 1272 843 9184 -7865 END
START -932 -20520 1124 -309 7755 -8596 END
START -832 -19724 764 -569 7291 -9635 END
START -680 -18852 724 -1138 6320 -10648 END
START -220 -17804 1020 -516 4891 -10956 END
START 120 -16836 880 -54 3419 -11078 END
START 476 -16040 976 -782 2504 -10539 END
START 900 -15476 788 3 2083 -10873 END
START 652 -14608 1204 -156 721 -10587 END
START 1200 -13848 1068 -440 -351 -10189 END
START 1632 -13216 1904 -326 -1424 -9492 END
START 1660 -12256 2748 -58 -3111 -8606 END
START 2092 -11324 2716 -485 -5213 -7388 END
START 2724 -11016 1468 -582 -7189 -5688 END
START 2960 -11216 -28 -713 -7520 -5029 END
START 2936 -11064 -188 358 -7736 -4226 END
START 2580 -10616 -236 176 -9264 -3204 END
START 2124 -11328 -900 -1086 -9612 -1971 END
START 1884 -11472 -1476 -1597 -9648 -1535 END
START 1912 -11256 -2032 -1240 -10237 -1095 END
START 1892 -11388 -3264 -794 -10697 -169 END
START 2076 -11616 -4808 -491 -10727 1087 END
START 2436 -12048 -5488 93 -9790 1655 END
START 2340 -11672 -4708 244 -9068 2276 END
START 1976 -12132 -4912 -772 -10273 3733 END
START 1704 -14052 -8276 -935 -10918 5159 END
START 1944 -13720 -10424 177 -8129 4736 END
START 1848 -13180 -9844 -358 -5166 5544 END
START 1560 -14468 -10808 26 -5117 6650 END
START 1680 -16104 -13144 2309 -3960 7247 END
START 1344 -16536 -13888 4225 -1150 7010 END
START 1328 -17320 -13592 3803 1558 7205 END
START 348 -19608 -13440 3015 3386 7039 END
START -396 -20124 -13168 3537 5774 5633 END
START -912 -19456 -13056 1781 8005 4760 END
START -720 -20516 -13424 1108 11415 3981 END
START -1556 -21504 -12028 3135 14795 1784 END
START -2252 -21616 -10876 5091 16134 53 END
START -2092 -21420 -8504 6350 18130 -1972 END
START -1972 -21104 -5952 5869 19523 -3857 END
START -1980 -20644 -3692 4794 20363 -5643 END
START -1444 -19020 -584 3529 20661 -7317 END
START -892 -18196 2268 3248 19659 -8172 END
START 4 -16788 2668 1571 17573 -8426 END
START 704 -15284 3036 611 17251 -8410 END