START 4736 -15260 892 2748 -303 629 END
START 4104 -14688 3292 2085 -2208 -977 END
START 3576 -14536 5080 2496 -4537 -2218 END
START 2384 -13136 6376 1938 -7926 -1860 END
START 2208 -11196 7228 -2167 -11681 633 END
START 1364 -11500 8072 -5403 -14861 2575 END
START 396 -9400 5336 -6400 -14908 4770 END
START -228 -10968 1308 -7341 -15725 5888 END
START -1208 -11424 -4712 -5952 -14992 6562 END
START -1824 -12288 -8248 -1989 -12014 6483 END
START -2004 -11012 -8364 1050 -9771 7288 END
START -1188 -12516 -10240 1211 -8609 8125 END
START -528 -14240 -11052 4125 -6426 8093 END
START -836 -15332 -11152 5308 -4606 8962 END
START -1440 -16220 -11344 5399 -2473 9369 END
START -1816 -17864 -11976 4335 -582 9951 END
START -2472 -19516 -11892 4635 2255 9345 END
START -2576 -20576 -11860 5045 4594 9170 END
START -2388 -21620 -10528 4429 7688 8320 END
START -2324 -22744 -8480 2689 9521 7287 END
START -2548 -23392 -6696 2632 10470 5442 END
START -2972 -22828 -5380 2881 11119 4274 END
START -3040 -22840 -3688 1901 10968 2949 END
START -2520 -22776 -2940 1487 10677 1271 END
START -1740 -22380 -2972 607 10813 -180 END
START -720 -21856 -4036 -309 11589 -1302 END
START -820 -21264 -3176 1069 12517 -2760 END
START -516 -22056 -1008 1746 11733 -4538 END
START -804 -21332 -4 474 11380 -5645 END
START -736 -21552 548 -958 11545 -6515 END
START -940 -20564 1704 -561 10570 -7872 END
START -972 -19360 2476 -343 8480 -8872 END
START -324 -18332 2932 -360 6645 -9359 END
START 364 -17340 2472 -1218 5385 -9521 END
START 704 -16568 3588 -905 3958 -10257 END
START 840 -15848 4480 114 1414 -10378 END
START 1116 -15316 4828 935 -912 -10399 END
START 1156 -14516 5076 -1026 -2983 -10173 END
START 1844 -13824 3560 -4237 -4076 -8851 END
START 1836 -12840 2540 -5466 -4909 -8802 END
START 2348 -12264 1812 -4462 -6907 -7803 END
START 2780 -11700 788 -1449 -8436 -7028 END
START 3108 -10744 -20 -809 -9526 -5828 END
START 2980 -10492 -880 -1840 -9756 -4981 END
START 2976 -10376 -1888 -2257 -9668 -4022 END
START 2188 -10416 -2572 -1298 -10460 -2784 END
START 2372 -10784 -2536 414 -11594 -1587 END
START 2476 -10216 -2036 1093 -11633 -468 END
START 1596 -10252 -1944 -376 -12054 550 END
START 1568 -11260 -3832 -1499 -12766 1240 END
START 1668 -10920 -6520 -1724 -12859 3074 END
START 2188 -12164 -8068 -526 -11333 3720 END
START 2468 -12792 -8932 1319 -9706 4066 END
START 2540 -12924 -11140 893 -8533 5019 END
START 1820 -14416 -13852 1088 -6389 5906 END
START 1616 -14560 -14832 1933 -3034 6394 END
START 1660 -15736 -13384 3895 -236 6508 END
START 1468 -17108 -13348 3371 817 6288 END
START 1160 -19336 -14132 4538 3563 6059 END
START 256 -20132 -14244 4007 6405 5290 END
START -16 -21040 -12884 1805 9036 4294 END
START 668 -20732 -11652 641 11500 3144 END
START -20 -21240 -10800 1467 13468 1872 END
START -512 -20724 -10676 1810 14829 495 END
START -220 -20000 -10584 1492 17404 -765 END
START 64 -19424 -8896 1395 20322 -2187 END
START 1024 -17680 -7288 1933 22827 -3369 END
START 468 -17528 -4368 4321 24806 -4113 END
START -360 -14492 -1748 4107 25609 -2920 END
START -496 -15348 1136 1797 25113 -4302 END
START -216 -15176 4396 889 23653 -5172 END