START 3692 -15296 2760 1037 -830 -580 END
START 2924 -14152 6472 1013 -3812 38 END
START 2556 -14524 7000 382 -7143 760 END
START 2744 -13716 7192 -1128 -7209 1771 END
START 1888 -12596 5980 -483 -7071 3132 END
START 720 -11912 4448 1978 -8337 4152 END
START 1020 -10816 2448 2506 -9213 6167 END
START 176 -11968 108 1115 -8523 6428 END
START -348 -12124 -1360 1125 -7822 6527 END
START -980 -12788 -2200 999 -7419 6897 END
START -688 -12472 -4544 2309 -6774 8569 END
START -532 -13068 -4492 2899 -4166 9692 END
START -848 -14312 -3784 2957 -2933 10297 END
START -1300 -14404 -3024 3708 -2084 10215 END
START -1684 -14320 -2776 3666 -576 10440 END
START -2080 -16128 -3620 2046 968 11365 END
START -3192 -17316 -2908 2915 2420 11324 END
START -3440 -17944 -2772 2611 3723 9886 END
START -3476 -16360 -4772 271 5890 9782 END
START -3692 -18132 -5768 -2298 7838 10151 END
START -5032 -19724 -5300 465 8877 11696 END
START -5016 -22252 -5040 6196 10665 12040 END
START -5296 -23636 -3868 3903 13655 10034 END
START -5936 -24912 -2408 -2197 15247 7051 END
START -6236 -25840 -1056 -862 15026 4928 END
START -6932 -26092 -808 2410 14790 4071 END
START -6444 -25700 492 4146 14977 1598 END
START -7016 -25260 2504 2702 14761 -2134 END
START -7076 -24348 3224 1474 13864 -4635 END
START -6504 -23760 4516 4197 11995 -5885 END
START -5912 -21816 5704 5160 10702 -8020 END
START -5576 -19720 6432 1766 9713 -9402 END
START -4688 -19900 6972 1343 8101 -10920 END
START -4088 -18744 6564 2439 5942 -11450 END
START -3260 -16788 6636 1598 3643 -11368 END
START -2532 -16836 6616 688 2023 -11375 END
START -1368 -16828 5364 -2352 1920 -11479 END
START -1448 -17052 5576 -854 1518 -12219 END
START -1272 -15716 6508 533 -1317 -11317 END
START -396 -15516 6452 -414 -1988 -10231 END
START -1132 -16084 6204 -1400 -2008 -10730 END
START -924 -15708 5952 -238 -3758 -10368 END
START 204 -13640 6356 1250 -6692 -9352 END
START 464 -12580 5608 399 -7864 -8572 END
START 576 -12384 5424 -422 -8084 -8260 END
START 828 -12064 5084 293 -9053 -7082 END
START 1780 -11236 4816 957 -11260 -5321 END
START 1992 -10640 4832 3300 -13065 -4059 END
START 1752 -8876 3920 2774 -12966 -2030 END
START 1420 -8696 3176 -12 -12566 -1374 END
START 1516 -10324 2300 -1320 -13353 318 END
START 1636 -11400 -1040 967 -14483 1952 END