START 6344 -14992 2808 -315 -3279 160 END
START 5836 -14672 3444 -647 -2987 778 END
START 4188 -15148 4492 -2171 -2854 299 END
START 2808 -15272 7328 -850 -5736 -201 END
START 2356 -13248 7476 -812 -8408 41 END
START 1600 -12008 6548 -1960 -9773 862 END
START 1096 -9680 5084 -2854 -11138 2234 END
START 300 -8528 2220 -3077 -12507 4445 END
START -132 -8328 -672 -1755 -13021 5937 END
START -340 -8404 -4220 -958 -12453 7396 END
START -220 -9028 -7252 -973 -11096 8867 END
START -404 -10200 -8468 440 -8714 10536 END
START -236 -12360 -8660 3532 -6466 11756 END
START -204 -14892 -9764 5036 -4526 12672 END
START -164 -17756 -10848 5921 -2070 13140 END
START -1200 -20112 -10884 7163 1690 12611 END
START -1968 -21164 -9624 4634 4682 11245 END
START -1776 -21604 -8728 1902 6886 9775 END
START -2092 -20868 -7384 2831 7956 9770 END
START -3044 -21668 -6572 4372 9105 9517 END
START -3848 -22120 -5248 4725 10248 8184 END
START -3280 -22372 -4656 1279 11817 6635 END
START -2904 -23048 -4260 113 12681 5219 END
START -3024 -23320 -4092 1168 13131 3814 END
START -3152 -24668 -3104 3266 13604 1745 END
START -2644 -24928 -1436 3173 13873 -736 END
START -2056 -24616 1088 148 13553 -2724 END
START -2252 -24660 2236 -1035 12059 -4337 END
START -2776 -24456 2708 165 11412 -6588 END
START -3660 -23812 3200 -168 11138 -8917 END
START -2980 -22288 4488 -267 10579 -10549 END
START -2392 -20616 6424 680 8790 -11461 END
START -2180 -18276 7396 2065 6039 -11958 END
START -2112 -17152 7376 2481 3136 -12322 END
START -1480 -15896 7132 1507 1569 -12294 END
START -568 -14568 6456 -438 -90 -12238 END
START -56 -13648 5872 -360 -2378 -11330 END
START 908 -12820 4676 659 -4048 -10469 END
START 1308 -12228 4284 603 -5407 -9573 END
START 1516 -11088 3988 -571 -6680 -8098 END
START 1176 -11928 2224 -1242 -8259 -6869 END
START 1752 -11952 616 -125 -8847 -6086 END
START 2060 -11460 488 831 -8660 -5564 END
START 2136 -11292 872 1242 -9434 -4425 END
START 2216 -11312 332 369 -10353 -2588 END
START 2268 -12008 -828 -376 -9302 -2139 END
START 1948 -12104 -1248 -762 -9408 -1789 END
START 1840 -11896 -904 175 -10687 -951 END
START 1960 -11108 -552 557 -10889 474 END
START 1480 -9988 720 -878 -9607 1391 END
START 672 -10368 1596 -3269 -11138 3190 END
START 1320 -11220 -1864 -3198 -14369 5580 END
START 1800 -13716 -7624 -290 -12866 6166 END
START 2808 -14880 -9192 915 -9535 5980 END
START 3504 -16244 -8684 1158 -8009 6143 END
START 4088 -18172 -12764 798 -6192 6319 END
START 3964 -19288 -14648 808 -1809 5794 END
START 3540 -20540 -14412 1924 1447 4868 END
START 2912 -20644 -13904 2477 3929 4852 END
START 1360 -22384 -13260 2983 7120 3715 END
START 792 -22076 -12248 1926 9838 2098 END
START 1984 -21576 -12216 -1214 12757 1319 END
START 3204 -20140 -13712 -4367 17338 980 END
START 1316 -20072 -11624 -2517 21695 155 END
START -1016 -20812 -6600 8388 20849 -1406 END
START -1788 -20076 -1236 12134 19223 -3375 END
START -1968 -19224 1424 3851 21008 -4415 END
START -2964 -18996 3132 -82 23259 -6971 END
START -2320 -16880 7416 2031 20202 -7695 END
START -1316 -15000 10492 5301 14966 -7565 END
START 80 -13636 12204 5000 10692 -7701 END
START 1360 -11872 11660 1201 7457 -7279 END
START 2392 -11696 11016 -1298 4350 -7260 END