START 2780 -15820 676 2408 -2042 399 END
START 3304 -16264 1900 -53 -2683 394 END
START 2592 -16652 2796 -1171 -4183 514 END
START 1892 -16780 2800 1463 -5408 -120 END
START 2160 -14040 3324 713 -5304 490 END
START 1372 -13752 5296 -1605 -6322 312 END
START 688 -12152 5652 -2334 -8546 1404 END
START 300 -11344 4320 -1279 -10007 2797 END
START -16 -11564 1156 -2856 -10868 4518 END
START -116 -11792 -1996 -2805 -9606 5567 END
START -292 -12780 -5808 -1166 -8215 6688 END
START 220 -13664 -8588 958 -5886 6530 END
START 400 -13696 -8528 2523 -2905 6843 END
START -100 -13980 -7376 3888 -517 7737 END
START -248 -14976 -6524 4113 1220 8751 END
START -1080 -16808 -6304 3570 2781 9283 END
START -2120 -18196 -5696 2255 4361 9288 END
START -2116 -19328 -5684 2623 6006 9050 END
START -1700 -19812 -5324 2616 7319 8937 END
START -1492 -20688 -4724 162 8628 8239 END
START -1728 -20808 -4600 -1000 9900 7205 END
START -2968 -22116 -3340 2297 10764 5884 END
START -3444 -22444 -1932 4045 10123 4655 END
START -3568 -23008 -940 2162 10296 2625 END
START -2756 -22628 -708 -546 11257 852 END
START -2780 -22736 968 1423 11278 -824 END
START -2260 -22648 3576 2579 9500 -2337 END
START -1964 -22488 5136 524 8113 -4087 END
START -1212 -21964 5732 -1202 6513 -5382 END
START -1160 -21160 5768 -1916 4917 -6684 END
START -1020 -20572 5420 -1285 3188 -7749 END
START -524 -19556 4372 -1505 2196 -8715 END
START 8 -18864 3388 -2155 1763 -9562 END
START 448 -17460 2868 -2419 1579 -10049 END
START -212 -17116 3008 -951 400 -10659 END
START 160 -15856 2816 -179 -858 -10393 END
START 492 -15720 2444 -636 -1215 -10272 END
START 476 -14984 2916 -529 -2358 -10084 END
START 752 -13916 3108 458 -3919 -9015 END
START 1444 -13392 3080 271 -4701 -8468 END
START 1588 -12620 3144 -1555 -5489 -7581 END
START 1784 -11988 3200 -2050 -7033 -5917 END
START 1372 -11604 2744 -554 -9213 -4392 END
START 1740 -12372 -1100 -1078 -8745 -3072 END
START 1788 -12868 -2336 -838 -7149 -3554 END
START 2472 -13092 -3944 -1510 -5654 -2560 END