START 6912 -16896 4688 -1237 -633 52 END
START 6268 -17696 6120 2088 -503 -610 END
START 5448 -15680 7620 462 -3166 -685 END
START 4872 -13792 7160 -1652 -5960 -672 END
START 4464 -13096 6860 -2710 -7249 -613 END
START 3976 -12440 5064 -1484 -8485 641 END
START 3028 -12272 4992 -206 -9153 1452 END
START 2512 -12084 4448 107 -10196 1731 END
START 2192 -12200 1448 -574 -10896 2907 END
START 1844 -13340 -1632 -478 -10311 3784 END
START 1428 -13152 -2584 853 -8758 4169 END
START 1092 -12968 -2404 2086 -7557 5015 END
START 624 -12728 -2440 1759 -6754 5715 END
START 72 -12608 -2708 1163 -5673 6744 END
START -44 -12696 -2260 980 -4715 7462 END
START -108 -13372 -2868 840 -4308 9110 END
START 560 -15008 -4628 1255 -2641 10114 END
START 240 -16620 -5304 1935 -765 10702 END
START 80 -17664 -5548 1906 904 11035 END
START -96 -19748 -6628 2409 2733 10376 END
START 648 -20580 -6220 2836 5803 9843 END
START -108 -22068 -5424 1097 8094 8462 END
START 4 -22516 -4672 -318 9968 6896 END
START -108 -22384 -4436 -1986 11235 5372 END
START -328 -22108 -3600 -1055 12595 4331 END
START 92 -22620 -1712 528 12869 3309 END
START 516 -23032 -568 -1305 13898 1872 END
START 64 -23708 1756 -3816 14009 27 END
START 76 -24320 4064 -2435 12700 -1386 END
START 504 -24440 5740 -1564 11652 -3127 END
START 412 -23960 7496 -2537 9753 -5137 END
START 444 -23740 8216 -3385 7666 -6775 END
START 476 -22944 7888 -3419 5683 -8871 END
START -72 -21892 7992 -3578 3485 -10586 END
START 176 -19848 7688 -3683 1218 -11532 END
START 800 -17992 6896 -4671 -261 -12254 END
START 232 -16056 5920 -3597 -1175 -12544 END
START 300 -14628 6108 -2692 -3650 -12061 END
START 252 -13664 5844 -1622 -5660 -11025 END
START -348 -11944 7028 44 -6011 -10976 END
START 180 -10756 5948 -243 -8397 -9508 END
START 372 -9720 6376 -1423 -11467 -7520 END
START 532 -9792 3708 -979 -12880 -6030 END
START 1140 -8928 1960 -224 -13271 -4393 END
START 664 -9380 1172 538 -14067 -3184 END
START 968 -9840 284 1745 -14624 -1376 END
START 1380 -10396 -1756 1532 -15011 567 END
START 1704 -11176 -5276 1341 -14778 1466 END
START 2620 -11384 -7580 2404 -12884 2633 END
START 2636 -12880 -8824 3850 -9820 3731 END
START 2876 -15168 -10588 3797 -6622 3486 END
START 3000 -15960 -11656 2327 -4420 4244 END
START 3440 -16648 -12284 1645 -2469 5154 END
START 2780 -17732 -13056 1435 1074 5227 END
START 2436 -18664 -12008 1212 4548 4588 END
START 1632 -19060 -10616 1824 6598 4310 END
START 1980 -19412 -9120 2917 8066 4170 END
START 1944 -19544 -8024 2004 10545 2847 END
START 2056 -20296 -7692 -840 12893 1765 END
START 1420 -21708 -7832 -601 14998 527 END
START 692 -21688 -6012 2312 16564 -938 END
START -824 -20548 296 2612 17760 -2312 END
START 1456 -19972 -1336 -804 19072 -3756 END
START 244 -19960 444 -3791 20311 -5132 END
START -316 -18916 3428 -1123 18544 -5768 END
START 1076 -16964 5932 1257 15997 -6214 END
START 1308 -15252 7912 756 14098 -6449 END
START 2076 -13680 10612 -615 11587 -6257 END
START 2992 -12144 11752 -304 8031 -5253 END
START 4592 -10672 10932 -935 3437 -3796 END
START 4616 -11064 9980 -1528 2244 -2788 END
START 4820 -12108 9348 -825 1866 -2798 END