START 5072 -13720 2944 1320 488 682 END
START 5376 -12360 4420 2566 -1595 1229 END
START 4836 -11844 5456 3607 -4093 2614 END
START 2104 -11804 5916 4098 -6690 3774 END
START 872 -12460 5636 477 -7928 3931 END
START -744 -11784 5600 -3778 -7371 3904 END
START -1848 -11200 4396 -5267 -8560 4376 END
START -916 -10836 400 -4272 -10268 5390 END
START -304 -11108 -3500 -3402 -10373 6692 END
START 288 -11732 -4864 -1519 -8850 8129 END
START 56 -12392 -5904 -411 -8549 9555 END
START -204 -14140 -7932 1256 -7449 10193 END
START -404 -15028 -10016 2548 -4375 10697 END
START -620 -15452 -9244 2911 -1078 10685 END
START -952 -16836 -8304 5027 379 11214 END
START -1036 -18084 -7716 7146 1129 11462 END
START -1768 -19208 -8072 7242 2966 11972 END
START -2464 -21060 -7652 6492 6307 11266 END
START -2128 -23248 -5792 4993 8836 10142 END
START -1708 -24708 -3324 5636 10532 8305 END
START -1972 -25988 -1988 3234 11777 6308 END
START -2904 -27492 -424 2273 12407 3357 END
START -2176 -26972 332 383 12388 565 END
START -1176 -26464 1080 196 12623 -1934 END
START -1488 -26160 2832 1305 11808 -4088 END
START -2064 -25412 3596 1173 10688 -6451 END
START -1812 -23796 4916 489 9487 -8590 END
START -1468 -22408 5660 -613 7701 -9925 END
START -992 -21236 4956 -313 6104 -10904 END
START -876 -20652 5220 1018 5026 -11477 END
START -1032 -19432 6456 1386 4684 -12836 END
START -1228 -17132 8480 -1404 3390 -13483 END
START -816 -15388 9704 -2849 813 -13596 END
START -212 -13364 8792 -2969 -2250 -12827 END
START 364 -12428 6892 -3407 -4627 -11684 END
START 696 -11452 5380 -2910 -5076 -10654 END
START 956 -10308 5652 -2707 -6130 -9779 END
START 1596 -9900 4768 -2599 -8482 -8193 END
START 1608 -9348 3228 -2547 -10171 -6155 END
START 2212 -9428 1420 -3335 -10961 -4452 END
START 2376 -10412 -32 -1397 -10419 -3730 END
START 1964 -9900 -256 -373 -10381 -2814 END
START 1984 -9724 -824 -857 -10343 -1616 END
START 2180 -9068 28 -583 -9472 -510 END
START 2068 -9144 -60 -210 -10373 1028 END
START 2492 -9860 -1548 651 -11608 2747 END
START 2652 -11452 -4184 571 -11530 4731 END
START 2520 -12764 -5696 2165 -9261 4946 END
START 2640 -14028 -6844 2913 -7473 5592 END
START 3044 -15768 -8504 3234 -5450 5979 END
START 3468 -16704 -8692 2538 -2795 5757 END
START 3056 -17464 -9744 2079 -708 6077 END
START 2332 -18920 -10912 3073 1459 5733 END
START 1876 -19640 -11600 4023 3411 5533 END
START 1820 -21484 -12656 4545 5564 5069 END
START 2056 -22320 -12892 4403 9050 4322 END
START 1348 -23636 -12040 3471 14665 1610 END
START 12 -22608 -7500 3323 19222 -1826 END
START -624 -21468 -764 3282 19751 -3535 END
START 144 -20592 3828 2829 18368 -4413 END
START -160 -19916 6748 107 15655 -5589 END