START 4980 -14712 4500 461 -4678 619 END
START 4128 -14792 4580 -901 -4466 -11 END
START 3496 -13640 5396 -2830 -4004 -734 END
START 2080 -12760 7488 -4708 -6959 -546 END
START 2032 -12064 5996 -3870 -11878 -80 END
START 2316 -12320 1324 -1730 -14493 518 END
START 2356 -11864 -2960 -783 -13995 814 END
START 3132 -11592 -4380 367 -12323 1171 END
START 2988 -10728 -4632 2321 -11435 2661 END
START 2248 -11168 -5164 3955 -11825 4222 END
START 1528 -10308 -6488 4719 -10614 5645 END
START 1044 -11024 -6268 3743 -8812 6509 END
START 1040 -10708 -5716 3742 -7541 7227 END
START 524 -11880 -5792 5600 -8434 9559 END
START 1164 -12852 -7564 8547 -9051 12119 END
START 536 -14196 -8012 8820 -6128 13006 END
START -668 -16036 -7020 5866 -2924 13319 END
START -1524 -18184 -6912 5370 -1949 12918 END
START -1308 -18800 -8964 4303 -458 13640 END
START -708 -21108 -9036 5093 2287 13284 END
START -1224 -22940 -8416 3770 4383 12656 END
START -2728 -24532 -8580 1057 7402 9967 END
START -4084 -26292 -7432 778 8870 7384 END
START -4500 -25204 -6256 2203 9244 4817 END
START -3776 -23884 -5580 976 9954 2494 END
START -2256 -22404 -4776 -59 11844 904 END
START -2040 -22296 -4072 -283 12679 -238 END
START -2220 -22048 -2416 837 12938 -1184 END
START -1812 -21976 -1092 1599 12238 -2635 END
START -1480 -22284 -600 345 12314 -4008 END
START -1860 -22888 1352 -275 12844 -6043 END
START -1180 -22600 2896 -207 11603 -7514 END
START -756 -21828 3624 327 9485 -8803 END
START -536 -20124 3952 -9 7958 -9347 END
START -460 -19528 4400 -466 7195 -10697 END
START -484 -18036 5388 -472 6194 -11501 END
START -400 -16460 5884 -732 3588 -11382 END
START 304 -15640 4720 -1215 451 -11358 END
START 936 -15000 4060 -898 -1676 -10518 END
START 1628 -14600 3652 209 -2227 -10134 END
START 1548 -14028 3752 446 -2561 -10625 END
START 1880 -13500 3776 -1185 -4643 -10014 END
START 2488 -12832 3008 -1237 -6253 -8723 END
START 2572 -12236 3008 -213 -7296 -8241 END
START 2780 -11736 3096 -460 -7803 -7649 END
START 2976 -10844 2328 -1346 -9379 -6334 END
START 3104 -10736 492 -1836 -11075 -4878 END
START 3336 -11020 -1264 -1374 -11763 -3827 END
START 3804 -10924 -3564 -1158 -10663 -2333 END
START 3808 -10944 -3728 553 -8846 -2069 END
START 3764 -10716 -3628 -29 -8834 -461 END
START 4056 -11196 -5372 -1373 -8763 985 END
START 4556 -11912 -7036 -1344 -7575 1986 END
START 4640 -12136 -7288 1071 -6295 2786 END
START 4736 -12152 -7188 1585 -6180 4342 END
START 4424 -12796 -8404 509 -5332 5720 END
START 3508 -13792 -10204 -130 -3132 6247 END
START 2940 -16652 -11748 2641 -1646 6093 END
START 3776 -17720 -12784 7657 255 6464 END
START 3772 -18472 -12644 8890 3629 5967 END
START 3596 -19156 -10972 5348 8356 4527 END
START 3224 -18788 -10308 1330 12069 3296 END
START 2312 -19004 -9428 2444 14403 2826 END
START 2304 -19052 -9456 4652 16404 2302 END
START 952 -19512 -7188 5200 19658 975 END
START 96 -19384 -4352 2020 22557 -1452 END
START -136 -18768 -1372 1517 24293 -3380 END
START 224 -18956 2616 4134 24236 -4058 END
START -76 -18548 7176 7810 20500 -4166 END
START 812 -18388 9524 5880 16352 -4830 END
START 1164 -17248 9864 -1074 12353 -5159 END
START 1312 -16352 9412 -3343 9066 -5147 END
START 2668 -15280 8696 -3770 5673 -5031 END
START 3804 -14188 8096 -3838 3364 -5146 END
START 3868 -13332 7960 -4382 728 -5567 END