START 4156 -14948 156 4473 -3497 1011 END
START 3140 -13752 2664 4729 -4456 463 END
START 3296 -14572 2480 -693 -6829 1969 END
START 2684 -15200 1040 -1000 -7176 2126 END
START 2440 -14992 24 22 -7338 1662 END
START 2196 -14160 -896 1156 -8281 916 END
START 2032 -12948 -952 1822 -9249 1097 END
START 2516 -12364 -1400 2019 -9943 1717 END
START 2736 -12716 -3524 43 -10956 3332 END
START 2168 -13008 -4752 -45 -10182 4447 END
START 1028 -12572 -3828 661 -9338 5424 END
START 756 -12784 -4096 135 -9769 6011 END
START 956 -13576 -6128 -82 -9997 6923 END
START 1124 -14024 -8028 -311 -8964 6869 END
START 1160 -14552 -8244 1581 -5884 8063 END
START 604 -15100 -8236 1201 -4989 8581 END
START 432 -16100 -8832 1136 -3714 9274 END
START -840 -17668 -10184 2351 -1149 9336 END
START -1432 -17504 -9164 3320 1215 8961 END
START -1172 -18436 -7764 3371 2563 8326 END
START -956 -19452 -7156 3794 3660 8146 END
START -1200 -20252 -7580 3543 5259 7775 END
START -2084 -20516 -6600 1959 7185 6681 END
START -1832 -21080 -5632 1707 8006 5331 END
START -1308 -21188 -4468 1985 8240 4592 END
START -1436 -21544 -4352 1293 8559 3433 END
START -1872 -21672 -3672 -311 9154 2343 END
START -1052 -21916 -4052 -606 9575 1129 END
START -420 -21204 -4004 16 10319 26 END
START -424 -21348 -3468 3 10817 -1144 END
START -268 -21272 -2708 -112 11160 -2295 END
START -760 -21688 -1872 549 10932 -3394 END
START -872 -21180 -1152 366 10587 -4540 END
START -748 -20644 676 -151 9661 -5513 END
START -528 -19748 2836 -324 8067 -6427 END
START -348 -19388 3272 -2033 5733 -6518 END
START 136 -18996 2944 -2018 4561 -7074 END
START 280 -18420 2696 -1328 3580 -7898 END
START 676 -17416 3100 -276 2083 -8187 END
START 1232 -16128 3808 -633 676 -7770 END
START 1508 -14712 4492 -2878 -1148 -7582 END
START 1180 -14144 4004 -3710 -3554 -7054 END
START 1756 -13960 1916 -2593 -5118 -6925 END
START 2108 -12520 1124 -2167 -5294 -7066 END
START 2176 -12260 1468 -2838 -6062 -6357 END
START 2368 -11452 1144 -1695 -7307 -5108 END
START 2060 -12204 288 -150 -8828 -3800 END
START 1988 -11776 -564 888 -9454 -3524 END
START 1484 -11340 -1216 -1176 -9579 -3080 END
START 500 -11280 -700 -1603 -10138 -2300 END
START -428 -10672 -256 -425 -11967 -1203 END
START -304 -9688 -1276 11 -13735 1 END
START -28 -9032 -2956 -1920 -14491 1955 END
START -496 -10756 -6044 -3935 -15016 3332 END
START -16 -11964 -10688 -944 -14813 4501 END
START 1440 -14324 -16640 -24 -12058 5397 END
START 2976 -16136 -20836 419 -5665 4910 END
START 2196 -18396 -21560 812 952 3942 END
START 1764 -19156 -19764 2723 5138 3374 END
START 1196 -19144 -16552 3368 7780 3416 END
START -100 -19940 -14912 2439 10642 3100 END
START -1040 -19120 -13768 84 14378 2132 END
START -696 -17728 -12000 -1663 17072 1868 END
START 308 -16724 -11516 -1812 18723 2452 END
START -696 -16676 -9244 3235 18838 2549 END
START -1288 -15796 -5512 7482 18401 2026 END
START -992 -17072 -4276 5920 18836 1424 END
START -1432 -17284 -2636 2551 20700 790 END
START -904 -17624 -872 1615 21343 -215 END
START -944 -18500 2296 6980 20694 -1797 END
START -1380 -16520 6284 7372 19820 -2579 END
START -1408 -15288 8796 2963 18404 -4114 END