START 5044 -16160 2716 4656 2359 16 END
START 4348 -16352 5816 4826 38 -168 END
START 3268 -16208 7244 4403 -2946 -1038 END
START 2836 -13480 7268 2517 -5692 -33 END
START 3180 -13652 7108 146 -7354 154 END
START 3032 -11708 7272 -1063 -9015 410 END
START 2712 -11192 5200 -1374 -11821 1798 END
START 3180 -11244 1416 -1123 -13360 3260 END
START 2744 -11624 -1600 -2035 -12566 4259 END
START 2416 -12392 -3156 -966 -10989 4655 END
START 2048 -12460 -3872 302 -10387 5592 END
START 1820 -13640 -6740 -394 -9945 6905 END
START 1164 -14728 -8160 905 -6954 6808 END
START 1036 -14780 -7048 2000 -4866 6968 END
START 316 -15344 -5476 3103 -3799 7042 END
START 336 -16208 -5856 2753 -3805 7812 END
START 148 -16388 -7504 2200 -2387 8374 END
START -80 -16324 -8128 1177 450 7875 END
START -1048 -16216 -7292 307 2285 7612 END
START -1324 -16776 -6972 1281 2579 8244 END
START -1368 -17828 -8156 2884 3857 8758 END
START -1844 -18776 -8332 2572 6068 8466 END
START -1972 -19828 -7900 1467 8063 7777 END
START -1812 -20440 -6756 1590 9495 6762 END
START -1468 -20932 -5732 1475 10568 6016 END
START -1740 -21064 -4768 1466 11770 5014 END
START -2020 -21260 -4340 -665 12688 3703 END
START -1572 -21948 -2484 1133 13188 2838 END
START -1592 -21920 -1300 1539 12773 1595 END
START -2060 -23056 204 858 12636 385 END
START -2328 -23460 1556 198 12379 -1611 END
START -1828 -23820 2876 328 12089 -3611 END
START -1564 -23436 4188 456 10172 -5355 END
START -1056 -22604 4500 1789 8188 -6894 END
START -1124 -21600 4620 886 7024 -8547 END
START -736 -20180 4692 -1027 6248 -10403 END
START -24 -18352 4768 -1494 4184 -10849 END
START 612 -17348 3332 -864 2604 -10800 END
START 1156 -15904 2876 -857 1989 -10591 END
START 692 -15336 3384 -492 751 -10162 END
START 1240 -14200 3936 -162 -836 -9764 END
START 1208 -14156 3664 -537 -2765 -9052 END
START 1284 -13360 3176 85 -4152 -8611 END
START 1712 -12184 3328 -374 -4854 -7744 END
START 1776 -11976 3408 -399 -6079 -6887 END
START 2228 -11416 3264 -1030 -7983 -5313 END
START 2480 -11420 1960 -1156 -9517 -3959 END
START 2448 -11720 624 -979 -10215 -3343 END
START 2084 -12292 -492 -916 -10242 -3103 END
START 2672 -11844 -664 -254 -10216 -2636 END
START 2484 -10884 -460 -178 -10545 -1525 END
START 2892 -11320 -2096 -1071 -11628 226 END
START 2768 -12352 -4000 169 -11532 845 END
START 2532 -11940 -4552 548 -10719 1615 END
START 2528 -11744 -5432 587 -9690 2347 END
START 2444 -11992 -5532 -254 -9237 3483 END
START 2452 -13428 -7220 -438 -9153 4808 END
START 2580 -13944 -8924 1313 -7116 5263 END
START 2420 -15140 -9100 2231 -5228 5647 END
START 2956 -15688 -10200 2584 -3548 6274 END
START 3376 -17480 -10976 2046 -693 6269 END
START 2676 -18804 -10688 2921 1444 5753 END
START 1756 -19516 -10964 2982 3372 5339 END
START 1312 -21356 -11140 2245 5865 4256 END
START 1568 -22348 -12160 2417 9292 2562 END
START 756 -22584 -12184 1330 11759 777 END
START 908 -22072 -11552 2854 14786 -1313 END
START -28 -20412 -9620 2829 17712 -2671 END
START -60 -18168 -6432 3680 18683 -3419 END
START 648 -15668 -3564 2972 19220 -3213 END
START 1384 -14648 -244 1834 19205 -2727 END
START 440 -15484 3020 6356 17176 -2396 END
START 304 -14968 5760 5541 15221 -2816 END
START 388 -16872 8464 -345 13861 -4045 END