START 960 -13492 -1644 1715 6157 4152 END
START 592 -13472 -2488 4124 9477 7233 END
START 208 -15752 -2880 2638 10635 9744 END
START -2224 -19420 -1672 5878 13367 8472 END
START -2092 -21776 812 5094 13102 6099 END
START -1332 -23320 3024 605 11416 4165 END
START -700 -26128 5164 72 9984 2227 END
START 88 -26944 6520 -601 8703 541 END
START 1108 -25952 6516 -2338 7270 -2178 END
START 1608 -24716 7228 -7274 5471 -5382 END
START 1684 -24284 8232 -10445 3021 -7966 END
START 1352 -23280 7460 -10468 1502 -9386 END
START 604 -21560 7280 -7971 917 -10664 END
START 160 -19632 6940 -6914 356 -11754 END
START -272 -18108 6576 -6614 374 -13583 END
START -392 -16456 6076 -8136 -241 -14519 END
START -236 -14660 5680 -7350 -668 -14316 END
START -468 -12208 4720 -7430 -1732 -13070 END
START 280 -10756 3380 -6185 -2008 -12092 END
START -32 -10188 2960 -3258 -314 -11300 END
START -472 -8584 3532 -1242 13 -10381 END
START 568 -6416 3132 -1896 -1803 -8545 END
START 1296 -5196 2912 -3440 -2283 -5199 END
START 1888 -4960 2080 -3359 -1809 -2085 END
START 1636 -4620 2084 -1408 -1955 1612 END
START 1876 -4444 1212 752 -2047 5332 END
START 1752 -5140 856 1027 -2314 8518 END
START 396 -6308 116 808 -2767 11495 END
START 448 -8680 -200 527 -2412 14540 END
START -448 -10808 -116 3958 -315 16403 END
START -500 -11316 -256 3864 1369 18077 END
START -1048 -11976 -112 1453 2258 18523 END
START -1872 -14672 -724 -3022 1708 20369 END
START -2548 -20320 620 1040 2679 21289 END
START -3324 -23576 1204 7993 2441 20993 END
START -1812 -25668 1636 8354 1095 20188 END
START -1964 -29480 1664 1317 -730 17022 END
START -1096 -32684 1456 -342 -1651 12603 END
START -1356 -32768 1812 830 -3710 8124 END
START -388 -32768 80 1357 -5990 3429 END
START 192 -31724 -2044 -1058 -6200 -1497 END
START -224 -30324 -1864 -3948 -6424 -6125 END
START -588 -27632 -2740 -5295 -5913 -8817 END
START -1672 -25932 -2984 -6452 -4428 -11824 END
START -2744 -24304 -2312 -6866 -3527 -15153 END
START -3140 -21432 -1884 -8366 -2647 -16870 END
START -2700 -19376 -2344 -9932 -812 -17447 END
START -3304 -17700 -2420 -9913 686 -17603 END
START -2644 -16028 -2588 -9141 1741 -17468 END
START -2212 -14280 -2576 -6425 3288 -17002 END
START -1656 -11860 -3196 -6502 4941 -15481 END
START -1280 -10280 -2880 -7822 6836 -13866 END
START -1104 -9432 -3116 -8088 8596 -12068 END
START -1224 -7856 -2884 -4858 10611 -10259 END
START -756 -6300 -1960 -4004 11115 -7251 END
START -680 -5436 -1044 -4436 10715 -3937 END
START -192 -6012 -1012 -4515 10746 -987 END
START -524 -5800 -288 -2298 11600 1365 END
START -540 -4592 260 -2713 11000 4533 END
START -376 -5472 1240 -2166 10538 7559 END
START -816 -5796 2156 -1194 10711 11091 END
START -1544 -8204 4648 710 9563 13834 END
START -1100 -10688 8148 6108 7180 16620 END
START 476 -13700 11160 10396 4855 19769 END
START 2416 -19292 15132 11875 1620 20830 END
START 2724 -30200 19648 12147 -3951 18227 END
START 3484 -32768 18724 15115 -10066 12387 END
START 4320 -32768 10700 11161 -14940 4913 END
START 4444 -32768 1664 4447 -17197 -1854 END