START -3780 -27252 -2096 2153 9453 8521 END
START -3464 -30456 524 -2880 8691 4085 END
START -1908 -32080 1308 -3310 6185 154 END
START -1280 -32380 816 -5274 5272 -2574 END
START -1584 -32248 1616 -5269 6012 -7142 END
START -2028 -30884 2912 -6966 4611 -11665 END
START -2112 -28376 3508 -9795 2928 -15412 END
START -2488 -25324 3436 -8853 3122 -17670 END
START -3092 -21148 4984 -8247 4575 -19970 END
START -3324 -16968 6532 -9805 3964 -20467 END
START -3548 -14516 7192 -9310 2344 -20258 END
START -3260 -12228 8356 -5233 512 -19031 END
START -2344 -8320 7712 -5386 -1522 -16596 END
START -1492 -6544 6600 -7388 -2876 -14981 END
START -20 -4316 5132 -7439 -3499 -12632 END
START 904 -3428 3432 -6243 -4038 -9682 END
START 1164 -2628 2248 -3395 -4611 -6945 END
START 1652 -1532 816 -1523 -4518 -3481 END
START 1500 -1468 632 -452 -4146 462 END
START 1708 -2856 500 620 -4339 3339 END
START 1800 -2888 584 2609 -3864 6452 END
START 1852 -4772 -368 4588 -3397 9190 END
START 1652 -4632 -952 6684 -2336 12696 END
START 1180 -7192 -432 7364 -1428 16064 END
START -176 -8772 712 8295 -1694 18317 END
START -1572 -13064 -492 7953 -1883 19826 END
START -2352 -15180 -340 10722 937 20162 END
START -3288 -15044 248 8315 2370 21117 END
START -3864 -14908 372 2771 3731 21313 END
START -5692 -18404 1432 -1397 5231 22130 END
START -7916 -22884 2980 3052 2643 22740 END
START -7348 -22808 2372 12561 -9 23524 END
START -5732 -23000 472 10151 -42 22705 END
START -6564 -26808 -1128 144 425 19813 END
START -7556 -32244 -1496 -2477 -466 15204 END
START -6524 -32768 -548 3624 -3726 11657 END
START -5396 -32768 -1452 4070 -4956 7086 END
START -4184 -32768 -2620 -3357 -4323 1037 END
START -3392 -32768 -3112 -5686 -3527 -4807 END
START -4104 -30296 -2512 -3801 -3263 -8964 END
START -4332 -28328 -936 -2254 -3985 -12293 END
START -5016 -26504 -452 -4922 -4045 -15083 END
START -5724 -24844 -140 -9069 -2988 -18626 END
START -5964 -23292 -44 -10437 -2984 -21145 END
START -5540 -19980 -1008 -9115 -3440 -21918 END
START -4784 -17296 -3172 -10280 -2966 -22090 END
START -4808 -16320 -3692 -10849 -1418 -22341 END
START -3608 -15332 -4292 -10612 -431 -22687 END
START -2736 -12792 -5164 -11878 1952 -21269 END
START -2032 -10520 -5728 -15409 5076 -18721 END
START -1548 -8100 -6364 -15541 9393 -16146 END
START -1980 -6512 -5556 -12210 12879 -12235 END
START -788 -4448 -4068 -6601 15831 -8717 END
START -1152 -2640 -2308 -4212 17523 -4144 END
START -2844 -3460 544 -5012 18093 -1196 END
START -3412 -4744 2320 -5615 16793 2577 END
START -3400 -5096 3756 -2049 15534 5796 END
START -3060 -5100 4644 762 13679 9410 END
START -3792 -5912 6052 2593 12500 12059 END
START -2764 -7488 8356 1779 9555 14368 END
START -2176 -9684 10632 3940 6104 16649 END
START -1164 -13776 13948 11312 2078 19151 END
START 516 -17160 17516 13418 -3808 19790 END
START 2672 -24408 20460 2322 -15746 16721 END
START 2236 -32768 13436 -1608 -26933 13637 END