START -232 -23264 -1128 2082 11251 2616 END
START 376 -24012 -932 -4066 10696 1542 END
START 608 -24532 56 -3608 10311 645 END
START -500 -25476 2292 361 8954 -710 END
START -180 -26344 4004 -1474 7507 -2278 END
START -468 -27400 5720 -8238 7317 -4836 END
START -12 -26620 6292 -11370 5593 -7499 END
START 144 -25260 4884 -10714 5312 -9869 END
START -248 -23476 5336 -9846 4718 -12034 END
START -180 -21312 6164 -9016 3527 -13253 END
START 220 -19560 6220 -8182 1813 -14267 END
START 388 -16780 5756 -8366 1258 -15097 END
START 464 -15088 5160 -8585 516 -14635 END
START 320 -12556 4492 -8129 -356 -14250 END
START 864 -10596 4056 -8176 -1123 -13278 END
START 1404 -8680 3336 -6887 -2124 -11800 END
START 1892 -7376 1936 -7143 -2690 -9774 END
START 2148 -6176 584 -6594 -1842 -7898 END
START 2608 -5468 624 -5015 -1903 -5807 END
START 2508 -4592 828 -2419 -2361 -3534 END
START 2316 -3876 460 -615 -3373 -1009 END
START 2488 -3920 -1144 -328 -2824 1554 END
START 2516 -4448 -2056 -1214 -1796 3768 END
START 2212 -5064 -2200 -971 -993 6137 END
START 1996 -5400 -1416 473 -659 8313 END
START 1448 -6708 -300 4655 -800 11070 END
START 136 -8036 196 6971 -967 13946 END
START -740 -9768 512 6891 -1337 15816 END
START -1532 -11532 1284 7286 -1387 17678 END
START -1752 -12320 2156 7333 -1193 19512 END
START -2504 -15560 1056 6965 -2330 20909 END
START -2744 -17168 -1480 5386 -2001 21677 END
START -3736 -19640 -2480 2906 1180 21174 END
START -4784 -22448 -712 4941 2794 20234 END
START -4716 -27464 516 10276 236 19408 END
START -4444 -30436 312 14730 -2021 18117 END
START -4312 -32768 448 11237 -3422 14802 END
START -2724 -32768 -1020 3831 -4516 10004 END
START -564 -32768 -1352 3033 -3028 3094 END
START 20 -32768 -1132 -1755 -4698 -1965 END
START -252 -32768 -1748 -4428 -5638 -6454 END
START -500 -30852 -2628 -7332 -4907 -10292 END
START -1328 -27756 -1732 -8726 -3265 -13929 END
START -2096 -24084 -432 -9552 -3102 -16628 END
START -2212 -21416 -92 -10596 -3726 -17741 END
START -2388 -18848 -216 -10682 -3096 -18438 END
START -2220 -15608 -1072 -11267 -2212 -17882 END
START -1548 -13480 -2672 -12905 -1090 -16740 END
START -1040 -11964 -4636 -13351 1095 -15336 END
START -740 -10900 -5784 -12106 4656 -14093 END
START -1292 -9916 -5836 -9065 7458 -11840 END
START -1560 -9064 -4944 -6675 8516 -9777 END
START -1452 -8852 -4516 -5787 10311 -7502 END
START -2140 -9632 -4396 -3574 13311 -6147 END
START -2896 -8824 -3224 -2970 14182 -4974 END
START -2316 -8316 -2444 -2241 14462 -3257 END
START -1880 -7088 -2304 -1268 15415 -829 END
START -1520 -6056 -1764 -2150 16117 1532 END
START -1180 -6520 -896 -3735 16414 3917 END
START -1684 -7324 900 -1921 15928 6637 END
START -1376 -8104 3492 5011 13099 9156 END
START -292 -7064 5012 9269 9762 12658 END
START -224 -7308 6196 7253 8435 15527 END
START -892 -9328 8424 1128 6896 17632 END
START -1716 -14828 11984 4509 3288 19124 END
START -1104 -17928 14496 12386 -2861 19831 END
START 152 -21808 15852 13101 -7317 20325 END
START 364 -28480 17564 6461 -11223 17689 END
START 296 -32768 14576 5420 -18846 12465 END
START 1860 -32768 7624 5947 -24610 5697 END
START 1344 -32768 744 5217 -26339 -1611 END
START 200 -32768 -4968 2534 -25285 -7588 END
START -436 -31856 -9120 -1119 -21142 -13580 END