START 3324 -17228 -3732 1634 7336 3161 END
START 1260 -22180 -3664 -3032 9920 6454 END
START -1336 -26712 1008 1457 10520 6483 END
START 740 -31132 5100 2547 7257 4556 END
START 1040 -32768 7084 -5435 4215 -700 END
START 1020 -32768 8132 -9147 3403 -5945 END
START 1644 -31884 8224 -10534 2937 -10324 END
START 896 -27468 8044 -11164 842 -14498 END
START 424 -23076 7504 -11153 87 -16185 END
START 60 -18340 6672 -13648 -1040 -16259 END
START -420 -15588 6584 -12727 -1656 -16123 END
START -556 -13044 5760 -10072 -2383 -14958 END
START -160 -10888 4840 -7071 -2458 -13776 END
START -328 -8756 3988 -7554 -3015 -11765 END
START 12 -8428 3092 -7320 -2596 -10915 END
START 620 -6660 2608 -6349 -1946 -9700 END
START 764 -5420 2044 -4193 -2079 -7434 END
START 868 -4508 1220 -2459 -1841 -4983 END
START 1124 -4056 1412 -511 -1582 -2171 END
START 1572 -3948 1508 -178 -1823 -50 END
START 1484 -4464 1948 1963 -2328 2255 END
START 1392 -5472 768 3801 -3068 5177 END
START 2488 -6384 -92 3859 -2957 7179 END
START 3000 -7268 -1212 4090 -2052 8917 END
START 2316 -7840 -888 5933 746 11039 END
START 1092 -9000 1088 6370 2202 12341 END
START 676 -9432 2120 4488 1476 14178 END
START -472 -10852 1304 5008 1212 15860 END
START -1620 -12492 -108 7920 2416 19219 END
START -2496 -16012 56 10565 4955 20095 END
START -3184 -18028 2668 10551 6547 19533 END
START -2868 -18640 4232 7426 5585 19382 END
START -2716 -20200 2776 1028 3590 20130 END
START -4368 -25324 2264 2282 3831 19706 END
START -4320 -28612 4628 7675 1708 18614 END
START -3152 -31284 5776 7457 -815 16384 END
START -2932 -32768 3792 -935 -3639 11533 END
START -1992 -32768 936 -3838 -4039 4844 END
START -460 -32480 -732 -4366 -4279 19 END
START -728 -30440 -1304 -4285 -4350 -3527 END
START -992 -29868 -1116 -3757 -5004 -6506 END
START -1568 -28708 -720 -3937 -4174 -10242 END
START -2136 -26508 528 -7000 -4022 -13859 END
START -3120 -24608 -152 -10472 -4497 -16191 END
START -3564 -23620 -1780 -10597 -3844 -17761 END
START -3468 -21124 -2576 -9330 -1048 -18789 END
START -3108 -17656 -820 -9815 1821 -19914 END
START -3076 -15244 248 -12311 1918 -19531 END
START -2644 -13524 -1440 -12444 2316 -18063 END
START -1788 -11968 -2360 -9419 5120 -16626 END
START -1484 -11008 -2504 -8833 5647 -14603 END
START -728 -10400 -4528 -7663 6225 -13036 END
START -24 -9796 -6788 -6131 9132 -11415 END
START -188 -8580 -6268 -5116 13517 -10690 END
START -536 -6580 -5768 -3042 15702 -8600 END
START -464 -4340 -4616 -1731 18170 -6352 END
START -1472 -724 -2264 -2041 20084 -2576 END
START -2084 772 1616 -1837 20166 1291 END
START -5192 1208 7224 878 16979 8023 END
START -5388 1180 15940 10357 13994 14895 END
START -4092 -1844 28556 7514 7640 20288 END
START -3076 -12552 32767 5030 -6503 24506 END
START -1368 -26240 32528 14833 -22832 27204 END
START 3180 -32768 14676 18753 -27361 23604 END