START -932 -22484 1044 7241 7558 8263 END
START -880 -26360 404 1173 8538 7992 END
START -972 -29352 1584 2109 8142 4917 END
START -84 -30992 2376 -372 6319 2113 END
START -348 -32768 5312 -6252 4468 -3803 END
START -168 -32768 6340 -10850 1448 -8802 END
START -132 -31856 4924 -12271 -1166 -11496 END
START -392 -27892 3408 -12918 101 -15414 END
START -1204 -23188 4204 -13099 1790 -18295 END
START -1568 -18836 4884 -12382 1552 -18796 END
START -1348 -14772 5060 -11501 409 -17587 END
START -984 -13128 4488 -9806 -430 -16018 END
START -712 -10304 3964 -8864 -851 -15167 END
START -304 -8220 3472 -9621 -1454 -13539 END
START -124 -6728 2796 -9674 -2389 -11499 END
START 328 -5596 1944 -8084 -2362 -9566 END
START 632 -4068 1476 -5316 -1633 -7492 END
START 996 -3516 1216 -4659 -2225 -5101 END
START 1268 -3112 1372 -3307 -3902 -2539 END
START 1156 -3364 -68 -370 -4245 306 END
START 1692 -4244 -172 2009 -4209 2781 END
START 1944 -4664 -828 2228 -4763 5149 END
START 2064 -6112 -2028 2141 -4225 7026 END
START 1396 -6820 -1708 4182 -3045 8484 END
START 1276 -6492 -908 3343 -2465 11142 END
START 1140 -7468 208 1756 -3127 13602 END
START 492 -8776 -1316 385 -2868 15704 END
START -500 -9280 -3676 1582 -1659 17910 END
START -1564 -9908 -4692 5092 1175 20691 END
START -3648 -13912 -1476 10228 3052 23311 END
START -5204 -16392 2372 10645 1896 24126 END
START -7444 -21856 2616 6269 -1845 24651 END
START -9080 -27740 -1276 8015 -1204 23432 END
START -8208 -29872 -844 11220 -567 20451 END
START -6944 -30180 708 10616 -1596 16726 END
START -5364 -27720 -228 3324 -2428 13398 END
START -5080 -27656 -3124 -4560 -2908 10539 END
START -5496 -29636 -4488 608 -3171 7669 END
START -5332 -28808 -5736 2766 -4070 4896 END
START -4836 -30340 -6380 44 -2662 1126 END
START -4856 -31172 -6312 -3285 -1283 -3528 END
START -4924 -30192 -5660 -3222 -223 -7744 END
START -5452 -28372 -4004 -1608 279 -11220 END
START -5704 -27148 -1072 -2117 182 -14115 END
START -5984 -25812 132 -5000 -274 -16827 END
START -5736 -22956 -436 -8452 -561 -18948 END
START -5400 -20372 -2284 -10899 438 -19902 END
START -5064 -18200 -2644 -10455 1873 -20647 END
START -4536 -16384 -2732 -9159 2758 -20532 END
START -3920 -14328 -2748 -8981 3508 -20048 END
START -3808 -13028 -3900 -8649 4349 -18927 END
START -2340 -10608 -4816 -8131 6996 -17268 END
START -2196 -8432 -4296 -7255 9667 -16129 END
START -1636 -7236 -3908 -7223 9998 -13691 END
START -1312 -6472 -4660 -5041 11142 -10458 END
START -1140 -4636 -4540 -2608 13302 -7839 END
START -900 -3972 -3352 -2847 14058 -5607 END
START -848 -2820 -1852 -2503 14812 -2248 END
START -908 -1664 -708 -1555 15583 1660 END
START -796 -1672 1148 -1281 14501 5479 END
START -812 -2104 3808 798 12508 10188 END
START -1044 -3288 6096 937 8839 14526 END
START -1768 -5048 7092 838 5448 17770 END
START -2260 -7948 8508 1815 2028 21476 END
START -2272 -13396 9080 6510 -2021 23339 END
START -2060 -19244 9476 11568 -5246 24111 END
START -1564 -25936 11568 10551 -7466 22000 END
START -1372 -32672 14996 8113 -12055 17313 END
START -620 -32768 14104 7152 -19870 11799 END
START -96 -32768 5816 5998 -23812 4361 END
START -456 -32768 -2176 3030 -20818 -2364 END