START 3100 -14760 3028 2638 424 1583 END
START 2744 -14660 2956 480 733 3340 END
START 1380 -13352 1692 1180 1211 3280 END
START 1860 -12256 -160 328 2296 4266 END
START 2272 -12328 -2072 327 4683 5967 END
START 2728 -12864 -4228 555 6703 7926 END
START 1744 -17840 -6944 550 9610 9509 END
START 1472 -24576 -4792 2669 13843 9745 END
START 2412 -29388 2688 3407 15092 7483 END
START 2516 -31196 7724 -1969 10829 2066 END
START 3284 -32768 8296 -6014 6978 -3206 END
START 2640 -31864 10488 -5947 4985 -6786 END
START 2860 -28396 10112 -6234 964 -9205 END
START 2064 -25156 9476 -8092 -1834 -14147 END
START 560 -21188 8340 -9574 -3079 -17020 END
START -1228 -17608 7600 -8718 -3170 -17152 END
START -1728 -14984 7284 -7112 -3092 -16712 END
START -2504 -12228 6692 -6449 -3721 -16775 END
START -2312 -8968 5640 -6541 -4578 -15619 END
START -2248 -6248 4200 -6181 -4031 -13649 END
START -1456 -4028 3736 -5198 -3555 -10514 END
START -776 -3016 3628 -2202 -3615 -6451 END
START -968 -2604 2928 -14 -4313 -2598 END
START 136 -2508 1596 576 -3742 -30 END
START 952 -2564 728 2027 -2046 1624 END
START 548 -1420 40 2086 -1069 5560 END
START 260 -2168 -20 2876 64 10135 END
START 36 -4056 -304 3874 1024 14904 END
START -216 -6840 -16 5309 2542 17537 END
START -1152 -9524 560 6364 3936 19497 END
START -1652 -10804 980 5080 5301 20276 END
START -1896 -12016 532 96 5950 21684 END
START -3348 -17984 784 -3150 3974 24994 END
START -3496 -24676 1348 8010 5778 26501 END
START -3768 -27448 5128 10346 5356 24150 END
START -2236 -31324 6996 -2028 400 19421 END
START -2820 -32768 4408 -5558 -3626 15883 END
START -1256 -32768 2920 1731 -3518 10391 END
START 416 -32768 996 1951 -4780 4905 END
START 1444 -32768 -584 -2356 -5974 -580 END
START 1668 -32140 -1536 -3600 -5451 -6387 END
START 732 -28364 -2388 -3396 -5396 -11055 END
START -404 -25292 -2712 -5514 -4754 -13910 END
START -1024 -23796 -1908 -7010 -2663 -16386 END
START -1932 -21356 -888 -7111 -1385 -18328 END
START -2632 -19260 -1004 -6663 -1501 -19005 END
START -3260 -16892 -2228 -8890 -18 -18663 END
START -3260 -15576 -2680 -8682 3093 -18295 END
START -3116 -13808 -2600 -6186 5090 -17561 END
START -3548 -12124 -2272 -3931 6029 -17188 END
START -3452 -9120 -3220 -2913 7711 -15634 END
START -3044 -6872 -3088 -5512 10025 -12584 END
START -2732 -5568 -1804 -6239 11976 -9207 END
START -2508 -4572 -432 -4290 12842 -5834 END
START -1740 -3592 896 -2527 12753 -1547 END
START -2568 -4308 1736 -1649 12549 2439 END
START -1892 -4412 3336 -1984 12293 6060 END
START -1764 -5860 5624 -1098 11471 9667 END
START -2116 -6772 9636 1942 9510 13214 END
START -608 -9188 13580 1930 5016 17339 END
START -620 -11632 16384 5782 2280 20964 END
START 528 -16992 21764 10174 -342 21973 END
START 2184 -28292 26616 11465 -8666 18784 END
START 2612 -32768 20260 11304 -19039 13905 END
START 5016 -32768 6020 10178 -20704 6119 END