START -904 -20968 -624 2460 7254 5965 END
START -572 -24340 -460 -1897 9925 5336 END
START -52 -26868 2468 -2118 9385 2519 END
START 1864 -27388 3340 -1484 6428 236 END
START 1700 -27700 3420 -7635 5822 -1564 END
START 1000 -30136 4276 -13202 4318 -4656 END
START 504 -29248 4192 -10369 2733 -7579 END
START 1548 -25644 3560 -9687 1583 -10884 END
START 1760 -22740 3592 -11478 2276 -12902 END
START 1260 -20460 3784 -11653 2384 -13539 END
START 612 -18152 3800 -10090 1451 -14100 END
START 348 -15960 3644 -8695 859 -14793 END
START 396 -12920 3492 -8460 509 -14269 END
START 1020 -11324 3708 -9184 -655 -13208 END
START 1020 -10400 2776 -7449 -1933 -12307 END
START 1480 -8312 2140 -4959 -2514 -11324 END
START 1628 -6204 1284 -5628 -2784 -9062 END
START 1932 -5528 760 -5385 -2856 -6963 END
START 2256 -5296 268 -3718 -2939 -4334 END
START 1984 -4292 -604 -1693 -2376 -2307 END
START 1784 -3720 -720 -1111 -2799 359 END
START 1844 -4300 -856 316 -3306 3063 END
START 1592 -5540 -972 4346 -3063 5155 END
START 1436 -4664 -708 5738 -2707 7562 END
START 1588 -6088 -1280 4252 -2895 10357 END
START 480 -8540 -1464 4266 -2008 12689 END
START -628 -11116 -240 8431 -1197 13973 END
START -860 -11652 640 10549 -2119 15446 END
START -536 -11900 -148 9412 -1631 17199 END
START -736 -14032 -2464 5442 1243 18841 END
START -1888 -17124 -2840 4474 4571 19144 END
START -3044 -20492 36 10963 4131 19211 END
START -2156 -23244 624 16181 2383 19293 END
START -3124 -25616 -844 14788 656 18401 END
START -2428 -31584 -164 8265 2191 16222 END
START -1824 -32768 788 4344 76 12294 END
START -752 -32768 -280 2512 -4206 7713 END
START 168 -32768 -2804 -724 -6128 2338 END
START 784 -32768 -4324 -6619 -5643 -2996 END
START 880 -32588 -4840 -10625 -4747 -7510 END
START -188 -30700 -4272 -10881 -4243 -11771 END
START -908 -27796 -3904 -11521 -3187 -15283 END
START -1992 -24072 -2556 -14660 -457 -18339 END
START -2308 -21008 -1632 -16996 1214 -19899 END
START -3304 -18348 -1920 -16626 1801 -20301 END
START -2580 -15332 -3228 -12304 2302 -19302 END
START -2160 -13164 -4628 -8892 3788 -17606 END
START -1360 -10876 -4536 -6908 5866 -15786 END
START -856 -8756 -4156 -7025 6564 -13733 END
START -676 -9076 -3332 -6065 7023 -11348 END
START -476 -7876 -3848 -3916 7407 -9009 END
START -52 -6704 -4260 -4368 8059 -6726 END
START 156 -6820 -4636 -4333 10049 -4620 END
START 484 -5884 -4324 -3120 12138 -2294 END
START -172 -5352 -3156 -1918 12671 8 END
START 124 -5512 -1972 794 12485 2495 END
START -112 -5656 -1136 2851 12591 5360 END
START 348 -5224 792 4312 12920 7946 END
START 400 -5596 2940 3744 11975 10538 END
START -84 -6312 5596 2482 10187 13855 END
START 44 -7644 8096 3160 7496 18125 END
START 568 -11432 12620 9560 3349 21101 END
START 1952 -15468 16248 14941 -1983 23955 END
START 840 -23384 17616 14970 -8096 23739 END
START 1444 -32768 15912 11742 -13040 18978 END
START 3576 -32768 10648 6816 -16804 13227 END
START 3244 -32768 4192 2919 -18486 6717 END