START 4028 -14296 -3224 6732 845 6403 END
START 4456 -17116 -5204 7119 2739 8809 END
START 4260 -21968 -7040 5756 7317 7905 END
START 4344 -24776 -6416 2978 9581 8160 END
START 4744 -27856 -5024 -2336 10612 6711 END
START 3652 -30432 -1976 -6190 10691 5038 END
START 3112 -32188 520 -5152 9659 2281 END
START 1496 -32768 3228 -4511 9550 -1714 END
START -68 -32768 6980 -8162 10182 -5512 END
START -944 -30864 10492 -11504 8684 -9799 END
START -1212 -26720 11508 -9311 5711 -13348 END
START -88 -21332 11344 -9833 2329 -15757 END
START 1424 -16212 9092 -12191 872 -16000 END
START 2568 -12312 7072 -13479 87 -15527 END
START 3120 -9164 5180 -11990 -629 -14892 END
START 3588 -7048 2860 -10070 -1438 -13566 END
START 3992 -5480 1124 -8900 -2064 -11771 END
START 3860 -4264 540 -5969 -2101 -10076 END
START 3116 -3380 784 -3608 -3477 -7845 END
START 3032 -2408 104 -3152 -4596 -5204 END
START 3020 -1932 -276 -3768 -4531 -3194 END
START 2432 -1880 -1408 -4827 -4516 -811 END
START 2588 -2416 -2096 -2270 -5124 1190 END
START 2748 -2556 -3224 2327 -5849 3042 END
START 3848 -3096 -4272 2930 -4347 4966 END
START 2860 -3472 -3000 2578 -2383 6763 END
START 2540 -4884 -2024 -287 -2443 9798 END
START 1680 -7140 -1908 1779 -2881 11606 END
START 936 -7984 -2040 5705 -2531 12672 END
START 856 -8064 -320 6652 -2058 15404 END
START 796 -11648 -604 3851 -2709 18274 END
START 320 -14888 -2536 3167 -2193 19694 END
START -372 -17904 -4568 4496 -711 19626 END
START 88 -22792 -5560 6585 -319 19743 END
START 856 -24872 -5224 8288 1119 18627 END
START 876 -28168 -5036 4247 985 17004 END
START 1244 -32708 -6796 3925 860 14422 END
START 892 -32768 -6416 6288 640 10517 END
START 1680 -32768 -5432 4286 113 6242 END
START 2620 -32768 -4476 534 -757 2416 END
START 1892 -32768 -5552 -2142 -1558 -1260 END
START 1148 -32640 -6772 -3530 -1008 -5222 END
START 640 -29612 -5680 -5745 -290 -8347 END
START 884 -27100 -4528 -6489 -178 -10671 END
START 1008 -24992 -3516 -6003 -1020 -12029 END
START 892 -22836 -3032 -5580 -1475 -13203 END
START 340 -21492 -3168 -7661 -1743 -13683 END
START 48 -20696 -4528 -6635 -954 -14804 END
START 68 -18076 -4300 -6400 176 -15251 END
START 420 -15644 -4208 -12172 2137 -15054 END
START 292 -14604 -4888 -13428 3525 -15222 END
START 496 -11932 -6240 -9970 4028 -14345 END
START 768 -9448 -7752 -7528 5932 -12511 END
START 568 -8652 -8060 -5666 7279 -10710 END
START 208 -8344 -7712 -1423 8523 -9960 END
START 772 -6664 -8200 58 10254 -8681 END
START 600 -5208 -7848 -1718 12828 -6690 END
START 288 -4560 -7352 -1349 14918 -5107 END
START 580 -3252 -6864 1167 15741 -2876 END
START 1088 -2872 -5136 1741 15921 -684 END
START 1864 -788 -3448 1376 16532 2469 END
START 1632 -1332 -1204 -3999 17059 5529 END
START 1660 -3792 3428 -3647 15071 8276 END
START 2044 -4408 8548 4284 9975 11986 END
START 3060 -5676 13608 5871 5339 15018 END
START 5124 -12496 21336 -1184 2059 15679 END
START 8520 -24984 32767 608 -7802 12826 END
START 8632 -32768 27500 13773 -25413 10746 END
START 7856 -32768 3864 11769 -24473 5836 END
START 10056 -32768 -11656 -17054 -14299 -3533 END
START 7076 -32768 -19568 -12225 -11510 -9643 END