START 988 -23400 580 -10141 3481 -4821 END
START 1516 -22732 -464 -8509 3561 -5998 END
START 820 -22820 16 -7214 3092 -6728 END
START 784 -22476 384 -6282 1975 -8074 END
START 32 -22380 228 -7281 2951 -10255 END
START 248 -20448 620 -9964 3416 -11541 END
START -780 -19412 1392 -10456 3218 -12756 END
START -388 -18028 2544 -8904 2488 -12574 END
START -220 -17016 2864 -7233 1987 -12811 END
START -556 -15700 2900 -6039 1732 -13249 END
START 132 -12556 3056 -8043 1180 -13689 END
START 748 -10220 2664 -8413 530 -12743 END
START 1520 -8124 2008 -7566 -551 -11330 END
START 2476 -6400 532 -6874 -1241 -9331 END
START 2776 -4668 -164 -5645 -997 -7252 END
START 2976 -3768 -708 -5194 -1259 -5067 END
START 3140 -3132 -680 -2823 -1475 -2553 END
START 2740 -2976 332 -870 -2585 267 END
START 2908 -3556 8 468 -3812 3331 END
START 2964 -3928 -1376 -793 -4185 5917 END
START 2156 -5672 -2432 -257 -4096 8101 END
START 1144 -8048 -2528 4160 -3979 9993 END
START 968 -8544 -1816 8108 -3858 11282 END
START 940 -8852 -488 8868 -3939 12998 END
START -368 -10660 -1864 6730 -4263 15704 END
START -824 -14068 -3276 6380 -2057 17938 END
START -1312 -14704 -2292 7719 -739 18214 END
START -1724 -15392 -100 8580 -1494 18699 END
START -3240 -17916 1240 7740 -2737 20330 END
START -4356 -22500 316 7771 -3303 20179 END
START -4848 -23436 1172 13417 -2839 18751 END
START -3788 -23384 1840 12653 -4266 18026 END
START -3756 -25916 164 5987 -4707 16772 END
START -3752 -28660 -4784 -2520 -3349 14522 END
START -3692 -30772 -6004 -2378 -3460 9925 END
START -3184 -32256 -4088 4962 -5498 5822 END
START -2772 -31500 -5776 4670 -7228 2835 END
START -2852 -31024 -8280 -2431 -5619 -936 END
START -2804 -29512 -8800 -8184 -2269 -5032 END
START -3100 -28576 -7544 -8657 691 -8460 END
START -4820 -27220 -4780 -4551 1137 -11925 END
START -4952 -25204 -2592 -3774 322 -14839 END
START -4588 -21888 -2336 -8232 1186 -16108 END
START -4484 -19540 -2852 -13986 2655 -16481 END
START -3888 -17796 -3584 -13951 4338 -16485 END
START -4112 -16064 -3740 -10823 5099 -16950 END
START -2980 -14180 -3036 -9191 4467 -17071 END
START -2520 -13852 -2632 -8057 4890 -15631 END
START -1872 -13180 -3104 -7007 5712 -14552 END
START -1280 -11568 -3572 -5273 6150 -13517 END
START -672 -9480 -3960 -5485 6710 -12180 END
START 256 -8148 -5128 -8312 7967 -10192 END
START 424 -7652 -4920 -8224 9796 -7977 END
START 628 -6104 -4196 -4575 10979 -6090 END
START 1328 -4544 -3748 -3367 10958 -2658 END
START 1480 -4604 -2976 -2809 11969 508 END
START 1032 -4820 -1432 -1600 13067 3814 END
START 412 -5980 568 1146 12100 6496 END
START 368 -6272 1624 4925 10411 8875 END
START -68 -6540 3176 6055 9321 11360 END
START 124 -7004 4524 3865 7966 13959 END
START -500 -8224 5628 1545 6996 16083 END
START -1200 -11592 7488 2291 5459 18156 END
START -1212 -15428 10648 7953 1180 18758 END
START 508 -20912 12160 14837 -4145 18969 END
START 2344 -28896 11020 21106 -8251 16571 END
START 4380 -32768 9796 20398 -10195 10674 END
START 4556 -32768 6060 14826 -11609 5043 END
START 4364 -32768 708 9127 -11472 1166 END