START -1764 -22224 -1656 7342 6443 7271 END
START -1744 -22672 76 6178 8241 6794 END
START -2284 -24828 1564 77 7650 5733 END
START -744 -27268 1560 -2489 6570 3728 END
START 28 -28900 1504 -3096 5780 1311 END
START 876 -29560 1368 -4438 6038 -1029 END
START 620 -28556 2508 -8487 6458 -3677 END
START -152 -29052 4544 -12134 5570 -6875 END
START -628 -26916 5976 -12373 3467 -9835 END
START 204 -23008 5684 -13526 1840 -10960 END
START 688 -20168 4700 -13667 2175 -11488 END
START 232 -18072 4628 -12910 3075 -12483 END
START 28 -15972 5692 -10641 1931 -13364 END
START 8 -13120 5504 -10368 -66 -12814 END
START 304 -11300 4888 -10044 -693 -12004 END
START 772 -9812 3656 -10502 -1027 -11174 END
START 1100 -7836 3224 -9107 -1769 -9854 END
START 1384 -6584 2284 -6913 -2878 -8239 END
START 1384 -4716 1384 -5129 -3410 -6479 END
START 1756 -3504 248 -4451 -3202 -3964 END
START 1812 -2712 -56 -2627 -3539 -258 END
START 1124 -3436 -620 1154 -4241 2631 END
START 1056 -4636 -1380 4504 -3950 4638 END
START 848 -5420 -2008 6403 -2146 6078 END
START 416 -6576 -1608 7205 -1308 8321 END
START 168 -7792 -820 8388 -753 10522 END
START 20 -9388 1136 11780 -230 12880 END
START -960 -11088 2608 13559 -832 14472 END
START -1936 -12608 2056 11752 -1966 16595 END
START -2580 -14184 436 11586 -158 17531 END
START -2816 -16952 860 11992 2000 18945 END
START -3916 -20452 1836 12887 2681 18711 END
START -3788 -24004 2772 13796 2410 17770 END
START -3500 -25008 3184 12504 3016 16653 END
START -3312 -26980 3732 7163 2149 15126 END
START -2748 -30448 3540 6912 -599 13087 END
START -1880 -32768 2260 6561 -3205 10050 END
START -1836 -32768 1720 1968 -5373 5800 END
START -1684 -32768 -836 -4399 -7108 1158 END
START -772 -32448 -3576 -8741 -6478 -3556 END
START -1424 -30768 -4792 -9539 -4337 -7479 END
START -2204 -29120 -2908 -8012 -2113 -11369 END
START -3108 -25792 -432 -9186 -1560 -14443 END
START -2916 -22900 304 -13581 -1108 -16257 END
START -3776 -21420 188 -15133 -185 -17378 END
START -4068 -19344 -208 -13024 586 -17918 END
START -3656 -16596 -628 -12098 1035 -18577 END
START -3180 -13912 -644 -12047 2337 -17866 END
START -2564 -12624 -1764 -11956 3538 -16410 END
START -2032 -10452 -2112 -9230 5318 -15342 END
START -1444 -8160 -2684 -7658 6603 -13198 END
START -740 -6340 -3456 -7616 7914 -10728 END
START -248 -5252 -4032 -8123 10017 -7516 END
START -436 -5864 -3100 -4483 11970 -5209 END
START -176 -5252 -1612 853 11764 -2804 END
START 296 -5140 -924 2718 11141 19 END
START 1048 -5192 -1068 2522 12489 3248 END
START 276 -6408 288 1240 13336 5515 END
START 340 -7304 2540 2766 12511 7859 END
START 564 -7492 3892 5018 10675 10771 END
START 608 -7460 4476 5005 9367 13181 END
START 8 -8468 6136 3294 8854 15427 END
START -540 -9384 8228 1591 7428 17868 END
START -648 -14824 10844 5343 4016 19997 END
START -612 -22016 15064 14369 -715 20500 END
START 840 -29308 18392 14133 -6030 17551 END
START 1132 -32768 16688 5455 -11554 11783 END
START 2120 -32768 9180 5146 -14843 5192 END