START 152 -20616 -3784 -4236 10274 5261 END
START 76 -23336 -1384 1995 8932 5295 END
START -400 -25320 8 4017 7494 4751 END
START -164 -26544 2584 -396 7248 1450 END
START -372 -28356 3356 -9175 6962 -2127 END
START -64 -28876 3720 -12076 6399 -5646 END
START 32 -28016 4480 -8902 5527 -8471 END
START 124 -25888 5012 -7673 3559 -10885 END
START -228 -23084 5464 -7924 2655 -13917 END
START -516 -20092 5560 -7626 2386 -15669 END
START -32 -16380 5436 -7710 1278 -15822 END
START 240 -13848 4156 -8467 -142 -14733 END
START 484 -12148 3512 -7957 -332 -14051 END
START 644 -10280 3536 -5678 -805 -13629 END
START 920 -7620 3168 -3985 -2707 -11941 END
START 1416 -6152 2004 -5216 -4001 -9127 END
START 1688 -5468 1092 -4493 -3558 -6994 END
START 1916 -4276 292 -3695 -2615 -4465 END
START 1556 -3636 -164 -3446 -3488 -2240 END
START 1764 -4156 -212 -947 -4146 712 END
START 1364 -4680 -1092 2405 -4491 4337 END
START 1676 -5096 -1144 4518 -3239 6761 END
START 1580 -5140 -1296 2807 -2861 9205 END
START 856 -6656 -1012 1282 -3138 11982 END
START 380 -9996 -1092 3930 -3539 14290 END
START -112 -11384 -2424 8563 -2812 16714 END
START -1076 -12740 -2088 8769 -725 17401 END
START -2648 -13800 -360 7166 506 18162 END
START -3364 -15108 728 5002 1732 19066 END
START -4424 -18432 220 3070 1096 20103 END
START -4584 -23112 -456 7571 -35 20072 END
START -3556 -24336 -224 14086 608 18829 END
START -2676 -26080 568 9143 384 16930 END
START -2224 -31752 -284 1428 -876 14027 END
START -1592 -32768 -804 1437 -2653 10038 END
START -1080 -32768 -1060 2195 -5516 5329 END
START -196 -32768 -5160 -2704 -7134 -159 END
START -764 -32768 -7472 -7390 -4888 -5306 END
START -1776 -31488 -6228 -9007 -2477 -9984 END
START -2596 -28388 -3984 -6122 -1436 -13414 END
START -3152 -24784 -1920 -4970 -1727 -16090 END
START -3376 -21376 -1036 -6649 -2122 -17364 END
START -2920 -19204 -1780 -9535 -1040 -18175 END
START -3024 -16692 -2040 -12910 -239 -18449 END
START -2536 -14312 -3452 -12633 571 -17739 END
START -2116 -12376 -3776 -10955 2882 -16597 END
START -1240 -10696 -4196 -10132 5101 -15020 END
START -1016 -8984 -3672 -8745 7029 -13618 END
START -168 -7468 -3256 -7395 7748 -10885 END
START 476 -7060 -3608 -5532 8349 -7853 END
START 744 -6564 -4600 -3968 10323 -5667 END
START 632 -5368 -3852 -2550 12278 -3439 END
START 600 -5260 -1976 34 12427 -1062 END
START 572 -5192 -1048 1006 12090 2416 END
START 16 -5560 -1648 373 13549 4898 END
START -28 -5864 -816 -2528 15155 7056 END
START -1052 -6280 1236 -3428 15029 8381 END
START -2000 -7712 3492 1522 13206 12584 END
START -2376 -10040 6488 9608 11080 14922 END
START -1492 -9904 9992 11471 8454 17274 END
START -440 -13420 14812 10170 5128 19163 END
START 684 -20256 17452 12726 -1081 20200 END
START 1596 -28228 17076 18940 -8367 18434 END
START 2356 -32768 13632 17032 -14804 13142 END
START 2624 -32768 7152 8194 -17222 3405 END
START 3004 -32768 804 3861 -17291 -5449 END