START 2868 -21212 -7936 5478 8160 11734 END
START 2232 -24876 -5112 4544 11289 9363 END
START 4120 -28196 -2936 -537 11470 7322 END
START 3456 -31528 -412 -2698 11224 3492 END
START 3996 -32768 3832 -384 9524 -237 END
START 3564 -31796 7472 -2444 7004 -3634 END
START 3980 -31208 9328 -8312 4101 -6270 END
START 4176 -28620 8636 -10226 2469 -9366 END
START 3636 -23484 6860 -11005 1508 -11474 END
START 4100 -20428 5736 -11695 -21 -13287 END
START 3320 -16756 3664 -9337 -1411 -14009 END
START 3180 -13548 2120 -8022 -2078 -13690 END
START 3152 -9816 1668 -7535 -1971 -12796 END
START 2596 -6660 944 -10316 -1412 -10955 END
START 2184 -5408 260 -11023 -2004 -10096 END
START 2408 -3636 -608 -6726 -2216 -8758 END
START 2544 -1928 -1884 -4880 -1294 -6580 END
START 1704 76 -1372 -4143 -1051 -4652 END
START 1708 216 -1584 -3436 -2008 -2199 END
START 2892 672 -1708 -2180 -2579 583 END
START 2728 -784 -1632 -1196 -3830 3147 END
START 2148 -1236 -2632 2289 -4284 5847 END
START 1948 -3272 -2768 3250 -3862 8118 END
START 2628 -4276 -1900 4027 -3356 10246 END
START 1824 -6716 -2656 4030 -3484 12331 END
START 672 -9316 -3240 6095 -3381 14565 END
START -620 -9992 -3608 9503 -1208 15492 END
START -1052 -10248 -656 10066 339 16857 END
START -336 -13160 2180 9749 -1604 19767 END
START -344 -16676 -1324 11534 -3637 22479 END
START 360 -19796 -6344 15594 -1663 22364 END
START 596 -20272 -6900 14828 3454 22178 END
START -280 -25236 -220 12018 6637 21433 END
START -660 -32768 6776 13585 971 20248 END
START -1708 -32768 4080 7668 -3549 18077 END
START -4224 -32768 1136 -1865 -2583 12838 END
START -4400 -32768 -1112 -4336 -3249 4916 END
START -2692 -32768 -4000 -4439 -3784 -2153 END
START -1376 -32768 -6032 -7301 -1806 -6985 END
START -1768 -31340 -6508 -10043 312 -10618 END
START -1988 -28348 -5340 -9767 1149 -13179 END
START -1988 -25448 -2640 -9776 456 -14840 END
START -1524 -22660 -2628 -11757 177 -14983 END
START -1712 -21688 -3396 -15182 1287 -15272 END
START -1472 -20016 -2104 -13758 1661 -16122 END
START -1420 -17388 -1736 -11805 1220 -16101 END
START -1848 -15612 -2556 -13035 1299 -14784 END
START -1456 -14648 -2368 -13675 2517 -14067 END
START -1092 -13344 -2604 -11458 2776 -13654 END
START -924 -10600 -3420 -9399 2396 -13439 END
START -488 -8892 -6264 -9817 3924 -11501 END
START -300 -8248 -7408 -8772 6663 -10748 END
START 48 -6924 -7380 -5981 8734 -10028 END
START 576 -5812 -8712 -3727 9903 -8497 END
START 256 -4648 -8660 -2005 12291 -7844 END
START 216 -3088 -6764 -64 13159 -6047 END
START 332 -1468 -6296 3133 13506 -3541 END
START -60 292 -5120 3600 14902 -752 END
START -140 2352 -3284 882 15996 3719 END
START -140 1960 316 1433 16123 7333 END
START 976 944 5504 5227 11828 10931 END
START 2996 -1200 9180 11777 6132 14944 END
START 6272 -6604 14388 12787 1161 17622 END
START 9260 -15356 20760 14555 -3706 17412 END
START 9356 -24812 18616 10063 -11133 17154 END
START 7652 -30956 10192 4937 -15558 14478 END
START 8116 -32768 336 892 -14806 9840 END