START 24 -17792 -4144 -4217 5864 4793 END
START -192 -19268 -5228 -2312 6272 5399 END
START 100 -22416 -4324 191 6148 4463 END
START 760 -24644 -2540 -944 5778 2992 END
START 1092 -26212 -2620 -4728 4639 1459 END
START 1492 -27404 -4204 -9095 4787 -978 END
START 1468 -28048 -3400 -11211 6890 -3871 END
START -564 -27104 -912 -10496 6817 -6828 END
START -588 -26156 2408 -11619 5219 -9714 END
START -988 -23296 3728 -12408 4291 -11448 END
START -568 -19700 4380 -11603 3234 -12568 END
START -456 -15836 4200 -10098 2134 -13198 END
START -136 -12204 4060 -8669 906 -12497 END
START 124 -9476 3504 -8022 -174 -11169 END
START 876 -7700 2300 -7312 -695 -9264 END
START 1332 -6832 1568 -6079 -1242 -7173 END
START 992 -6060 468 -4467 -2240 -5887 END
START 1364 -5484 200 -3526 -3054 -3106 END
START 1268 -6352 -412 -1465 -3357 -868 END
START 1092 -6124 -1224 63 -3882 741 END
START 1016 -5904 -1820 464 -3938 2603 END
START 1012 -7076 -2740 2346 -3337 4695 END
START 972 -7724 -2620 4051 -3944 6259 END
START 788 -8260 -3848 5209 -4227 7930 END
START 804 -8988 -3560 8368 -3157 10225 END
START -140 -9992 -3376 9600 -1642 11448 END
START -972 -10604 -2760 9931 -1696 12573 END
START -1508 -12136 -1860 9164 -81 14045 END
START -2380 -13032 -1388 7727 1047 14687 END
START -3112 -14736 -568 9886 1039 15656 END
START -2780 -16620 -1000 10930 628 17308 END
START -3272 -18960 -2984 8414 1406 17812 END
START -3912 -21260 -2420 8677 2351 16897 END
START -4480 -23332 -1112 9751 1630 16393 END
START -4748 -26724 516 11691 -591 15595 END
START -4876 -29364 36 8042 -3310 13297 END
START -4460 -30840 -1732 2020 -4138 9230 END
START -4708 -32708 -3204 -1505 -4891 4849 END
START -3780 -32072 -4604 -1202 -5891 460 END
START -3500 -29876 -4808 -1900 -6194 -3161 END
START -3800 -28844 -4996 -3964 -5459 -6346 END
START -4192 -27752 -4912 -4778 -2735 -10683 END
START -4740 -25456 -3096 -4849 -1484 -13714 END
START -4548 -22572 -1716 -4920 -1498 -16295 END
START -4280 -20044 -1884 -8467 -770 -16705 END
START -3852 -19460 -3288 -12256 1706 -17389 END
START -4432 -18048 -3372 -10651 3619 -18436 END
START -4084 -15440 -2820 -7886 3551 -18846 END
START -3268 -14060 -2844 -7329 4197 -17441 END
START -2368 -12884 -3148 -8525 5177 -16016 END
START -1940 -11696 -3996 -9010 7213 -14856 END
START -1396 -9876 -4032 -7983 8768 -13277 END
START -968 -7424 -4696 -6427 10192 -11239 END
START 96 -5952 -4620 -5798 12302 -8030 END
START -264 -5564 -3568 -4783 13981 -5173 END
START -412 -4348 -1712 -3481 14378 -2073 END
START -396 -4516 -160 -1671 13795 1321 END
START -364 -4388 660 -230 13045 5102 END
START -696 -4672 1864 244 12229 7741 END
START -1080 -5468 3584 1138 10381 10293 END
START -1112 -6788 4756 3281 8196 13045 END
START -764 -8572 5948 5668 5931 15659 END
START 172 -9580 7236 7565 4613 17774 END
START 1296 -12120 9968 9170 3443 19861 END
START 388 -18052 15032 12295 -486 21868 END
START -2036 -28484 18664 14584 -8885 21746 END
START -3116 -32768 16468 12780 -18151 15900 END