START -872 -26036 800 5044 6417 2834 END
START 1024 -27840 1092 -2559 3201 -37 END
START 644 -30408 -1452 -7833 3983 -2432 END
START 72 -29660 -1228 -8787 5829 -6341 END
START -664 -27880 212 -10247 5385 -9498 END
START -1000 -27108 2096 -8201 4006 -10918 END
START -2016 -25784 2044 -5353 3545 -12114 END
START -2052 -23684 3032 -6551 4540 -14944 END
START -2464 -20304 4352 -10892 3949 -16855 END
START -2144 -17980 4684 -11258 2927 -17600 END
START -2212 -15516 4444 -8482 1563 -16635 END
START -964 -13124 3980 -5893 1389 -16070 END
START -1248 -10900 4368 -6620 1150 -15859 END
START -444 -8848 5072 -7062 -533 -14702 END
START 380 -7280 4200 -6916 -1298 -12300 END
START 1444 -5944 3672 -5742 -2323 -11071 END
START 1076 -4784 2836 -3592 -3218 -8380 END
START 2220 -4428 2040 -2215 -3766 -5756 END
START 2776 -3024 1732 -2310 -5282 -4225 END
START 3052 -3596 1112 -1774 -6205 -1319 END
START 3156 -3880 248 1510 -6775 1460 END
START 4340 -3176 -1560 3445 -6378 4582 END
START 5020 -3288 -2836 2530 -4789 7765 END
START 4592 -4856 -3020 1840 -3302 10625 END
START 3036 -7216 -1348 7417 -3120 13260 END
START 2368 -7484 -496 11785 -3824 16589 END
START 400 -9228 -232 11050 -3365 19042 END
START -1848 -13012 48 8895 -2162 20798 END
START -2904 -16512 -1484 7765 -904 20983 END
START -2748 -17348 -2468 7902 2010 19484 END
START -2980 -18376 -912 7397 4238 19995 END
START -3016 -19556 1100 6644 4900 20270 END
START -3520 -21068 1136 1248 3654 19994 END
START -5044 -26744 -820 3534 248 19202 END
START -4868 -30152 1076 14958 -1162 17748 END
START -3988 -28864 2092 14845 -2232 15279 END
START -2880 -30988 812 -289 -2679 11407 END
START -2828 -32768 -672 -3558 -3009 6112 END
START -1856 -32688 -2628 -815 -4781 1622 END
START -760 -30684 -4276 -3652 -5196 -2991 END
START -504 -29948 -5628 -6080 -4194 -6360 END
START -1264 -29776 -5768 -4851 -2044 -10003 END
START -2596 -27044 -3852 -4335 -893 -13274 END
START -2676 -24580 -2048 -8683 -482 -15801 END
START -2728 -23640 -1740 -12069 362 -17111 END
START -3120 -21540 -1660 -10014 1295 -18112 END
START -3780 -18072 -1796 -9829 2014 -18897 END
START -2792 -16220 -2648 -12641 3785 -18179 END
START -2804 -15168 -2920 -12412 5163 -17583 END
START -2716 -12964 -3084 -9290 6313 -16940 END
START -2576 -10444 -3204 -7375 7676 -15098 END
START -1288 -9808 -4488 -8404 9316 -12209 END
START -1652 -9448 -5460 -7548 11249 -11285 END
START -1960 -7360 -4552 -4513 13081 -9350 END
START -1200 -6144 -3284 -2687 14589 -6680 END
START 528 -3268 -3936 -3736 14816 -3338 END
START -940 -4852 -2432 -4822 16431 -1564 END
START -1092 -4128 -1548 -4154 16716 1834 END
START -1172 -3580 -220 -663 16135 6711 END
START -1256 -4760 2416 3841 15079 10145 END
START -980 -4120 4216 3415 13585 12679 END
START -1648 -5708 7908 854 11748 15344 END
START -1872 -8764 11524 -717 7916 17919 END
START -1400 -12980 15364 5230 1974 20857 END
START 1248 -18584 18808 13267 -3602 22450 END
START 2280 -26896 20860 11490 -9415 19482 END
START 3432 -32768 20204 6730 -16024 13762 END
START 3356 -32768 13628 8003 -24775 6796 END
START 2688 -32768 -908 11865 -23496 1147 END