START 476 -11124 -556 439 939 -326 END
START -804 -8388 -1528 1963 3949 4894 END
START -1012 -11572 -3720 2056 7024 11099 END
START -3808 -15108 -2640 7936 9619 10451 END
START -3104 -18800 -3384 9959 11784 8453 END
START -2492 -20812 -2692 5691 13117 5481 END
START -940 -23576 -1824 -863 12777 4785 END
START 172 -28524 -188 -822 12649 4599 END
START 684 -31888 2392 4244 11307 2900 END
START 988 -32108 6380 -167 7685 -1334 END
START 1064 -32768 8780 -9479 4649 -6205 END
START -264 -32768 9600 -12582 3358 -11201 END
START -1948 -28716 9476 -11064 2641 -15302 END
START -2072 -25996 9748 -11181 1093 -17841 END
START -2688 -23024 9528 -10345 -883 -19734 END
START -3464 -19580 7848 -8995 -1866 -20451 END
START -3792 -15236 7244 -7753 -1933 -20933 END
START -3484 -11676 6244 -8207 -3319 -19319 END
START -2464 -10176 4640 -6102 -4275 -17952 END
START -2640 -7596 3244 -3609 -4036 -16405 END
START -1288 -5664 3248 -4023 -3956 -14933 END
START -1052 -4064 3908 -2987 -5145 -12746 END
START -480 -2380 2772 -3557 -6305 -8552 END
START 92 -2108 1820 -3449 -5787 -5897 END
START 1020 -1484 336 -2359 -5375 -2776 END
START 1020 -1092 -764 951 -3993 584 END
START 1352 -1272 -640 2447 -4282 4492 END
START 1404 -2460 -1272 2699 -4032 8591 END
START 1276 -3300 -1512 3632 -2904 11622 END
START 24 -5012 -1508 5344 -1133 13933 END
START -1116 -7264 -1172 9241 -333 17029 END
START -1524 -10860 -2208 7907 27 20466 END
START -2804 -14540 -1788 7574 3185 20109 END
START -3236 -15132 -988 6837 5574 19680 END
START -4400 -15464 256 6656 7064 20430 END
START -5324 -18688 2460 10990 8313 22789 END
START -5156 -19812 4188 12332 7676 22901 END
START -5776 -22480 5548 4194 4954 22279 END
START -5760 -25976 4336 -2155 1974 20798 END
START -5592 -29916 4412 1935 -593 19842 END
START -4576 -32768 3412 5820 -4099 17583 END
START -3240 -32768 1564 1057 -6486 13059 END
START -968 -32768 -1860 -6457 -6974 5446 END
START -860 -32768 -4636 -7451 -4951 -61 END
START -684 -32768 -3976 -3828 -3547 -4004 END
START -1528 -31440 -3024 -2612 -3723 -7928 END
START -3028 -30476 -1236 -5457 -3624 -11764 END
START -4244 -28784 404 -6397 -2865 -15959 END
START -5172 -25564 820 -7124 -2684 -19413 END
START -4840 -22488 552 -9236 -3551 -21275 END
START -4660 -18640 -1580 -10548 -2117 -21598 END
START -4328 -16860 -1700 -11143 30 -21452 END
START -4248 -14944 -2260 -10987 1005 -20773 END
START -3876 -13748 -2360 -9810 1722 -19772 END
START -2812 -11768 -4456 -8551 4837 -18252 END
START -2916 -10448 -3956 -7919 8264 -16886 END
START -2396 -8288 -4024 -7174 9829 -14873 END
START -1980 -6196 -4644 -7106 11046 -11962 END
START -1464 -4280 -4028 -5238 13378 -8798 END
START -1576 -2780 -2568 -5229 14452 -5339 END
START -1708 -2376 -776 -5366 14258 -1917 END
START -2000 -3252 788 -3457 14444 2785 END
START -2456 -4524 2292 -132 14430 6276 END
START -1568 -4100 5460 138 12879 8831 END
START -1548 -4012 7928 -4419 10034 12184 END
START -968 -7796 12140 -2945 7324 15918 END
START -120 -11128 20464 4844 1982 20271 END
START 164 -19128 26660 12008 -7311 22063 END
START 2176 -30988 26096 18395 -17027 18970 END
START 4456 -32768 14260 17104 -25483 12916 END
START 5528 -32768 412 17730 -24114 1548 END