START 652 -27736 -2676 -1378 8044 5505 END
START 808 -29444 160 1400 7956 3626 END
START 2604 -32232 2148 408 6047 -1345 END
START 2360 -32768 3648 -4535 4894 -6280 END
START 1224 -32768 3836 -8399 4635 -11233 END
START 332 -29840 3680 -9133 4846 -14408 END
START -244 -25940 4060 -11508 4519 -16799 END
START -900 -22608 4352 -10515 4347 -18750 END
START -1672 -17888 4372 -9141 3983 -18174 END
START -1436 -14756 4568 -7072 3053 -17567 END
START -1756 -12464 4096 -6640 1728 -16476 END
START -1368 -11012 4288 -6579 1249 -15948 END
START -1588 -9056 5364 -4226 349 -15064 END
START -492 -6720 4500 -3208 -669 -12597 END
START 496 -5316 3812 -3739 -1613 -10273 END
START 1032 -4312 2612 -4343 -2495 -7888 END
START 1276 -3560 1220 -3470 -1961 -5761 END
START 1628 -3236 744 -2010 -2747 -3330 END
START 2220 -2904 596 51 -3921 -372 END
START 2064 -2944 564 3687 -4302 2980 END
START 2456 -4220 -136 3451 -5152 6623 END
START 2080 -6048 -800 3356 -4185 8843 END
START 2000 -7468 -904 3785 -2422 10911 END
START 1976 -8304 -460 3817 -1395 12820 END
START 1508 -9052 712 2799 -2014 14792 END
START 840 -11696 -488 2457 -3927 17563 END
START 268 -12756 -2436 6869 -1581 18715 END
START -684 -13036 -2220 5818 167 19867 END
START -1308 -15048 -1040 4167 2448 21036 END
START -2384 -17880 -228 4211 2811 21788 END
START -2864 -21368 -1268 8441 1693 21808 END
START -2700 -22424 -1316 10140 3528 20262 END
START -3032 -22608 -432 3430 4584 18905 END
START -3792 -28652 1024 1670 3693 17170 END
START -4324 -32576 1380 8072 1403 14572 END
START -3556 -32768 1624 10275 -1119 10779 END
START -2544 -32768 348 2219 -2170 4974 END
START -2084 -32768 -1540 -4253 -2543 -1375 END
START -1436 -32724 -3112 -5408 -2686 -6004 END
START -1644 -30584 -3028 -3570 -3062 -9804 END
START -2828 -29264 -2268 -3564 -3139 -12828 END
START -3464 -27444 -1340 -6881 -1601 -16486 END
START -3256 -24912 -160 -11327 -1573 -19185 END
START -2932 -21036 -1068 -13349 -1518 -19919 END
START -2696 -17780 -2208 -11115 266 -20218 END
START -2620 -15884 -1932 -10545 1783 -20011 END
START -3176 -14496 -1228 -8429 2606 -19680 END
START -2516 -12712 -2384 -8597 3654 -18312 END
START -2040 -11660 -2952 -8953 5685 -16968 END
START -1616 -9756 -3604 -9263 6608 -15323 END
START -372 -7592 -5204 -8130 8916 -13376 END
START 124 -5124 -5372 -7252 11380 -10638 END
START 500 -3976 -4448 -6141 12640 -7178 END
START 516 -2404 -3280 -3297 13999 -3345 END
START 56 -996 -2008 -3599 13235 613 END
START -108 -1896 -828 -3339 13972 4051 END
START -948 -1656 1292 -1883 13783 8050 END
START -2008 -3352 4308 769 10829 11459 END
START -1800 -4232 7216 4428 8395 15781 END
START -1424 -5216 10620 2368 5499 19607 END
START -2328 -9856 14712 4292 2792 22328 END
START -2844 -15376 19612 11549 -772 23505 END
START -228 -24004 25988 15526 -5326 22072 END
START 1236 -31324 25520 8438 -14575 17994 END
START 2024 -32768 13556 4609 -20589 12264 END
START 2864 -32768 -3016 6675 -22639 6281 END