START 272 -29308 748 -4860 5529 -1359 END
START 1036 -26660 44 -3595 4662 -2682 END
START 1704 -26352 -624 -5875 5325 -4373 END
START 976 -26972 1120 -6928 5429 -7463 END
START 436 -25432 1932 -7506 4503 -10047 END
START -140 -21884 2280 -8452 3914 -11519 END
START 504 -20548 3088 -10350 3459 -12466 END
START 644 -19036 3596 -9729 3003 -12694 END
START 748 -17192 3596 -8644 2332 -12687 END
START 560 -14788 2868 -8101 1461 -12656 END
START 256 -12824 3016 -8731 1495 -12092 END
START 460 -11244 3396 -8739 1501 -11329 END
START 296 -9116 3956 -8584 -347 -10183 END
START 1220 -7544 2560 -8336 -2201 -8866 END
START 2100 -6144 1048 -7000 -1755 -7144 END
START 2448 -5168 536 -5432 -1368 -5234 END
START 2440 -4028 20 -4454 -1955 -2653 END
START 2472 -3628 -300 -2674 -2580 -296 END
START 2388 -2924 -1180 -1566 -2961 2451 END
START 2496 -3104 -2084 -136 -3063 5210 END
START 1748 -3856 -2904 1797 -2553 8537 END
START 1576 -5140 -2660 4244 -1384 10904 END
START 476 -6720 -1964 4074 -798 12994 END
START -452 -8424 -296 3806 -1223 14267 END
START -1796 -11160 276 2856 -2455 16528 END
START -3324 -14456 832 5928 -3896 18546 END
START -4172 -15364 -8 6227 -3680 19701 END
START -5464 -17312 -2112 2066 -1492 19674 END
START -5272 -18372 -2648 -3039 50 18889 END
START -5232 -18932 -3044 -4334 577 17862 END
START -5888 -20080 -2200 -364 94 18222 END
START -6588 -23012 -2892 7022 -1642 18949 END
START -5844 -26788 -4268 13420 -2496 18126 END
START -4880 -28556 -3504 14647 -2048 15254 END
START -4396 -30988 -3340 9090 -2900 11463 END
START -3932 -32768 -3360 5171 -4278 6589 END
START -3012 -32768 -4780 3794 -5932 2411 END
START -2340 -32768 -6428 764 -5827 -2160 END
START -1892 -31360 -7884 -4913 -4784 -6564 END
START -2364 -29412 -7636 -6833 -3069 -10923 END
START -3096 -27268 -5880 -5749 -1998 -13753 END
START -3872 -24444 -5196 -7529 -1062 -16317 END
START -4060 -22296 -4148 -10312 100 -18102 END
START -4504 -19656 -3692 -10528 2052 -18603 END
START -4680 -17524 -3212 -11984 2890 -18343 END
START -4852 -15972 -4744 -13255 3691 -17950 END
START -4452 -15440 -5680 -12802 6539 -17184 END
START -3476 -14828 -4980 -9740 9301 -16935 END
START -3164 -12660 -5484 -7034 8844 -15977 END
START -1680 -10320 -6604 -6987 10343 -14062 END
START -1336 -8396 -5796 -7957 12608 -12400 END
START -1068 -6948 -3888 -6177 13359 -10370 END
START -240 -6028 -3004 -2005 12777 -6994 END
START -484 -5420 -1916 1395 12162 -4192 END
START 8 -4776 -1556 1493 11553 -1407 END
START 168 -4928 -1248 -254 12318 1354 END
START -204 -5008 792 -593 12197 3376 END
START -396 -4584 1524 -1440 11084 6193 END
START -436 -5184 2640 -1648 9594 9707 END
START -1252 -6800 3624 1966 7827 12867 END
START -916 -8744 5748 7478 5465 14783 END
START -260 -10284 7660 11083 2621 17159 END
START 672 -12868 9164 9923 -387 19502 END
START 1880 -20056 11672 9392 -4656 20252 END
START 3000 -28484 12132 13949 -10097 17708 END
START 2900 -32768 10716 11581 -15692 14016 END
START 2672 -32768 7068 5722 -19898 8533 END
START 2792 -32768 -1960 2313 -17307 1871 END