START 164 -24444 -3024 2662 3725 4697 END
START 1072 -25636 -3632 -4514 5497 3045 END
START 948 -27844 -3368 -12108 5955 1053 END
START 1068 -28072 -2884 -11255 4648 -700 END
START 724 -28544 -3124 -8878 3138 -1593 END
START 840 -28492 -2044 -5653 4418 -4717 END
START 520 -25412 -400 -8433 5651 -8525 END
START 32 -23528 972 -12767 4795 -11022 END
START -588 -21236 2004 -11474 4230 -12250 END
START -304 -18844 1868 -9219 3601 -12167 END
START -568 -16584 1432 -7503 4215 -13494 END
START -1016 -13904 2112 -8171 4753 -14382 END
START -1248 -11696 3256 -8784 3352 -13431 END
START -460 -9724 3396 -7675 1737 -12251 END
START 228 -7300 2288 -5861 953 -10858 END
START 908 -4848 1488 -5604 170 -8984 END
START 1368 -4260 1128 -5579 -590 -6779 END
START 1980 -2684 348 -4556 -1360 -4078 END
START 2392 -2504 -208 -3618 -2217 -1206 END
START 2296 -1704 -1048 -2856 -3517 1726 END
START 2556 -2228 -2536 -1565 -3913 5073 END
START 2296 -3108 -2720 3311 -3394 8375 END
START 1404 -3868 -3024 5543 -3843 11752 END
START -152 -6008 -2532 7704 -3013 13949 END
START -1924 -9316 -1232 9063 -2741 16553 END
START -3212 -12976 188 10126 -3824 17357 END
START -3748 -14648 -660 9675 -4880 19162 END
START -4284 -16808 -1948 8606 -4280 19458 END
START -4552 -17964 -2540 6855 -2266 19528 END
START -4124 -19208 -2908 4056 -1842 19200 END
START -4912 -21488 -3992 501 -3160 19577 END
START -5348 -25148 -5380 2792 -4159 18133 END
START -5560 -27808 -7356 10544 -3481 16371 END
START -4940 -29376 -6372 13159 -1212 13364 END
START -3292 -29772 -4728 6842 -676 10011 END
START -2156 -32108 -4844 -247 -2889 6622 END
START -1804 -32768 -7800 -198 -3879 2253 END
START -2144 -32768 -8276 2100 -3112 -2520 END
START -2368 -31424 -7252 2003 -2563 -7290 END
START -2908 -29444 -5708 -2371 -2143 -11269 END
START -3416 -27312 -4080 -7215 -1576 -14008 END
START -3732 -24520 -3312 -8931 -1150 -16505 END
START -3612 -21432 -4228 -10178 -617 -17705 END
START -3888 -19044 -4988 -10409 648 -18058 END
START -4116 -17908 -5012 -9977 2268 -18319 END
START -3728 -15912 -4340 -9435 3812 -18586 END
START -3100 -14228 -4452 -10248 4806 -17427 END
START -2792 -13220 -4932 -10033 5836 -16264 END
START -2172 -11164 -5136 -8205 6898 -14899 END
START -1528 -9060 -5440 -6515 8450 -13213 END
START -1280 -7416 -5124 -7246 9596 -10873 END
START -940 -7644 -3724 -6643 10363 -9303 END
START -176 -6612 -3896 -6152 10258 -7115 END
START 228 -6016 -5132 -5716 10884 -4047 END
START 400 -5296 -5664 -4721 13134 -2001 END
START 280 -3564 -5200 -5378 14456 504 END
START 196 -2548 -4448 -6924 14822 3829 END
START -460 -4456 -2328 -4006 15114 7543 END
START -1460 -3940 800 5191 15456 10176 END
START -380 -3444 4892 6724 13213 13375 END
START -760 -4704 8364 899 9590 17222 END
START -284 -12008 13828 3063 4556 20116 END
START -260 -21480 18096 15102 -4533 20564 END
START 460 -28940 18672 22020 -15784 19487 END
START 824 -32768 11608 9684 -21521 14249 END