START -172 -18340 -2668 1772 2689 3557 END
START -744 -18468 -4216 -795 5798 4146 END
START -968 -20372 -3980 -825 7983 3342 END
START -1612 -20416 -3308 535 7356 2510 END
START -644 -23768 -2024 -76 5897 1853 END
START 68 -24608 -1928 -1199 7492 -188 END
START 1164 -24832 -300 -5324 8220 -2183 END
START 1960 -24864 1340 -6138 6728 -3893 END
START 1704 -25268 1856 -6206 5574 -5244 END
START 1116 -23840 3248 -7127 5248 -7706 END
START 1080 -23224 4456 -9089 3953 -9182 END
START 588 -21776 4224 -10063 2859 -10511 END
START 544 -19696 3496 -9823 2208 -11293 END
START 972 -17736 2848 -9419 2070 -11448 END
START 972 -15692 2316 -9450 1810 -11412 END
START 632 -14016 3000 -8157 1114 -11408 END
START 912 -12532 2288 -6214 261 -10949 END
START 1444 -10912 1652 -6396 395 -9746 END
START 1412 -10320 1556 -6188 328 -8727 END
START 1348 -8656 1924 -5444 -742 -7726 END
START 1468 -7420 1388 -3897 -1647 -6098 END
START 1720 -5512 868 -3926 -1366 -3939 END
START 1972 -4488 1036 -4038 -1029 -1368 END
START 1604 -4684 1516 -2188 -2443 1123 END
START 1720 -4416 792 905 -4426 3710 END
START 1700 -4484 -832 2025 -4754 6798 END
START 1284 -5512 -1360 2757 -4019 9808 END
START 736 -6908 -1748 3626 -2245 12161 END
START 80 -8376 -312 2753 -1898 13876 END
START -1084 -9800 164 5370 -3001 15922 END
START -1704 -12136 -1316 8505 -3592 18128 END
START -2220 -13280 -2284 9795 -1690 19201 END
START -3132 -14828 -1268 7696 133 19936 END
START -3876 -17792 -12 5028 902 20414 END
START -4476 -22508 4 8401 -717 20545 END
START -3732 -26196 -1128 14292 -2415 19920 END
START -2844 -30176 -592 15344 -1961 17823 END
START -2528 -32768 908 6901 -2432 13528 END
START -2528 -32768 -240 312 -4573 8400 END
START -1764 -32768 -2548 -980 -5991 2677 END
START -812 -32768 -5084 -4683 -5553 -2851 END
START -1532 -31196 -5320 -7138 -4515 -7416 END
START -1680 -27892 -5540 -7730 -3440 -11166 END
START -2600 -25140 -4304 -7861 -1839 -13298 END
START -2632 -22664 -3132 -9006 -232 -15377 END
START -3156 -20780 -2712 -11239 797 -17005 END
START -3868 -19140 -3004 -10159 1209 -18069 END
START -3352 -16568 -4024 -9014 2312 -17635 END
START -2660 -15080 -3924 -9187 3897 -16865 END
START -2056 -13692 -3868 -7753 5317 -16017 END
START -1544 -12564 -3780 -7235 6288 -14691 END
START -1604 -11468 -3616 -6213 7297 -12878 END
START -1124 -10896 -3408 -5742 7171 -10890 END
START -304 -10372 -4008 -5038 7776 -9401 END
START 148 -9620 -3232 -5393 8963 -7700 END
START -232 -9992 -2824 -4831 8735 -5704 END
START 464 -9832 -4116 -3263 9143 -4298 END
START 960 -9140 -3716 -2869 10692 -2935 END
START 1124 -7972 -3192 -2975 11271 -1223 END
START 1524 -7512 -2368 -2568 10924 533 END
START 2092 -6096 -2316 -641 11559 3059 END
START 1772 -6156 -696 573 12365 5662 END
START 1304 -5664 1792 2358 11461 8171 END
START 1404 -6184 3640 3314 10463 11155 END
START 1312 -6812 5328 3690 9462 14073 END
START 888 -8128 6976 3608 7209 16652 END
START 1200 -11612 8936 8257 4674 18483 END
START 2536 -14784 11052 14793 2556 20518 END
START 1800 -18536 13140 19765 680 21485 END
START 1844 -25064 14288 19783 -4173 18637 END
START 1480 -31752 13472 15597 -7893 15700 END
START 1092 -32768 12612 6884 -10732 10083 END
START 1080 -32768 8576 1020 -14664 3564 END