START 1192 -14000 -3508 2936 3659 7907 END
START 1336 -15124 -4916 3222 7114 8391 END
START -408 -17344 -4724 6348 7673 7503 END
START -948 -22312 -5600 9406 9106 7050 END
START -696 -26968 -3884 6359 11595 4543 END
START -680 -28896 -1360 -905 11639 1085 END
START -1424 -32768 -140 -5141 9654 -2210 END
START -1476 -32768 2996 -5852 7165 -6209 END
START -2040 -32136 4504 -4260 4737 -9748 END
START -2408 -29476 6756 -2883 4646 -13738 END
START -2692 -25184 8044 -10443 3126 -16911 END
START -2960 -22212 8936 -11482 1832 -19530 END
START -3256 -18232 8616 -10452 -589 -20319 END
START -2704 -15188 7764 -9876 -1452 -20254 END
START -2628 -11468 7740 -10641 -2778 -19170 END
START -1640 -9232 6736 -9574 -2526 -17863 END
START -348 -6788 4772 -6885 -2980 -15643 END
START 232 -4636 3956 -6588 -3937 -13356 END
START 192 -3952 2956 -3651 -4793 -10452 END
START -460 -3852 4048 -187 -4642 -7205 END
START -284 -4112 3576 1009 -5061 -3855 END
START 500 -4472 3188 952 -6711 -1283 END
START 1364 -4080 312 1179 -6931 2179 END
START 2056 -4128 -1708 745 -6304 5109 END
START 1868 -4420 -3368 1346 -5228 8201 END
START 1620 -4304 -2936 4072 -3184 10841 END
START 1156 -4436 -2364 6017 -1405 13805 END
START -32 -5768 -1108 8540 -283 17165 END
START -1692 -7856 -560 11345 76 21715 END
START -3244 -12152 -408 11396 2477 23248 END
START -3568 -14576 -1096 7369 5174 23146 END
START -3816 -15396 -992 3650 7273 22527 END
START -5364 -18380 -960 4903 7258 24077 END
START -6796 -20960 2420 12334 7814 25217 END
START -7428 -25192 4036 10213 5361 25095 END
START -7700 -29984 3068 2131 2852 22156 END
START -7832 -32768 2696 926 1293 17727 END
START -6780 -32768 3548 4797 -1821 13185 END
START -5144 -32768 2304 2690 -5277 8366 END
START -3880 -32768 176 -3465 -6813 3150 END
START -3508 -32768 -1572 -5588 -6481 -3261 END
START -3364 -30656 -2808 -7721 -6771 -7846 END
START -4232 -29744 -1400 -7455 -6452 -11440 END
START -4816 -27864 732 -7370 -7309 -15180 END
START -4600 -24648 -136 -9468 -7973 -17742 END
START -4612 -20480 -2128 -13016 -6902 -19917 END
START -4668 -18864 -4048 -16092 -4692 -20252 END
START -4140 -18540 -5852 -12171 -1276 -19607 END
START -4500 -17152 -4864 -9447 777 -19716 END
START -4588 -15096 -3900 -9825 3288 -19041 END
START -4616 -13584 -3996 -10381 6450 -18111 END
START -4828 -11604 -3600 -10003 8529 -17061 END
START -3844 -9132 -3372 -8123 9993 -15027 END
START -2212 -6824 -3648 -7022 12247 -12368 END
START -2388 -4704 -3164 -7197 14649 -9417 END
START -2404 -4048 -2060 -5589 16104 -6739 END
START -2720 -2952 332 -2741 14681 -2682 END
START -2460 -3300 2320 943 13460 1213 END
START -1708 -4056 2428 836 13061 4077 END
START -924 -3616 1848 -374 11622 6342 END
START -1424 -5636 3260 -1733 10967 9215 END
START -1360 -6312 5564 2934 9237 13070 END
START -1452 -7552 6736 5248 6476 16867 END
START -1404 -11508 8184 6092 4941 19031 END
START 4 -15668 13028 6341 2212 19651 END
START 344 -22372 18820 9802 -3322 19540 END
START 2976 -32128 19200 15194 -11749 17257 END
START 3752 -32768 13584 11656 -19154 11189 END
START 3972 -32768 5864 3753 -22996 4987 END