START 5540 -11808 968 -1012 -823 2755 END
START 5856 -12356 296 1089 -63 5112 END
START 6304 -12432 -1084 1450 1104 6066 END
START 6124 -13204 -1772 1692 2240 7077 END
START 6980 -16476 -1536 1493 2895 7361 END
START 8428 -19668 -1280 2273 3629 7778 END
START 9980 -24264 -608 2479 4473 7352 END
START 11456 -28404 1708 383 5482 4873 END
START 10384 -30928 5396 -3527 5774 1017 END
START 8296 -32084 9856 -1956 3184 -2870 END
START 6296 -29912 10608 -2304 834 -5815 END
START 4420 -27404 11256 -5016 95 -10148 END
START 4624 -22656 10632 -7306 -1399 -13073 END
START 4516 -17960 8568 -9261 -3150 -14082 END
START 4356 -13832 6404 -10540 -4012 -14271 END
START 4272 -10644 4736 -9260 -5624 -12594 END
START 4896 -8524 2512 -6243 -5721 -10835 END
START 4632 -6648 876 -3027 -3809 -9896 END
START 4592 -5416 252 -3836 -3061 -8279 END
START 3812 -4492 260 -5383 -2664 -6859 END
START 3504 -4036 248 -6076 -2941 -4911 END
START 3104 -4056 680 -2989 -2890 -2913 END
START 3184 -3768 716 -1863 -3566 -539 END
START 3004 -3420 -656 -2490 -2866 1735 END
START 3612 -4520 -1116 -1857 -2141 3194 END
START 4140 -4856 -1788 -1242 -2194 5163 END
START 3580 -5548 -1344 -14 -1022 7102 END
START 2560 -5108 596 1513 528 8711 END
START 2108 -5548 1496 420 -371 11380 END
START 1396 -7580 1084 -1366 -1738 13795 END
START 1232 -9224 -292 3565 -1788 16226 END
START 1836 -10180 -868 6642 -1008 18257 END
START 2728 -13148 768 6367 -100 18946 END
START 2924 -17808 704 4676 -376 20092 END
START 4640 -23312 -44 4272 507 20092 END
START 5672 -26868 1760 4285 734 18598 END
START 6920 -31972 2044 3546 -2566 17244 END
START 8420 -32768 -368 3073 -2725 13463 END
START 7396 -32768 1360 -1722 -2147 7767 END
START 5768 -32768 752 -9849 -4795 3451 END
START 4812 -32768 -3504 -12965 -5473 -1238 END
START 4236 -32768 -5284 -10854 -3044 -6325 END
START 3972 -28408 -4532 -8772 -1637 -9882 END
START 3504 -23028 -4800 -8334 -485 -10839 END
START 2436 -23220 -4896 -9894 -263 -11495 END
START 2964 -22272 -4660 -7162 549 -13613 END
START 2616 -19836 -4808 -4877 681 -13949 END
START 2428 -18112 -4544 -5498 637 -14790 END
START 2440 -16428 -3292 -5234 2402 -15088 END
START 1684 -13872 -3356 -4531 4026 -14006 END
START 1100 -11876 -3572 -5677 5211 -13404 END
START 532 -10332 -3060 -5687 5394 -12470 END
START 948 -8836 -5056 -3531 6413 -10335 END
START 296 -6708 -7200 -2399 8288 -9904 END
START 1548 -5776 -7980 -2372 11731 -8909 END
START 976 -3768 -6484 -2181 13318 -7088 END
START 1028 -2528 -5504 149 14312 -4979 END
START 1760 -1228 -4020 605 14702 -2032 END
START 1440 -804 -2572 1147 14699 1423 END
START 1244 -2564 -644 1696 14260 3470 END
START 1328 -1732 1652 2778 12606 6647 END
START 1976 -2600 3820 1400 10832 10877 END
START 2316 -4848 6572 -775 9197 13294 END
START 2180 -7704 10616 -723 5407 15082 END
START 3128 -10104 12472 4563 1045 18263 END
START 5656 -14524 16020 5155 -2418 18383 END
START 8476 -20124 18232 3070 -7260 18305 END
START 7984 -25392 17556 3546 -13004 18903 END
START 7796 -32768 11940 4660 -17998 16001 END
START 7152 -32768 6708 9481 -18793 7740 END
START 6188 -32768 -2232 4295 -16757 2193 END
START 4348 -32768 -4672 -2624 -11902 -6688 END
START 3760 -30660 -4568 -1227 -11547 -10730 END
START 4032 -23224 -8948 665 -10432 -11824 END
START 3172 -17452 -10164 -2058 -6611 -14155 END
START 2316 -13324 -8412 -5672 -5661 -14938 END