START -1832 -23124 -3576 6651 10639 9772 END
START -2348 -23496 -2352 5638 10963 8291 END
START -1200 -25488 -1352 4098 10119 7028 END
START -1304 -28704 1016 976 10468 5904 END
START -1576 -31264 2624 -2910 8503 2649 END
START -896 -32768 4172 -6339 7077 -1470 END
START 340 -32768 5076 -9814 5021 -5593 END
START 924 -31084 4152 -12556 3529 -8675 END
START 1024 -28984 3948 -12038 4084 -11749 END
START -132 -24444 4472 -12461 4026 -14742 END
START -120 -21612 5332 -13101 3332 -16343 END
START -508 -18064 5068 -12896 2209 -16980 END
START -64 -15668 4720 -11169 1314 -17061 END
START 312 -12728 3808 -9783 777 -16269 END
START 892 -10856 2448 -11175 156 -14458 END
START 1560 -9564 2012 -10731 178 -13470 END
START 2140 -8408 1328 -9772 -19 -12317 END
START 2132 -7124 1340 -6231 -891 -10851 END
START 2228 -5252 588 -3890 -2034 -7803 END
START 2268 -5620 16 -2854 -2033 -5679 END
START 2132 -5196 652 -2338 -1738 -4077 END
START 1432 -6208 1944 953 -2490 -2197 END
START 1052 -4904 2264 2535 -3764 258 END
START 1600 -4836 1536 1258 -4827 2707 END
START 1596 -4856 876 443 -5512 4628 END
START 1436 -5364 56 2264 -5527 6553 END
START 1788 -5268 -268 4846 -5221 9205 END
START 832 -5496 -376 6304 -5442 11826 END
START -48 -7608 -1276 6833 -5211 14948 END
START -376 -11152 -2488 7365 -3805 16123 END
START -1104 -12800 -2612 11276 -2359 16725 END
START -1352 -12680 -1616 15591 -1071 17662 END
START -2052 -13116 -856 14469 380 18997 END
START -4672 -16052 -1412 9852 2635 20796 END
START -4776 -19368 -720 8902 4786 22504 END
START -3972 -21008 20 10076 5464 21589 END
START -4896 -27732 2116 13059 3448 22491 END
START -3800 -32700 1156 16538 2403 21014 END
START -2960 -32768 776 9737 1522 15601 END
START -3532 -32768 1508 3611 -392 9706 END
START -2992 -32768 1608 2451 -3601 3349 END
START -1848 -32768 -1852 -3031 -5933 -2167 END
START -1688 -32768 -4456 -6344 -5020 -7127 END
START -2084 -31104 -4596 -8320 -3767 -11664 END
START -3420 -29268 -2688 -4798 -2242 -15202 END
START -4236 -24540 236 -6268 -2529 -18366 END
START -3884 -21036 36 -14193 -2722 -19763 END
START -4028 -19224 -384 -14606 -1059 -20593 END
START -3500 -16132 -688 -12856 331 -19882 END
START -3204 -13712 -1608 -12153 1127 -19124 END
START -2596 -12320 -2140 -11747 2165 -17463 END
START -1936 -10528 -2484 -10881 4114 -15692 END
START -2452 -9872 -2284 -8749 5658 -13414 END
START -1468 -9128 -1884 -6678 6192 -11950 END
START -1040 -8060 -2676 -6101 7671 -9969 END
START 668 -6524 -3812 -6281 9286 -7364 END
START 116 -6504 -2664 -4397 10763 -5672 END
START 108 -6304 -3380 -1437 11895 -3157 END
START 364 -6264 -3640 341 13011 -107 END
START 304 -6560 -2724 1691 14890 1657 END
START 216 -5060 -1064 993 15884 4365 END
START 464 -4896 -452 -2484 16068 7323 END
START -240 -5500 1728 -4951 16097 10542 END
START -752 -8416 6056 -789 14015 13753 END
START -496 -9456 10532 8403 9642 16721 END
START 104 -11024 13240 12332 5200 19425 END
START -204 -16004 17080 9519 1946 20551 END
START 388 -23780 21052 10021 -4418 18884 END
START 2224 -29644 18952 12671 -12892 15578 END
START 3140 -32768 12508 13754 -18602 10758 END
START 3464 -32768 4476 10028 -21277 6158 END
START 2924 -32768 -880 3607 -20627 1649 END