START 2188 -15020 -5852 5823 3206 10217 END
START 2188 -19048 -7292 916 5072 11432 END
START 2636 -23764 -8060 503 8244 9269 END
START 3548 -27208 -5832 -540 9520 7258 END
START 4712 -30608 -2372 -1907 10975 4097 END
START 5192 -31832 2260 -3905 11007 1109 END
START 5072 -30700 6708 -1003 8651 -2324 END
START 4396 -28596 8556 -4035 6770 -5349 END
START 3972 -26580 10064 -9346 5281 -7848 END
START 2852 -24248 8960 -9688 2868 -10035 END
START 2284 -20648 6932 -9540 669 -12590 END
START 3044 -16096 4940 -9918 -608 -13847 END
START 3272 -12780 3100 -10607 -1259 -13146 END
START 3492 -10056 820 -8419 -2222 -12104 END
START 4216 -7504 -524 -7340 -2179 -10924 END
START 4172 -5008 -884 -5219 -1712 -9417 END
START 4192 -3444 -592 -5072 -2156 -7598 END
START 3476 -2164 -420 -4380 -2997 -5154 END
START 3576 -1508 -1260 -3360 -3457 -2688 END
START 2760 -1736 -1884 -1088 -3079 -359 END
START 2572 -2468 -2476 -749 -3370 1970 END
START 2572 -3124 -2944 -534 -2918 4099 END
START 2984 -3364 -3332 31 -2312 6034 END
START 3332 -4396 -4320 686 -2130 8162 END
START 1728 -4896 -4652 1734 -965 10455 END
START 116 -7028 -4204 2757 760 12443 END
START -884 -8680 -1244 6953 616 13617 END
START -728 -9360 228 10418 -236 14971 END
START -768 -10724 -852 9287 -1021 17881 END
START -1268 -14516 -2316 7968 190 19215 END
START -1660 -18872 -2396 11457 1774 19118 END
START -428 -21116 -608 17183 1069 19086 END
START 772 -25400 -100 16574 -371 20114 END
START 988 -28888 1072 13808 854 18680 END
START 412 -31636 5588 10195 935 15761 END
START 1372 -32768 7584 5340 -3648 13585 END
START 1204 -32768 3736 -1602 -6923 11236 END
START 300 -32768 -1252 -4495 -5737 4615 END
START 24 -32768 -4444 -5953 -3947 -1946 END
START 364 -32768 -3604 -6913 -2296 -7940 END
START -112 -31224 -2836 -9163 -1501 -11526 END
START -880 -27848 -1540 -10937 -1279 -13719 END
START -1544 -24888 -1024 -10593 -1644 -15155 END
START -1272 -21624 -704 -11188 -2024 -15826 END
START -1292 -19336 -740 -12585 -1410 -15799 END
START -724 -18116 -1624 -13781 -691 -15371 END
START -280 -16664 -2004 -12422 87 -15084 END
START 236 -14732 -1152 -11055 923 -15196 END
START -40 -12524 -2104 -9816 -14 -14127 END
START 296 -10684 -3640 -9432 581 -12197 END
START 1688 -9360 -4400 -8906 3958 -11749 END
START 1480 -9316 -3592 -10465 4691 -10309 END
START 1860 -8964 -3892 -6493 3117 -9417 END
START 2416 -8776 -7012 -4460 3557 -8094 END
START 816 -8452 -9784 -4020 7743 -7916 END
START 472 -6844 -10416 -5007 12147 -7858 END
START 360 -3308 -9640 -3910 14601 -6296 END
START 604 -768 -8692 -1379 16847 -2968 END
START 1072 2048 -7424 -2314 19229 1294 END
START -28 612 -3668 2300 18946 4537 END
START -128 2824 1672 9436 15784 7877 END
START 1308 1664 5700 7520 11880 12558 END
START 1972 -2892 7476 1058 9890 16242 END
START 2448 -9168 11476 329 5125 17945 END
START 3436 -16096 16336 10288 -3019 17854 END
START 6284 -19172 18752 9871 -8984 18799 END
START 6412 -27976 16160 -1855 -13584 17917 END
START 6024 -32768 8940 3743 -17976 11393 END
START 7400 -32768 1344 7023 -20120 3689 END
START 6920 -32768 -7064 1698 -17290 480 END
START 4068 -32768 -10860 -938 -12504 -6392 END