START 3580 -15852 15056 7872 -3479 -5371 END
START 2180 -13784 14992 342 -6349 -6638 END
START 2852 -12736 12792 -2887 -8343 -7431 END
START 3452 -10632 9524 -3292 -11213 -6379 END
START 3728 -8728 6696 981 -11856 -4457 END
START 3740 -7352 4660 1593 -11417 -1845 END
START 2304 -7616 4852 2175 -10501 -226 END
START 1536 -7264 5868 1331 -10532 1626 END
START -88 -7384 7332 1956 -12053 4549 END
START -588 -7732 6204 2321 -14938 7045 END
START -68 -9424 752 267 -16163 7269 END
START 748 -9516 -1632 -1779 -14360 7559 END
START 196 -9080 -1956 -445 -11739 9673 END
START -384 -9580 -816 2916 -11067 12666 END
START -328 -10676 -636 4879 -11958 15362 END
START -36 -12560 -4208 2390 -9910 16058 END
START 264 -14100 -5288 -1769 -6076 15955 END
START -832 -14820 -4496 -163 -4675 16893 END
START -2172 -18056 -4500 4943 -3788 19209 END
START -2736 -20972 -5820 5600 -756 19088 END
START -3396 -21432 -5700 -479 2373 15967 END
START -3036 -21104 -5024 -2802 4756 13819 END
START -2776 -21528 -3496 -214 5421 15139 END
START -3420 -24412 -3352 4367 5437 15297 END
START -3664 -26940 -3188 2066 8581 12113 END
START -3860 -28420 -1404 -2000 9685 7891 END
START -2672 -28956 -144 -1676 9940 4515 END
START -1360 -27968 1092 1008 9995 2373 END
START -624 -27100 2692 2355 10521 -728 END
START -136 -25956 4232 -111 10119 -4063 END
START 388 -25076 4272 -2821 9364 -6825 END
START 684 -24052 2952 -2779 9410 -9135 END
START 800 -22620 3060 -2432 9017 -11275 END
START 196 -20752 4828 -1041 7621 -11960 END
START -160 -19284 6536 -451 6425 -12110 END
START -508 -18608 6728 -2233 4804 -12943 END
START -764 -18036 6440 -3588 2883 -12613 END
START -788 -16360 5692 -2898 877 -11363 END
START -1124 -16720 5420 -543 198 -10869 END
START -1260 -16968 5856 -556 250 -11254 END
START -1616 -16740 6764 -3886 -1571 -11920 END
START -644 -14808 6900 -2405 -3658 -11866 END
START -40 -12836 6660 -1295 -5658 -10523 END
START 24 -11680 6064 -1005 -6270 -9526 END
START -180 -10480 6480 -1302 -7637 -8278 END
START -284 -9592 6056 233 -9741 -6730 END
START -844 -8824 5548 1653 -11938 -4454 END
START -988 -8792 3348 1059 -13167 -2776 END
START 152 -9524 -432 -547 -12728 -2007 END
START 1516 -11932 -5428 -587 -11954 -629 END
START 3220 -13048 -10468 343 -9851 274 END
START 4632 -15528 -13444 2072 -4980 -367 END
START 5696 -15400 -12968 1025 -364 -922 END
START 5708 -16428 -12316 353 2702 -426 END
START 5992 -16704 -10628 1492 5775 56 END
START 4940 -16988 -7300 -85 7246 373 END
START 3560 -16456 -3632 60 7519 1255 END
START 2632 -16368 -460 369 8619 482 END
START 1340 -15320 3316 -1355 7555 311 END
START 812 -13592 5708 -146 5699 307 END
START 408 -11296 5608 531 4499 718 END
START 596 -7968 6380 707 3694 1492 END
START 620 -6928 5932 -884 2090 4095 END
START 1036 -6176 4828 1990 993 6577 END
START 784 -5896 3712 2805 241 9512 END
START 32 -6916 2688 2813 279 11798 END
START -684 -8240 1548 2849 785 13920 END
START -1884 -9432 628 4546 1121 15777 END
START -2896 -11096 1484 6014 1241 18659 END
START -4604 -13184 2664 5545 1585 20914 END
START -5076 -14940 2740 2882 2317 21059 END
START -4636 -16472 1224 -2481 2875 21757 END
START -5656 -18548 -56 -145 2858 23389 END
START -6640 -24428 1236 4728 1964 25427 END
START -7360 -30280 3316 3852 2472 22312 END
START -7192 -32768 4452 -2684 1083 16286 END
START -5644 -32768 3308 -4191 -1331 9988 END
START -2796 -32768 1688 -1862 -2417 3570 END
START -832 -32768 1484 -2063 -2441 -2710 END
START -1300 -31720 2376 -3635 -2734 -7992 END
START -2548 -28504 3788 -4979 -3568 -12920 END
START -3736 -24788 5888 -4965 -5708 -15595 END
START -4236 -20988 6444 -4885 -8339 -16694 END
START -5276 -18868 5428 -6338 -9177 -18148 END
START -5228 -15444 4852 -7114 -9196 -19049 END
START -4584 -12408 3416 -7570 -10756 -17718 END
START -4144 -9412 2584 -5605 -11489 -14626 END
START -4112 -8620 -392 -2519 -9683 -11493 END
START -3488 -7620 -1588 -1282 -8027 -9077 END
START -2612 -8144 -4380 -1311 -6123 -6489 END
START -1456 -8784 -7636 -1414 -2986 -4337 END
START -1256 -9164 -11124 -251 2251 -2709 END
START -1468 -11484 -13328 1460 7740 -2005 END
START -1104 -12304 -14176 1596 12699 -1084 END
START -1520 -13400 -14824 3227 17962 1045 END
START -3604 -14108 -12192 5753 23650 1843 END
START -4584 -15764 -8544 5805 25556 1606 END
START -4772 -16844 -6352 3278 27571 -238 END
START -3620 -16760 -1260 -415 28598 -2937 END
START -3280 -18432 4056 -3922 26701 -2407 END