START 8832 -13816 9968 3282 3376 -2333 END
START 7620 -12916 13904 5444 1160 -1993 END
START 6016 -11524 16692 2458 -1924 -1990 END
START 4220 -8508 16192 520 -5714 -1587 END
START 3468 -7152 13516 -901 -9429 989 END
START 2820 -5628 9540 -883 -13404 4435 END
START 2720 -6580 2984 -407 -15014 6897 END
START 2228 -6724 -1320 -458 -13915 8439 END
START 316 -6052 -2376 -271 -12356 9932 END
START 892 -8324 -3332 -2695 -12413 12121 END
START 1284 -10096 -4752 281 -11352 14246 END
START 748 -12068 -6000 2823 -9165 15584 END
START 412 -13964 -6548 3562 -6343 16298 END
START 44 -15748 -6780 3412 -3562 16402 END
START -632 -17768 -7480 4649 -1585 16797 END
START -1228 -18860 -6700 6781 1028 16769 END
START -1528 -20064 -4276 5909 3961 15737 END
START -2128 -19708 -3108 2412 5711 15083 END
START -2704 -21908 -1676 3740 5893 14873 END
START -2120 -21872 -3232 2997 6161 14257 END
START -2676 -22892 -2812 2224 7467 12802 END
START -2268 -23544 -2432 1289 8715 11222 END
START -1692 -25260 -1820 2433 10077 9749 END
START -540 -27160 -976 3972 11002 8233 END
START 120 -28464 1688 760 12283 4176 END
START 980 -30092 6592 -1527 11950 457 END
START 1604 -30428 9676 -2214 9557 -3333 END
START 2076 -29104 11016 -3286 6589 -6588 END
START 1676 -27372 9904 -5539 4094 -10537 END
START 1452 -24684 7388 -6133 2404 -13474 END
START 556 -22840 5084 -5149 1742 -15363 END
START -380 -20420 5144 -3324 1009 -16458 END
START -1256 -18716 5576 -1895 -731 -16861 END
START -1348 -17160 4920 -2313 -1893 -16623 END
START -1580 -16372 4148 -3435 -2256 -16377 END
START -928 -15408 4156 -2822 -2761 -16718 END
START -1124 -13864 5712 -985 -5089 -15899 END
START 8 -12436 3052 -1496 -6033 -13713 END
START 392 -10900 840 -3491 -4560 -14041 END
START 896 -9040 -744 -4426 -3545 -12461 END
START 1728 -6724 -1484 -2488 -4192 -10289 END
START 2476 -6580 -2600 1241 -4239 -7546 END
START 3732 -5420 -4340 455 -2381 -4778 END
START 4452 -6416 -2444 -1021 -474 -3241 END
START 4368 -7232 -1124 704 -1379 -659 END
START 5472 -9560 -3104 2340 -861 2452 END
START 6472 -11232 -2980 1672 230 3533 END
START 6836 -13056 -1880 870 360 3818 END
START 6820 -14284 -1160 1024 344 4810 END
START 6728 -17076 -1128 2195 1407 5335 END
START 7060 -19292 -1320 766 2382 4088 END
START 7284 -19796 -724 -728 2226 2198 END
START 6880 -18700 -152 267 1037 1463 END
START 7160 -17812 -1324 -366 1795 1102 END
START 6476 -17132 -1740 -2751 3053 61 END
START 6116 -16104 -872 -2423 3072 -601 END
START 5108 -14580 492 -19 1781 400 END
START 4704 -14528 1024 1316 1835 1123 END
START 3716 -14188 1976 -805 2272 661 END
START 3664 -13344 2696 -952 1197 883 END
START 3524 -12212 2836 1621 -152 2444 END
START 3668 -12212 2596 2294 -572 3509 END
START 3592 -11532 2616 1250 -805 4174 END
START 3012 -11568 2664 1249 -1545 4989 END
START 2680 -11872 2640 3234 -1746 6357 END
START 2144 -11852 2420 3936 -1701 7755 END
START 1376 -12112 2460 3591 -1786 8659 END
START 488 -11524 2904 4189 -2257 10394 END
START 224 -11492 2816 3747 -2607 12069 END
START 40 -12016 2008 3287 -2835 13942 END
START -744 -12912 1524 3517 -2779 15263 END
START -1824 -13320 1624 4025 -2910 16571 END
START -936 -16144 -56 1381 -4085 18536 END
START -180 -19396 -4164 856 -3263 18934 END
START 52 -23828 -5272 596 -389 17555 END
START -216 -28184 -3764 3801 1216 15802 END
START -976 -32768 112 1358 1838 10739 END
START -1116 -32768 4348 -6175 1825 2743 END
START 360 -32768 6260 -9623 -418 -4219 END
START 1020 -30068 5352 -6018 -3909 -7574 END
START 1244 -25432 4276 -6936 -5718 -10915 END
START 424 -21760 4876 -9310 -7952 -13435 END
START -1152 -18492 5156 -7162 -11337 -13184 END
START -1464 -15724 4024 -4037 -13430 -11971 END
START -1996 -12016 2332 -5537 -13347 -10891 END
START -2972 -9868 1388 -7405 -13909 -8847 END
START -2928 -9560 -568 -3986 -13627 -6547 END
START -2732 -8348 -2660 -3215 -12456 -3950 END
START -2052 -9656 -5816 -2919 -10271 -1817 END
START -1252 -10516 -8652 -2053 -7565 282 END
START -788 -12588 -12272 -696 -4052 1908 END
START 104 -15536 -16700 1473 1601 1902 END
START 572 -17000 -19396 -752 8680 554 END
START 832 -19004 -21668 -1224 15733 -721 END
START 136 -19692 -22640 668 23483 -1915 END
START -2232 -20136 -20000 2795 31152 -3482 END
START -5648 -19140 -13204 2826 32767 -6084 END
START -8412 -17568 -7516 -1499 32767 -7464 END
START -9628 -16892 528 766 32767 -6442 END
START -8104 -14604 7576 4626 32767 -5353 END
START -7380 -14916 14208 1065 30627 -5143 END
START -6800 -17288 20636 -2712 23051 -5557 END
START -4212 -18404 21888 -1605 14584 -5851 END
START -528 -18168 19208 -3450 9030 -8613 END