START 5604 -17252 10032 7478 5060 -3081 END
START 4332 -16884 14108 2947 2961 -5124 END
START 3420 -15392 15492 -364 -341 -5536 END
START 3284 -12256 14444 -997 -4523 -5231 END
START 3188 -10088 11812 -729 -8362 -3759 END
START 3456 -7856 7872 -618 -10750 -2062 END
START 3728 -7184 3860 -667 -11140 -97 END
START 3236 -7888 1260 11 -10374 1952 END
START 2064 -7784 796 1088 -9939 4434 END
START 1816 -7728 1232 616 -10168 6669 END
START 1304 -7972 2048 -216 -10314 8211 END
START 80 -8992 2092 145 -11504 10133 END
START 392 -11224 -624 670 -11961 12297 END
START 888 -12252 -2872 665 -10020 12924 END
START 252 -13308 -2604 1384 -8158 13224 END
START 112 -14632 -4216 2010 -7039 14348 END
START -420 -15920 -4788 2473 -5260 14560 END
START -588 -16616 -4972 2400 -2772 14954 END
START -1328 -17280 -4440 3138 -477 14851 END
START -1712 -18580 -4736 4702 1173 15670 END
START -1772 -19612 -5024 4387 3044 15282 END
START -2136 -21636 -4372 4252 4622 14071 END
START -2708 -22792 -3992 5426 6387 12872 END
START -2192 -23592 -3072 5706 8383 11918 END
START -1144 -24612 -1332 3018 9844 9686 END
START -748 -26788 1188 2029 10302 7638 END
START -228 -28408 3408 2372 9571 5098 END
START 220 -29432 6488 -414 8406 1119 END
START 348 -29144 7972 -5646 6501 -2853 END
START 684 -28544 7028 -7282 5278 -6624 END
START 1112 -26400 6732 -6754 3163 -9462 END
START 880 -24936 4728 -6700 1694 -11623 END
START 372 -22940 3064 -7418 2184 -13772 END
START -356 -21872 2288 -6670 2577 -15009 END
START -1040 -20388 1704 -5368 2509 -15601 END
START -1156 -19776 1148 -4016 2527 -16346 END
START -1620 -18188 2164 -2664 1877 -16494 END
START -1400 -16968 1952 -2242 1849 -16589 END
START -1716 -15200 2536 -3283 1603 -16566 END
START -1464 -12876 2848 -3493 994 -15940 END
START -1140 -10200 3208 -2148 -79 -14477 END
START -260 -7436 2396 -2005 -704 -11994 END
START 428 -5744 1252 -2935 -564 -9872 END
START 744 -3996 908 -3745 -654 -7499 END
START 804 -2392 632 -1557 -978 -4221 END
START 1096 -1380 856 1053 -928 -418 END
START 1020 -1664 1552 1123 -922 3420 END
START 640 -3424 2288 1036 -2019 6597 END
START 180 -5440 1192 1378 -2834 9692 END
START 536 -7952 -872 1581 -2102 12084 END
START 908 -10432 -1844 2814 -689 14050 END
START -736 -12432 -164 5870 217 15872 END
START -1524 -13796 1560 8159 -368 17088 END
START -2148 -14260 2896 7334 -83 17994 END
START -2716 -14372 3064 4808 -153 18832 END
START -2588 -17540 888 4219 -1190 20447 END
START -2480 -19616 -1060 6571 -1007 21325 END
START -3048 -22056 348 5495 715 20144 END
START -3288 -24400 1960 2828 386 18653 END
START -2124 -29980 -1088 408 142 16398 END
START -1524 -32768 -712 3345 312 12703 END
START -632 -32768 1292 2273 241 7452 END
START -72 -32768 2732 -1124 -715 1877 END
START 460 -32500 3100 -4420 -1547 -3601 END
START 352 -29780 3520 -6908 -2692 -8610 END
START -396 -27124 3992 -5494 -3770 -11624 END
START -1392 -24568 5096 -6132 -4968 -14073 END
START -2532 -21528 5704 -6471 -6823 -15798 END
START -2840 -18788 5720 -5259 -8335 -16419 END
START -3212 -14908 5140 -4899 -9291 -16203 END
START -3224 -11948 4620 -5404 -10043 -15364 END
START -2916 -10140 2708 -5290 -10655 -13347 END
START -2732 -9332 644 -3295 -11332 -10429 END
START -1764 -8336 -2232 -2778 -9906 -7959 END
START -1748 -8656 -4188 -2481 -8717 -5502 END
START -1392 -8940 -6600 -1853 -7183 -3005 END
START -604 -9600 -8752 -1914 -4138 -1039 END
START -884 -11512 -9876 -1031 60 208 END
START -1224 -12896 -10460 -322 3868 1416 END
START -952 -13972 -10268 1528 7071 1971 END
START -800 -15336 -11676 2488 10870 2270 END
START -1288 -17868 -13528 1864 15603 1605 END
START -1508 -19284 -13612 2382 20386 234 END
START -1928 -18400 -11164 3267 24990 -976 END
START -1528 -14820 -7612 1255 29085 -1589 END
START -12 -11164 -4624 -6184 32767 -1690 END
START -728 -13256 6072 -6028 32767 -102 END