START 5788 -12240 11652 -2016 1657 -5252 END
START 4188 -10220 11860 -897 -1245 -3836 END
START 3968 -7784 12252 265 -3446 -2304 END
START 2512 -6424 12420 -2963 -6454 -555 END
START 552 -4796 10456 -5694 -9488 1416 END
START -916 -5848 7776 -3500 -11606 3849 END
START -1044 -5420 3628 -1176 -13081 6455 END
START -1876 -6100 -80 -1122 -12951 9261 END
START -2572 -8260 -2232 923 -11723 11806 END
START -3168 -9876 -3956 3070 -10693 14395 END
START -3004 -12108 -6856 5933 -9754 16541 END
START -2484 -14452 -9104 7100 -6508 17565 END
START -2504 -16332 -8504 7131 -2846 18661 END
START -3168 -18424 -6360 7168 -665 19362 END
START -2780 -22100 -6900 5906 374 19332 END
START -2764 -24704 -8652 2749 3118 17690 END
START -1912 -25912 -8964 625 6066 15396 END
START -760 -28264 -8104 254 8876 13595 END
START -544 -30080 -6404 -826 10899 10488 END
START -1416 -31608 -4756 -882 12076 7164 END
START -876 -31052 -3000 -2222 13326 2952 END
START -396 -30380 1496 -1640 14013 -635 END
START -300 -28968 4800 -2020 12098 -3358 END
START -600 -28692 6052 -2480 11064 -6868 END
START -540 -26588 7380 -5006 10155 -10669 END
START -728 -23900 7856 -6676 7783 -13012 END
START 136 -21376 7240 -5983 5211 -13872 END
START -84 -19544 6076 -4518 4385 -14708 END
START -268 -17508 5868 -3120 4059 -14714 END
START -696 -16308 7092 -2790 1623 -14794 END
START -520 -14652 6204 182 -605 -13819 END
START 460 -14852 4616 -101 -1820 -12659 END
START -152 -14508 5672 -969 -2450 -12665 END
START -740 -14260 7420 -1086 -4826 -12224 END
START -712 -14316 6224 34 -7230 -12021 END
START -556 -10576 3848 -195 -8224 -11370 END
START 236 -8264 -868 -2618 -7604 -9550 END
START 2212 -7240 -4008 -121 -6686 -7394 END
START 4488 -7464 -9304 2012 -5262 -4973 END
START 5788 -8156 -13372 2564 -1783 -3514 END
START 5204 -9324 -12636 3287 2546 -2260 END
START 3964 -9772 -8656 4275 6121 -1670 END
START 2804 -10156 -2936 4242 6638 -471 END
START 1652 -10384 1376 4686 5148 1634 END
START 604 -10900 4792 3391 3119 2939 END
START 380 -9928 5220 459 2484 3596 END
START 148 -9128 6964 -813 391 4856 END
START 980 -8264 5436 1173 -3070 8113 END
START 1864 -9112 1200 1762 -3836 9858 END
START 1640 -8848 -868 991 -2202 11531 END
START 828 -9568 64 646 -918 13183 END
START -988 -11636 988 2769 -1482 14870 END
START -968 -12808 356 4247 -2482 17033 END
START -896 -14452 -1436 5421 -638 18837 END
START -1556 -15144 -1608 4441 896 19830 END
START -2264 -19184 -1896 2332 1479 20089 END
START -3300 -22324 -508 2309 1674 20034 END
START -3580 -24456 2344 4721 1241 19949 END
START -2612 -28236 632 2074 -16 18437 END
START -2420 -31548 -2272 -2896 392 14182 END
START -1652 -32768 -2420 -2648 1274 9059 END
START -932 -32768 -888 1254 720 5292 END
START 52 -32768 916 2810 -127 251 END
START -92 -32768 1168 -2183 775 -6496 END
START -388 -29148 2680 -7616 1989 -11782 END
START -2116 -25596 6172 -5708 356 -14733 END
START -2636 -22800 7620 -2510 -3380 -15661 END
START -2948 -20292 7692 -2590 -5388 -17538 END
START -3304 -16404 7180 -6851 -6778 -18552 END
START -3408 -14128 6760 -7229 -8357 -18345 END
START -2744 -11476 6308 -3750 -11561 -15521 END
START -2244 -9672 4412 -899 -13214 -12500 END
START -1632 -8100 2332 -3111 -13240 -10212 END
START -1564 -7264 944 -4683 -12181 -8488 END
START -1264 -7040 -1804 -2370 -11606 -5725 END
START -340 -7660 -4652 -1121 -10496 -2297 END
START 576 -8824 -7100 537 -7627 -190 END
START 692 -11060 -8820 1482 -3796 877 END
START 968 -12184 -9444 1757 -1479 1694 END
START 1616 -13608 -10200 1569 1483 2783 END
START 1544 -15096 -9908 2928 4823 3218 END
START 804 -17436 -10024 3479 7693 3150 END
START 736 -19504 -10224 2384 10127 2651 END
START 1168 -21348 -12532 847 13808 1212 END
START 844 -22060 -13816 118 18128 -957 END
START 436 -20456 -12148 256 22395 -2405 END
START -228 -19236 -8980 566 26226 -3600 END
START -1080 -17328 -3812 -61 28386 -4160 END
START -3420 -17840 4728 1067 27105 -3763 END
START -3192 -17340 9848 -531 23157 -3791 END
START -3264 -17840 16684 -2652 18885 -4129 END
START -1860 -19140 19252 -3195 14575 -5272 END
START -4 -18276 18624 -1870 10251 -6035 END