START 4768 -11124 8904 2881 -3021 -837 END
START 4084 -10328 10132 3443 -6277 1172 END
START 2920 -9608 9480 955 -9342 2018 END
START 2272 -8852 7144 385 -10481 2805 END
START 1836 -7504 4208 2012 -12083 4761 END
START 676 -7680 1484 2815 -12913 6649 END
START -280 -8144 -88 1974 -11739 8534 END
START -1620 -8312 -880 -92 -11619 10211 END
START -2168 -8424 -2700 -977 -12073 12401 END
START -1900 -10008 -6108 1721 -11917 15891 END
START -1204 -11776 -9848 3731 -9449 18373 END
START -384 -14008 -11224 4179 -5334 19588 END
START -576 -17680 -11816 4030 -2516 20390 END
START -736 -21292 -12364 4603 1271 19480 END
START -1028 -23580 -11712 3914 5448 18811 END
START -372 -24860 -9428 903 8548 16706 END
START -76 -25956 -6812 -1641 10593 14624 END
START -932 -26196 -5752 -1088 11117 12622 END
START -1676 -26856 -4644 -920 11767 10380 END
START -1576 -27128 -3736 -2082 13901 7138 END
START -1100 -27644 -1648 -2412 14307 3947 END
START 88 -27312 92 -1309 13508 1397 END
START 520 -27788 764 -2452 12652 -1102 END
START -272 -29140 3456 -2947 12518 -4529 END
START -1360 -29236 6560 -2068 11037 -8522 END
START -1028 -27536 8936 -3318 8063 -11846 END
START -1268 -25124 8292 -4804 4845 -14486 END
START -1404 -21964 6832 -4187 2251 -16017 END
START -1152 -19052 5352 -3085 538 -16570 END
START -296 -17124 3680 -3721 -1394 -16508 END
START 48 -15776 1840 -2939 -2426 -16248 END
START -44 -14832 860 -837 -2929 -15949 END
START 860 -14156 1148 1184 -4130 -15231 END
START 164 -14196 2336 2584 -5601 -14028 END
START 48 -13268 4124 2584 -6687 -13228 END
START -288 -11984 5308 -1299 -7723 -13527 END
START -1028 -9432 4756 -1255 -10433 -11612 END
START 172 -5608 -1116 389 -11393 -7965 END
START 1676 -4028 -4780 284 -11002 -5032 END
START 4032 -5600 -9844 524 -9840 -2110 END
START 5392 -6556 -13968 1878 -6422 -590 END
START 6104 -7760 -15608 -410 -2544 1235 END
START 7172 -10640 -15396 -2255 1564 2017 END
START 6736 -13032 -11460 1076 4549 3527 END
START 5900 -15364 -8284 4051 5300 4455 END
START 4576 -16852 -5684 2965 7104 4177 END
START 2892 -17788 -2164 -728 8084 2257 END
START 2952 -15640 -224 -2368 7104 1457 END
START 2372 -13052 1340 917 5800 2037 END
START 1712 -10532 1800 2217 4263 2790 END
START 1484 -9100 2652 772 2563 4180 END
START 900 -7816 3804 1716 1521 5705 END
START 168 -6408 5688 2879 -606 8533 END
START -504 -7664 6436 4099 -2523 11517 END
START -1416 -8536 5732 3074 -4026 13151 END
START -1948 -10012 4004 3351 -5642 14879 END
START -1532 -10960 988 4571 -6222 17330 END
START -1456 -12008 -2932 5738 -5592 19481 END
START -1020 -13392 -4940 5387 -4277 21271 END
START -924 -14312 -6592 4309 -268 21931 END
START -2276 -15736 -4748 2792 2902 22132 END
START -4776 -17936 -2580 6466 2903 24091 END
START -7404 -24108 356 9911 772 27401 END
START -7656 -32028 36 5510 -224 24218 END
START -7408 -32768 -2456 -4273 1268 15815 END
START -5180 -32768 -3452 -7857 2601 6566 END
START -3592 -32768 -2564 -1986 680 268 END
START -1636 -32768 -2584 -391 403 -6103 END
START -2156 -32768 -1308 -3830 1803 -12943 END
START -3900 -29124 1784 -5483 1566 -18279 END
START -4732 -24868 4632 -2655 -475 -20320 END
START -5212 -21136 4856 -986 -3161 -21448 END
START -5636 -17272 4908 -4951 -5059 -22555 END
START -5876 -14908 4680 -7273 -5981 -22640 END
START -5324 -12052 4256 -6180 -7397 -21097 END
START -3992 -8716 3204 -4739 -9074 -18201 END
START -3228 -7020 1232 -3525 -10807 -14458 END
START -2060 -5892 -168 -3355 -10505 -11254 END
START -1464 -6232 -796 -356 -8580 -8824 END
START -824 -6448 -2688 -1540 -8525 -5814 END
START 60 -7428 -4120 -1384 -8172 -3365 END
START 988 -8724 -8504 -713 -6684 -343 END
START 1812 -11088 -12796 1550 -1621 378 END
START 2004 -13220 -14892 1585 1896 1412 END
START 2640 -14784 -17220 2760 6675 2094 END
START 2376 -15020 -19244 2045 13239 2430 END
START 1216 -15784 -19520 2682 20154 2240 END
START -944 -17080 -16232 4868 25634 2281 END
START -2360 -16352 -10916 4406 28234 2179 END
START -2724 -15576 -6252 482 30541 1559 END
START -3344 -15616 -1852 -4455 32137 987 END
START -4252 -17812 7960 -1790 29538 1909 END
START -3624 -20172 16544 2683 22811 3325 END
START -3796 -23236 21824 -3190 16795 671 END