START 8432 -17228 9048 2621 -2357 2730 END
START 7296 -18220 8724 1676 -652 1599 END
START 5624 -17588 10396 -566 -1413 -142 END
START 4172 -16420 10660 -446 -5338 -1401 END
START 2168 -14084 9572 2033 -8501 -1667 END
START 892 -14136 7976 806 -9773 -1863 END
START 52 -12812 6604 -2888 -11848 -2450 END
START 412 -11548 3596 -3155 -12514 -2097 END
START 296 -10080 956 -515 -12328 -1783 END
START 340 -9136 -932 -783 -12389 3126 END
START 540 -8380 -2260 -522 -12119 4390 END
START 1060 -8108 -2876 -2204 -11143 5400 END
START 792 -7908 -3536 -2446 -10709 7271 END
START 156 -8468 -3116 1012 -9849 9671 END
START -384 -9340 -3220 1214 -9132 12118 END
START 280 -11000 -2160 -288 -8013 13366 END
START -532 -12272 -2988 -847 -6829 15241 END
START -1276 -14604 -3676 2612 -5504 15794 END
START -1624 -13948 -3768 4768 -5026 17888 END
START -1848 -15776 -5488 2479 -2829 18994 END
START -2004 -18616 -8924 399 1173 19063 END
START -1044 -22152 -10364 1336 4918 18560 END
START -812 -26712 -9612 8744 8239 18093 END
START -1584 -31336 -6908 9642 11441 15095 END
START -1832 -32768 -3720 427 13779 8390 END
START -888 -32768 -160 -2809 15106 3341 END
START -268 -31624 1276 -1921 13141 498 END
START -328 -31100 2248 -1064 11801 -3063 END
START -608 -28988 2952 -1735 11192 -6667 END
START -964 -26920 2600 -3508 10702 -9479 END
START -1044 -24980 3168 -2577 10475 -11809 END
START -1352 -23592 4228 -340 8989 -13343 END
START -1808 -21488 4816 -1296 8209 -14674 END
START -2008 -20288 6012 -2950 7811 -16708 END
START -2464 -18304 7960 -2576 5994 -17041 END
START -1924 -16480 8352 -1800 3292 -16156 END
START -1508 -14448 8380 -1344 1089 -15804 END
START -1036 -13048 8564 -1295 -562 -14886 END
START -768 -11504 9268 -1267 -3884 -13502 END
START -520 -10500 9612 -744 -7687 -11286 END
START -652 -10620 8276 746 -10151 -9747 END
START -860 -9380 7284 506 -12310 -8342 END
START -968 -9084 4520 -607 -13763 -6890 END
START -288 -9732 340 -941 -14137 -5983 END
START 1440 -10136 -4624 -218 -14230 -4830 END
START 4400 -10348 -10376 -453 -12178 -3713 END
START 5992 -10724 -16224 163 -7890 -2669 END
START 6860 -12412 -18144 1213 -1936 -2360 END
START 7440 -13368 -15412 6000 1922 -1293 END
START 7608 -13816 -11984 5823 5250 -920 END
START 7488 -13244 -7084 1573 8490 -637 END
START 5244 -14336 -1892 1624 9192 156 END
START 4600 -13032 1748 1654 6671 1427 END
START 4032 -12516 2096 311 6516 2185 END
START 3552 -10064 2936 -3373 7035 1693 END
START 996 -7520 4052 -4145 4748 2758 END
START -468 -6708 3872 1678 3308 6390 END
START -1236 -6484 4828 2073 1094 8689 END
START -1232 -6996 5472 934 809 9510 END
START -1452 -6892 6068 3790 -104 11110 END
START -972 -7468 4036 3320 -2098 17056 END
START -1132 -9324 2092 6305 -1635 19317 END
START -2212 -11536 1912 6066 -291 20298 END
START -3968 -12408 3392 8500 427 19724 END
START -6400 -13696 3908 5549 974 23982 END
START -6348 -17748 2916 7546 -96 25584 END
START -6272 -19988 740 7473 1222 25504 END
START -7500 -22560 1336 6252 2553 25425 END
START -5804 -30440 948 3332 771 25225 END
START -5228 -32768 -1456 4089 2055 20800 END
START -4428 -32768 1348 2284 3138 13328 END
START -2956 -32768 3044 -3537 2169 3586 END
START -560 -32768 3356 -3858 1779 -3795 END
START -192 -32768 4572 -2643 724 -9542 END
START -1492 -30000 6436 -3155 -663 -14310 END
START -3136 -26304 8260 -4578 -3067 -17962 END
START -4376 -21548 9504 -6315 -6138 -20143 END
START -4856 -17504 9328 -7677 -9453 -20085 END
START -5428 -14624 8128 -6408 -10837 -19201 END
START -5276 -11868 6892 -7448 -11483 -17590 END
START -5864 -9552 5048 -6253 -11761 -16055 END
START -5168 -6608 3260 -5675 -13110 -12084 END
START -4548 -6580 420 -3095 -10754 -8744 END
START -3832 -6100 -1096 -3820 -9824 -4849 END
START -3616 -7568 -4120 -1676 -9018 -1502 END
START -1740 -9792 -5980 1808 -6295 607 END
START -1884 -12460 -7396 5350 -3094 1686 END
START -1288 -15112 -8996 5760 -710 1700 END
START -512 -18900 -10716 6689 2686 564 END
START 676 -19260 -11168 6417 8146 -1838 END
START 1856 -19520 -11696 2758 13001 -3237 END
START 1816 -19356 -10252 1465 17608 -4938 END
START 756 -18712 -7488 1847 22038 -5726 END
START -148 -18256 -1880 3860 24962 -6356 END
START -996 -19284 5076 3085 25377 -7587 END
START -3020 -19076 11084 562 25353 -8599 END
START -3236 -16112 14192 -721 20931 -10078 END