START 7780 -14160 12092 3726 -847 3327 END
START 5432 -14040 14332 3083 -4409 3041 END
START 4100 -14368 13468 966 -7241 1984 END
START 2440 -13412 13216 -1026 -9071 316 END
START 2144 -11128 11832 -3244 -12679 181 END
START 1540 -8376 9700 -2267 -15841 1737 END
START 964 -5808 6376 -519 -16398 4909 END
START 432 -6256 2576 -2376 -17259 7130 END
START 72 -7460 -2400 -3240 -17439 9207 END
START -284 -7456 -6384 -2989 -15540 11766 END
START -912 -8692 -6640 -724 -12728 13392 END
START -1268 -10036 -6540 216 -9923 15616 END
START -1320 -12464 -7512 1760 -7497 17703 END
START -1440 -15504 -7276 3978 -4513 18398 END
START -1928 -16896 -6676 5546 -1582 18938 END
START -1752 -19580 -6280 5246 404 18465 END
START -1616 -21004 -5500 4281 2970 17087 END
START -1912 -20872 -5168 2731 5052 16332 END
START -1352 -22024 -5024 3704 7077 16230 END
START -1444 -24076 -5768 3089 9282 15363 END
START -2056 -25572 -4516 2316 11232 13069 END
START -2220 -27484 -2872 1252 12155 10448 END
START -1868 -29272 -2580 506 12785 7616 END
START -1680 -30440 -520 -564 14255 3252 END
START -1776 -31100 1696 -1165 14475 -593 END
START -2268 -31240 4132 -1527 13794 -4904 END
START -2044 -29432 5748 -1750 11858 -8379 END
START -1816 -27324 5744 -1477 10780 -12060 END
START -2208 -24532 6316 -1254 9055 -14740 END
START -3220 -21936 6940 -1486 7466 -16367 END
START -2812 -19040 8288 -656 5720 -17034 END
START -2088 -16840 7900 -1300 3131 -16941 END
START -1136 -15992 8196 -996 155 -15569 END
START -720 -14704 6792 -408 -2452 -13871 END
START -460 -14544 5364 -803 -2090 -13506 END
START -1212 -14468 6980 -1365 -3020 -13732 END
START -1012 -13032 8392 -411 -5831 -12759 END
START -960 -11496 8192 124 -8770 -11342 END
START -348 -9984 7464 -1366 -10484 -10165 END
START -404 -7672 5596 -2554 -11238 -9165 END
START 136 -6860 2124 -1479 -12747 -7009 END
START 1516 -7080 -2464 199 -12935 -4082 END
START 2276 -8980 -6384 2855 -10652 -2776 END
START 4924 -12128 -10216 1121 -7149 -2198 END
START 6324 -14264 -14500 -532 -3180 -3001 END
START 6632 -13932 -15248 1275 1066 -2798 END
START 7568 -12912 -12004 5797 4877 -795 END
START 5628 -13188 -6968 4328 7410 -50 END
START 4216 -13380 -1820 2727 8412 829 END
START 3080 -13224 1964 2132 6952 1681 END
START 2704 -12532 4032 2176 5861 2375 END
START 1624 -10928 5816 -187 5182 2514 END
START 1016 -7692 6640 -1321 3218 3464 END
START 500 -5020 6108 -688 729 6346 END
START 644 -4476 5720 1512 -744 10010 END
START 332 -4416 4260 2230 -869 12794 END
START -100 -5600 2804 2962 -1988 15629 END
START -1884 -6652 276 2028 -500 18959 END
START -2940 -9508 -168 -123 1127 20957 END
START -4640 -12284 -988 20 2056 22312 END
START -6192 -14436 -368 2913 3888 22365 END
START -7772 -13584 1368 3157 4422 24620 END
START -9276 -20952 1728 2207 2754 28810 END
START -10060 -26088 1528 6640 4113 27279 END
START -9768 -31972 4984 4875 4250 23690 END
START -7748 -32768 5476 1177 1798 18386 END
START -4916 -32768 2872 -39 944 11810 END
START -2752 -32768 2496 1010 436 5326 END
START -1228 -32768 3248 201 -676 -1792 END
START -576 -32768 3968 -3991 -1738 -8475 END
START -2044 -30116 4660 -5587 -2238 -13759 END
START -3428 -25788 5952 -5124 -3672 -16883 END
START -4480 -22532 7560 -5088 -6176 -18950 END
START -5412 -17480 7336 -6919 -8391 -20041 END
START -6784 -14004 5748 -10596 -9467 -18945 END
START -7948 -12392 4776 -7956 -10617 -16485 END
START -6880 -9928 3388 -5633 -12420 -13831 END
START -5412 -7248 1524 -3517 -13085 -11534 END
START -4896 -6244 -84 -1630 -11873 -8993 END
START -3672 -6012 -224 539 -11003 -5241 END
START -2216 -6220 -1064 4059 -11119 -1368 END
START -608 -8424 -3788 617 -10013 786 END
START 312 -11004 -6972 -3565 -6174 840 END
START 556 -13660 -10040 -4203 -922 454 END
START 2204 -16932 -12724 372 2344 1423 END
START 2624 -18296 -16156 3377 6784 1726 END
START 1680 -20680 -18624 4352 14885 190 END
START -412 -20972 -17468 4376 22674 -2496 END
START -2908 -19404 -13756 4459 27478 -4439 END
START -4412 -17600 -8652 4880 29853 -5276 END
START -5368 -13916 -4084 6513 30891 -4742 END
START -5284 -9708 3536 8390 29511 -3416 END
START -6164 -10936 13872 9051 26538 -1684 END