START 7508 -19112 10300 1105 79 864 END
START 6604 -19912 11656 5172 -1781 74 END
START 5840 -21164 11104 557 -4540 -1461 END
START 4780 -20800 9916 -1777 -6098 -4183 END
START 3760 -17924 9964 974 -7492 -5509 END
START 3964 -14628 8716 1810 -9115 -5499 END
START 3960 -10960 6972 -105 -9529 -5198 END
START 2812 -8488 5728 -1036 -10019 -4014 END
START 2912 -5916 5016 -475 -10917 -1730 END
START 1884 -3940 3760 -1447 -11367 1572 END
START 1464 -4364 2084 -1986 -11889 4620 END
START 444 -5292 -52 -1433 -11025 6899 END
START 800 -5956 -332 57 -11127 8841 END
START 1184 -6320 -896 1562 -10324 11044 END
START 1500 -8000 -2056 1699 -8329 14021 END
START 1340 -10396 -3636 2078 -6296 16124 END
START 1080 -12976 -4108 5453 -3567 17113 END
START -544 -13636 -2376 7352 -82 17825 END
START -1892 -15368 -8 4472 63 19294 END
START -1696 -19004 -728 2121 1183 19043 END
START -1876 -20772 -508 3036 3037 18089 END
START -3560 -21360 1292 3797 3794 17478 END
START -3728 -23388 84 -227 2926 16226 END
START -3820 -25048 -2096 -1909 4798 13547 END
START -3328 -24480 -2384 -1853 6574 11434 END
START -2988 -26060 -1304 1815 7045 11020 END
START -2428 -28548 1192 5980 6651 9380 END
START -2020 -29424 3432 771 6129 4428 END
START -1392 -30004 3660 -2575 6568 -160 END
START -580 -28216 4608 -703 5374 -3045 END
START -228 -26660 4776 -1180 4760 -5995 END
START -760 -26084 6032 -1630 3545 -8617 END
START -600 -24916 5852 -3869 2048 -11416 END
START -212 -23888 4152 -4999 2203 -14050 END
START -416 -21520 3912 -4342 2258 -15528 END
START -1036 -19728 4800 -2612 1312 -15849 END
START -1016 -18972 5456 -2816 -317 -15815 END
START -1628 -18044 3644 -4490 -1114 -16359 END
START -1416 -16488 3036 -4370 -501 -17366 END
START -1104 -14288 2336 -2927 -711 -16533 END
START -168 -12668 2248 -2184 -1222 -15003 END
START 44 -10836 2244 -1519 -1407 -13342 END
START 192 -9656 1920 -1130 -1123 -11862 END
START 600 -7732 1564 -2040 -1445 -9902 END
START 908 -6184 364 -2493 -789 -8199 END
START 860 -4396 84 -3003 184 -5985 END
START -256 -3620 1188 588 121 -2415 END
START -296 -2764 1276 1341 20 1643 END
START -1084 -2716 2576 216 333 4550 END
START -1020 -3480 3820 -1061 -952 7620 END
START -60 -5116 2728 1329 -2268 11512 END
START 304 -7616 1228 4259 -2113 15389 END
START -600 -10264 1088 4126 -1523 17575 END
START -1516 -12808 1416 2860 -882 18851 END
START -2736 -14808 2152 2652 -1390 19568 END
START -3076 -16152 1184 2880 -1713 20928 END
START -3940 -18364 1052 2134 -137 20769 END
START -4668 -20432 1352 2693 725 20478 END
START -5020 -21928 1332 1912 -243 19766 END
START -4196 -24684 908 3312 -312 18666 END
START -3600 -26552 636 4591 572 16662 END
START -3880 -28792 2184 2109 266 13369 END
START -1852 -32332 1072 2174 -53 9551 END
START -876 -32768 1044 1008 81 4357 END
START -648 -32512 1984 -126 -301 -616 END
START -292 -31732 1108 -2659 -849 -5612 END
START -544 -29512 1136 -4373 -158 -10445 END
START -1968 -26824 2492 -4189 -33 -13561 END
START -2896 -24492 4872 -3816 -1259 -15356 END
START -4416 -22020 6572 -3932 -3394 -16690 END
START -5196 -19608 7308 -6110 -4483 -18367 END
START -5360 -16800 7572 -6454 -6110 -18774 END
START -4768 -13532 7348 -5489 -8440 -17288 END
START -3784 -10960 6016 -4644 -10613 -15203 END
START -2580 -8716 4520 -4823 -10077 -13463 END
START -2096 -6884 3408 -5230 -9647 -10730 END
START -1164 -6252 968 -3961 -10523 -7572 END
START -84 -6340 -2172 -679 -9473 -3902 END
START 252 -7640 -4572 1320 -7151 -1307 END
START 260 -9764 -5756 -1219 -4323 -584 END
START 336 -11732 -6764 -1907 -1703 -178 END
START 240 -13128 -7512 688 1 1188 END
START 1224 -14856 -9468 3170 3112 2058 END
START 780 -15152 -9912 2775 6320 2145 END
START 192 -16736 -9904 2129 10154 2046 END
START -672 -17320 -9600 2966 12799 1864 END
START -1040 -17812 -9548 3540 15714 2097 END
START -1172 -17144 -8836 1115 18260 1456 END
START -920 -16208 -7824 -895 21349 1137 END
START -2100 -16324 -4456 -525 23926 1942 END
START -2204 -17148 2204 40 23778 2413 END
START -2088 -17852 7500 -4379 22331 908 END
START -1552 -18964 12656 -8829 19857 270 END
START -828 -18748 17204 -6325 16239 172 END