START 9008 -20416 3012 -3983 3735 -3837 END
START 9548 -18972 4188 -5175 4271 -4208 END
START 7564 -17928 6204 -2481 2443 -3571 END
START 5344 -19164 7784 3001 -1195 -2355 END
START 4160 -18860 8872 3487 -2237 -3608 END
START 2972 -17800 9980 -1252 -2590 -6764 END
START 2488 -14616 9552 -972 -4733 -6949 END
START 3260 -12212 9480 303 -7630 -5372 END
START 3360 -10416 6628 -445 -9676 -4082 END
START 2872 -9256 3852 -492 -9978 -3497 END
START 3052 -8368 1452 -308 -10532 -2354 END
START 2920 -8344 664 1258 -10662 -320 END
START 1780 -7620 696 2740 -10674 1549 END
START 1024 -7900 1236 455 -10513 3094 END
START 976 -8252 652 -585 -11023 4521 END
START 756 -8136 -104 -97 -10972 5837 END
START 520 -8216 -1040 647 -11033 8194 END
START 1220 -9808 -4484 717 -10579 9793 END
START 2144 -11128 -6960 224 -8126 10865 END
START 1432 -12540 -7264 1377 -5616 11574 END
START 544 -14064 -7312 2564 -4031 12934 END
START -172 -15124 -7704 2254 -2051 13509 END
START -724 -16292 -7768 4326 346 14040 END
START -76 -18820 -6292 6235 2044 14701 END
START -104 -20536 -6596 5555 3885 14334 END
START -352 -22728 -6700 2551 5745 13402 END
START 92 -23908 -6880 1703 7575 11709 END
START 1804 -25204 -4376 2028 9014 10493 END
START 1424 -27764 -2660 818 9758 8724 END
START 1024 -29336 -876 -2555 10528 4810 END
START 2132 -29796 216 -4053 10335 1601 END
START 3244 -29976 2360 -1714 9362 -860 END
START 2648 -29512 3872 -1981 8408 -4064 END
START 2612 -28140 4512 -5253 7273 -7796 END
START 2268 -25992 4572 -6164 6722 -10762 END
START 1160 -23672 5616 -3549 5237 -12245 END
START 324 -20984 6072 -2801 2586 -13184 END
START 248 -19264 4256 -4196 2327 -14431 END
START 104 -17076 5072 -3672 1461 -14844 END
START 536 -14280 5212 -502 -1139 -13536 END
START 996 -13088 3244 -707 -2917 -12331 END
START 1156 -12408 1428 -2125 -2802 -12155 END
START 1496 -10828 420 -3837 -2384 -11849 END
START 1772 -8760 -1208 213 -2820 -9766 END
START 2416 -6724 -3124 2314 -2824 -6766 END
START 3508 -6504 -3892 1889 -1446 -4864 END
START 4156 -6812 -4500 -131 525 -3617 END
START 4516 -7388 -3912 681 1263 -1212 END
START 3112 -8268 -2016 3734 1421 1289 END
START 1596 -9568 -220 2927 1687 2364 END
START 1096 -10424 1848 -20 1725 2406 END
START 640 -10552 3120 936 44 3777 END
START 628 -9188 2680 2323 -1800 5744 END
START 316 -7868 1396 435 -1642 7252 END
START -72 -7768 192 -1010 -1101 9280 END
START -360 -8152 828 1566 -1500 12040 END
START -708 -9208 712 4462 -2765 14960 END
START -1484 -10960 436 4925 -1888 16904 END
START -2360 -13972 -472 4537 -999 18104 END
START -2216 -16756 -2052 5349 -119 19024 END
START -2032 -18052 -948 6654 385 19428 END
START -2800 -19264 1648 6665 515 20040 END
START -2516 -19884 228 3152 526 20319 END
START -2496 -24292 -1660 -898 2184 18842 END
START -2668 -29392 -1388 2432 3248 17523 END
START -968 -32768 -1004 8597 1377 15703 END
START 452 -32768 772 4343 2003 9379 END
START 124 -32768 1944 -3549 2985 1035 END
START 524 -32768 2332 -4653 2138 -5312 END
START 120 -31740 3412 -3539 594 -9739 END
START -764 -27360 3820 -4170 -162 -13328 END
START -2608 -24456 5316 -5498 -1073 -16578 END
START -3904 -21420 6740 -3957 -3136 -17715 END
START -4800 -18196 7268 -3578 -5807 -18143 END
START -4748 -15500 7064 -3586 -8014 -17858 END
START -4124 -12556 6076 -4208 -9515 -16576 END
START -3280 -9788 5372 -2694 -11410 -14413 END
START -2460 -8352 2064 336 -11612 -11254 END
START -2004 -7304 436 -688 -11622 -9038 END
START -460 -7720 -3740 -2515 -9827 -6918 END
START 316 -7708 -6952 -3549 -7199 -5007 END
START 1036 -8088 -9260 -1602 -4383 -2461 END
START 1476 -9620 -12344 1778 -636 200 END
START 1104 -12436 -12072 3176 3639 1175 END
START 380 -13936 -10784 3016 6835 1322 END
START -292 -15160 -9260 1436 9276 1885 END
START -344 -15864 -8788 1734 11644 2806 END
START -428 -18108 -10100 1475 13555 2866 END
START -348 -18568 -11128 1813 17269 2057 END
START -636 -19040 -11336 -955 21336 749 END
START -2232 -18516 -8528 -2276 25178 -203 END
START -2116 -16924 -4248 -835 27567 176 END
START -3160 -18408 4248 1170 27024 119 END
START -3164 -18416 13524 -2000 23797 -989 END
START -1296 -22088 19956 -4516 17850 -1285 END
START -448 -19496 24032 -2124 11691 -1457 END