START 7096 -14928 5976 3213 -4969 9 END
START 6612 -14012 6128 -886 -4992 -612 END
START 5460 -13920 6188 -2497 -6217 -2268 END
START 4484 -12296 6136 -282 -8213 -1210 END
START 2908 -12060 5416 1139 -9246 100 END
START 1456 -11888 5076 -248 -10120 587 END
START 588 -10304 4764 217 -11019 1693 END
START 688 -8988 2528 143 -12347 3463 END
START 552 -8320 -924 34 -13040 5367 END
START 544 -8244 -3096 593 -12075 7335 END
START 120 -8252 -4300 1707 -11543 9677 END
START 316 -9408 -6128 2214 -10636 11805 END
START 748 -10556 -7928 2157 -8251 13824 END
START -248 -12144 -7536 2507 -6018 15383 END
START -1088 -14260 -7792 3669 -4704 17226 END
START -1628 -16876 -7936 4574 -2172 18184 END
START -1820 -20092 -7328 3985 577 17582 END
START -1840 -22396 -7772 3346 1839 16872 END
START -1132 -23796 -8632 3997 4423 15553 END
START -524 -24904 -8004 2894 7849 13702 END
START -704 -24988 -6064 -139 9846 11127 END
START -884 -25756 -4676 -590 11011 9071 END
START -1196 -26476 -2976 1537 11176 7276 END
START -1272 -26464 -2320 536 12023 4343 END
START -1012 -26484 -1488 -3009 12554 916 END
START -708 -26132 -1496 -3554 13093 -1690 END
START -688 -25272 -992 -598 13046 -3583 END
START -160 -24616 204 877 13438 -5940 END
START -68 -24456 3660 -6 13145 -8731 END
START -348 -24152 5400 -1521 11181 -10773 END
START -1172 -23548 5568 -1977 9162 -13013 END
START -972 -20864 6472 -2595 7202 -14079 END
START -788 -19420 7852 -1830 4580 -14663 END
START -1036 -18252 7800 -1063 1640 -14863 END
START -756 -15956 7296 -1355 -1158 -14610 END
START 112 -14032 6720 -599 -3237 -14134 END
START 160 -11840 6828 131 -4618 -13134 END
START 160 -10908 7552 2057 -7458 -11101 END
START -168 -9608 7504 2456 -11330 -8966 END
START 140 -9036 4232 -351 -12580 -7880 END
START 740 -8536 824 -1187 -12330 -7270 END
START 2284 -6840 -2620 -552 -12177 -5117 END
START 2988 -7532 -6952 1123 -11385 -2171 END
START 3544 -10036 -12104 2286 -8461 125 END
START 4796 -12352 -14388 3830 -4555 1290 END
START 5848 -14580 -14224 3809 -603 1124 END
START 5676 -16184 -13164 1800 3043 1043 END
START 4456 -17968 -8756 2567 5237 868 END
START 4232 -18444 -5412 2791 5437 952 END
START 4276 -18240 -3168 1413 5990 146 END
START 4172 -16816 -1512 -1583 5879 -668 END
START 4368 -14400 -672 -2959 6259 -692 END
START 3452 -12312 432 -1949 6264 -140 END
START 1740 -10948 2304 -1105 4985 1558 END
START 684 -10436 3528 58 3247 2533 END
START 272 -9824 4056 -141 1759 3317 END
START 300 -8720 4928 610 684 4173 END
START 208 -7656 4608 2349 -1068 7103 END
START 792 -8844 3248 2037 -1096 9368 END
START 20 -9092 2184 2227 -1049 10795 END
START -196 -9236 1824 3512 -370 11960 END
START -872 -8624 2524 5054 -1219 14064 END
START -1632 -8068 2288 3447 -2694 17781 END
START -2592 -9984 -868 1980 -2112 20489 END
START -3560 -13212 -1476 3875 -563 21937 END
START -4416 -15296 148 6737 -885 24090 END
START -5072 -18712 144 3623 58 25713 END
START -6468 -24376 -2344 -4334 1244 23452 END
START -7644 -31296 -3244 -2631 1258 20603 END
START -7048 -32768 -2512 5362 -15 17652 END
START -6128 -32768 -760 1827 765 11345 END
START -5344 -32768 1352 -4466 913 2958 END
START -3668 -32768 1344 -5108 -326 -3828 END
START -2468 -31980 1496 -5437 -1540 -9006 END
START -3468 -29364 3060 -4097 -2755 -12772 END
START -3800 -26084 3892 -4272 -4423 -16255 END
START -4012 -22248 4996 -6969 -5947 -19144 END
START -4444 -18672 5080 -6422 -7140 -20140 END
START -4556 -15304 4672 -6112 -8790 -19667 END
START -3992 -12088 3008 -5637 -9635 -18519 END
START -4020 -10152 1880 -5564 -9461 -16654 END
START -3448 -7888 340 -5429 -9454 -14432 END
START -2812 -6676 -540 -4171 -9981 -10293 END
START -2704 -6428 -2408 1570 -7959 -6695 END
START -1932 -6296 -3436 -1619 -7228 -4141 END
START -1120 -7280 -6104 -5048 -4906 -2801 END
START -1400 -9568 -8024 -3541 -3369 54 END
START -376 -11996 -11464 1678 -1316 2317 END
START 608 -13956 -13156 1631 1865 2956 END
START 640 -16056 -14652 -698 7128 2545 END
START 484 -17384 -14624 -188 11649 2149 END
START 204 -19572 -14628 4760 15294 2041 END
START 96 -20392 -12992 5652 19438 523 END
START -872 -19588 -9944 456 23663 -2003 END
START -1524 -18144 -6548 -2708 26999 -3078 END
START -2168 -16860 -628 3876 27379 -1428 END
START -2620 -15908 7624 12035 26109 -693 END
START -2368 -17384 15900 3090 22666 -3613 END