START 8024 -14900 4256 3045 4033 -547 END
START 7756 -16420 7988 2543 5403 -2692 END
START 8084 -15048 10204 3399 1369 -3073 END
START 7564 -13668 11164 2843 -2240 -2185 END
START 5604 -13340 12944 2781 -3806 -2026 END
START 4348 -11800 12576 -414 -6108 -2222 END
START 3892 -10280 11992 -1635 -8792 -1440 END
START 3296 -9068 9464 -663 -11357 704 END
START 3264 -8432 5800 -575 -13248 2777 END
START 2660 -8848 2256 -956 -12602 4111 END
START 1848 -8676 1660 -858 -12051 5187 END
START 1724 -7880 1640 -442 -12602 7289 END
START 1332 -8624 -528 -376 -12589 9759 END
START 1980 -10064 -2480 116 -11056 11351 END
START 2032 -11076 -3876 716 -8698 12531 END
START 1508 -12060 -3008 964 -6991 13583 END
START 1096 -12620 -1352 2167 -6162 14897 END
START 164 -15144 -1768 2361 -5373 16363 END
START 28 -16804 -1912 2482 -3592 16280 END
START -296 -16964 -992 1157 -2762 15942 END
START -928 -17296 -1016 1379 -1786 15404 END
START -1380 -17016 -2160 233 -827 16316 END
START -1708 -18996 -4252 -622 774 16198 END
START -1956 -20992 -5324 1040 2998 15854 END
START -2408 -22712 -5176 3414 5754 15007 END
START -2772 -25000 -3900 4015 7602 12989 END
START -2512 -26488 -2468 3145 8802 10333 END
START -1664 -27440 80 3111 9513 7594 END
START -1232 -29316 2148 2678 9867 4549 END
START -876 -29880 4388 51 8947 703 END
START 12 -29716 6988 -1072 7303 -3114 END
START 388 -28220 8440 -2404 5309 -6729 END
START 1372 -25800 7900 -4163 2692 -9539 END
START 1136 -24240 7444 -6449 1432 -12641 END
START -40 -22780 6628 -4884 -50 -14494 END
START -416 -20656 6200 -3412 -1138 -15486 END
START -676 -18128 6212 -2667 -2239 -16049 END
START -440 -16596 4744 -4505 -2330 -15970 END
START -92 -14976 2652 -5119 -1670 -16466 END
START 756 -13212 420 -5084 -1749 -15665 END
START 1820 -12520 -1288 -3764 -1053 -14466 END
START 1184 -11276 -2612 -1467 536 -11892 END
START 1096 -10124 -1628 -791 2217 -11104 END
START 1144 -9944 168 -2622 1704 -9888 END
START 608 -8732 876 -856 1518 -7552 END
START 24 -7932 1556 -331 1269 -4970 END
START -4 -7472 1708 -876 1226 -2876 END
START -364 -6748 2108 -1469 998 -859 END
START -248 -5736 2348 231 48 1705 END
START -568 -5452 2792 1256 -592 4471 END
START -292 -5432 2452 592 -1267 7037 END
START -316 -5888 1952 231 -1037 10056 END
START -1060 -7040 2060 3353 -751 13480 END
START -1104 -8916 1892 7051 -1295 16360 END
START -1036 -10308 1308 5891 -641 18937 END
START -1544 -12584 1256 4699 621 19726 END
START -2460 -14504 2368 4300 1032 20877 END
START -2824 -18416 940 4895 348 23024 END
START -2844 -22112 -480 5232 2122 21951 END
START -3144 -24820 500 1273 3740 19094 END
START -3560 -27932 2568 1703 2158 17897 END
START -2848 -32768 2576 4336 461 15441 END
START -2500 -32768 2564 669 -175 9511 END
START -1500 -32768 3940 -2675 -1814 2749 END
START -324 -32768 3844 -4322 -3693 -3506 END
START 232 -30168 3360 -5625 -4362 -8475 END
START -88 -26088 3744 -6633 -5142 -11777 END
START -1544 -23164 4704 -4780 -6232 -13794 END
START -2292 -20384 5424 -5618 -8260 -15179 END
START -2644 -18076 5304 -7857 -9345 -16164 END
START -2792 -15648 4276 -7401 -8684 -16532 END
START -2668 -13072 3632 -6239 -9615 -15709 END
START -2344 -10504 2052 -5179 -10373 -13380 END
START -1860 -9312 -688 -5018 -8896 -11436 END
START -1560 -8152 -2720 -3877 -6542 -9329 END
START -1400 -8156 -4276 -2016 -4565 -6120 END
START -756 -8448 -5256 59 -3458 -3510 END
START -280 -9648 -6980 90 -1290 -1111 END
START -704 -12060 -7184 330 1848 38 END
START -556 -13532 -7380 1370 2999 847 END
START 416 -14264 -8644 1371 5820 1324 END
START 404 -15372 -8648 674 9328 1409 END
START -28 -16384 -8100 864 11697 2002 END
START -48 -17900 -7468 1028 13780 1990 END
START -180 -18620 -6684 170 16064 1546 END
START -1068 -19956 -6024 -1965 18731 954 END
START -1436 -19924 -3384 -2352 19708 -493 END
START -988 -19288 -1216 -1147 20368 -782 END
START -804 -18424 1776 -219 21077 -1737 END
START -36 -17628 6928 -1373 20051 -2797 END
START -2220 -17596 14992 -3459 18106 -3843 END
START 860 -18080 15068 119 12359 -3394 END
START 1940 -16908 14768 2007 7199 -4298 END