START 9044 -13620 5180 613 2035 75 END
START 7536 -13672 6624 5847 3009 -555 END
START 5348 -12588 10356 5210 942 159 END
START 3924 -13528 13492 1559 -2223 -1426 END
START 1472 -13956 15192 631 -6240 -3179 END
START 1712 -10836 13108 1148 -10154 -2239 END
START 2184 -9920 10176 242 -12598 -362 END
START 2308 -8712 5792 -601 -14060 1957 END
START 2600 -7928 676 -578 -14648 4360 END
START 2548 -8088 -2652 -263 -13140 6346 END
START 1168 -8504 -3448 104 -11864 8087 END
START 528 -9528 -4052 2290 -11384 10494 END
START 4 -10880 -4756 2167 -9609 11961 END
START -572 -11920 -5868 665 -8329 13706 END
START -432 -14608 -7412 646 -6222 14177 END
START -520 -15436 -7304 1968 -3092 14876 END
START -1040 -16276 -5152 2831 -1362 15413 END
START -1448 -17144 -3508 2754 -287 15998 END
START -1312 -18320 -4948 1762 1342 16161 END
START -1228 -19740 -5388 1502 3464 15687 END
START -832 -20664 -4836 1287 5363 15379 END
START -944 -23132 -2588 4081 6204 15163 END
START -1220 -25716 -1880 2297 6894 13291 END
START -1048 -28064 -996 -2080 8364 9022 END
START 468 -28340 -744 -2246 8868 6205 END
START 1760 -28996 1408 118 8516 3421 END
START 2064 -29068 3864 -93 7299 721 END
START 1920 -28960 4564 -2967 7220 -3888 END
START 964 -27596 5792 -5709 6036 -8207 END
START 1136 -24996 5732 -5622 4035 -10272 END
START 596 -23344 4252 -4540 2175 -12049 END
START 584 -21512 2768 -4100 1381 -13080 END
START 284 -20716 2744 -4085 1205 -14321 END
START -92 -19556 2092 -4138 1096 -15451 END
START -456 -18096 784 -4115 1012 -15643 END
START -360 -16928 452 -2642 1021 -15518 END
START -208 -15508 -764 -2069 1332 -15583 END
START -548 -13612 212 -2994 1383 -15535 END
START 172 -11136 -164 -3479 469 -13862 END
START 996 -9204 -440 -2442 1326 -11962 END
START 728 -7160 652 -1562 1339 -9909 END
START 1100 -5296 700 -1022 -369 -6744 END
START 1752 -4788 -368 -1486 188 -4282 END
START 1848 -2940 188 -1463 925 -1522 END
START 1972 -2528 1036 -564 375 2392 END
START 1724 -3876 972 589 -393 5901 END
START 788 -5796 636 1139 -133 8664 END
START 768 -8380 1092 2593 -1046 11112 END
START 976 -10512 740 4990 -1901 13456 END
START 1164 -12832 -128 6196 -498 14835 END
START 248 -14812 12 4845 411 15054 END
START -444 -15296 784 3957 143 14948 END
START -1268 -15652 100 2305 117 15892 END
START -2164 -17764 260 4647 139 16806 END
START -2524 -17760 1728 6186 -420 17368 END
START -3120 -19484 2312 4018 -1478 17604 END
START -2872 -21588 556 871 -1807 16916 END
START -2396 -23900 -888 672 -1520 15888 END
START -2024 -25624 -516 1725 -2145 14110 END
START -1012 -27388 -708 1832 -2503 11774 END
START 404 -28976 -2076 -287 -1221 8095 END
START 848 -29680 -1724 -2094 -375 3903 END
START 508 -30324 -388 -2330 -355 -181 END
START -136 -29724 2224 -1847 -910 -4466 END
START -1176 -27684 4360 -2469 -2054 -8167 END
START -1840 -25084 5784 -3651 -3452 -11389 END
START -2356 -21912 6316 -5332 -5711 -13603 END
START -2608 -18648 6360 -5608 -8421 -14316 END
START -3124 -16208 4792 -5451 -10078 -14118 END
START -2884 -13384 3128 -6171 -11194 -13484 END
START -2956 -11316 1688 -6570 -11120 -12719 END
START -3260 -10360 164 -4618 -11263 -10433 END
START -2044 -9196 -3324 -3744 -10842 -7779 END
START -1744 -9928 -5848 -2584 -9170 -5616 END
START -964 -10824 -8572 -1115 -6152 -3931 END
START -580 -11676 -9476 -166 -2470 -2847 END
START 52 -11576 -10220 509 718 -1547 END
START 428 -13080 -10692 931 4186 -312 END
START 840 -14044 -11468 1864 7832 489 END
START 1136 -14940 -12252 1790 11458 718 END
START 492 -16096 -12200 1645 15852 702 END
START -24 -18504 -12788 2187 19460 233 END
START -688 -18984 -13016 2149 24415 -816 END
START -1712 -18500 -10268 157 29443 -2592 END
START -3748 -17760 -6804 -2570 32767 -3609 END
START -5964 -18228 -236 -3035 32767 -3007 END
START -7136 -20116 7224 6393 32272 -2214 END