START 4548 -16500 4024 2019 2388 -2558 END
START 5264 -16976 5356 2307 3528 -2625 END
START 5180 -16216 7588 2932 827 -1598 END
START 5104 -17756 8484 4234 -1050 -2797 END
START 5460 -16744 10628 2771 -2601 -4318 END
START 4900 -15576 11576 -1200 -4321 -4894 END
START 4012 -13652 10960 -2408 -5501 -4933 END
START 3264 -12584 10268 -2126 -7524 -3831 END
START 1968 -11080 9664 403 -9673 -2678 END
START 1388 -10224 8656 -1000 -13403 -1247 END
START 1572 -10040 4968 -2596 -13328 -288 END
START 1644 -9800 2920 -2533 -12626 397 END
START 1064 -8832 1012 -928 -12528 1937 END
START 1504 -7888 -280 -702 -12102 4094 END
START 936 -8524 -468 -346 -10181 5968 END
START 292 -9112 -196 168 -9180 8185 END
START -36 -9032 -336 330 -9271 10098 END
START -900 -9500 -836 897 -8531 12675 END
START -1680 -11812 -2140 1257 -7396 14565 END
START -2152 -13032 -2436 534 -6575 15123 END
START -1868 -13580 -3456 -107 -5343 15267 END
START -2652 -15148 -5576 -214 -2689 17116 END
START -3548 -17292 -5272 2384 -392 17582 END
START -3748 -19164 -4616 3652 1647 17582 END
START -3392 -20052 -4776 253 3881 16906 END
START -3280 -23720 -5804 -1834 5665 14921 END
START -3172 -25056 -5204 1711 7210 13349 END
START -3296 -26040 -3608 4361 8098 11849 END
START -3284 -28436 -2544 3672 9244 9154 END
START -2356 -29284 -1412 856 10102 4818 END
START -1816 -28020 -700 -997 10583 1197 END
START -1080 -27612 -840 -564 10553 -1361 END
START -636 -26124 -144 112 11769 -4689 END
START -904 -25136 3052 -301 11877 -7559 END
START -584 -24516 4984 -1468 10058 -9755 END
START -1092 -23248 6932 -2845 7332 -11544 END
START -2244 -22904 7972 -1738 6037 -12736 END
START -2496 -20740 9492 -2575 3693 -14588 END
START -2200 -20268 8896 -3965 290 -15503 END
START -1024 -18916 6744 -4666 -1550 -16006 END
START -284 -17080 4804 -5402 -2559 -16037 END
START -664 -16020 2844 -3418 -2660 -15649 END
START -140 -14280 1172 -2049 -2197 -14987 END
START 640 -12792 2036 -2153 -1502 -14259 END
START 244 -11368 3800 -1029 -2006 -12860 END
START -1000 -11256 6008 1669 -3712 -10291 END
START -1960 -9644 6848 2243 -5590 -9336 END
START -2144 -6820 6552 -1417 -6937 -7957 END
START -652 -6472 2420 -1681 -8629 -5017 END
START 2128 -7564 -5316 119 -8611 -1952 END
START 4448 -9928 -10120 1499 -5762 -849 END
START 5804 -11504 -10640 2892 -3211 -111 END
START 5848 -13924 -10756 3607 -1028 1469 END
START 4716 -16668 -8812 3516 1421 1634 END
START 4268 -17676 -6748 1089 3523 1049 END
START 4092 -18324 -4640 -435 4527 416 END
START 4220 -17312 -2820 -681 4357 662 END
START 4340 -15924 -1584 -501 4615 645 END
START 3952 -13956 -40 -1893 5298 -97 END
START 2904 -11480 1212 -2139 5195 334 END
START 1808 -9752 2792 -762 2899 2201 END
START 1192 -9364 3132 1750 1777 3923 END
START 720 -8216 4192 -23 1880 5932 END
START -200 -8160 5280 -647 1121 7158 END
START -748 -8728 4520 506 -712 9136 END
START -484 -8840 2436 2779 -942 11358 END
START -712 -8404 2128 3368 -1100 14451 END
START -1696 -9924 1304 3310 -501 16735 END
START -2380 -9948 1216 2726 383 18145 END
START -3648 -12184 1432 2024 -380 19232 END
START -3912 -13052 -1428 1694 -17 20318 END
START -3792 -14832 -2888 -619 2643 21800 END
START -4280 -17832 -1864 -1238 3567 23116 END
START -6048 -24352 -1712 4133 3842 24033 END
START -7472 -30732 -1164 2491 4537 20977 END
START -6912 -32768 100 -1329 3739 15209 END
START -6388 -32768 2112 -191 2964 9535 END
START -4884 -32768 4120 2650 147 4519 END
START -3044 -32768 3892 484 -2344 -1542 END
START -1736 -31012 2648 -4637 -2890 -8100 END
START -1968 -27632 2536 -7169 -3353 -12134 END
START -3328 -25612 3536 -4940 -4836 -14402 END
START -4480 -23080 4408 -2719 -6894 -15996 END
START -4544 -20064 5112 -5044 -8836 -17662 END
START -5228 -17628 4584 -9293 -9467 -19329 END
START -5364 -14868 4012 -8626 -9941 -19168 END
START -5184 -11124 2940 -5791 -11310 -16987 END
START -4320 -9484 1356 -4890 -12296 -13813 END
START -4292 -7952 -500 -3205 -11491 -10271 END
START -4072 -7164 -2208 -1491 -10016 -6449 END
START -3628 -6892 -2764 -152 -9094 -2949 END
START -2884 -7136 -3092 815 -9199 -387 END
START -1768 -8164 -5496 1035 -6959 1535 END
START -1652 -9404 -6216 295 -4628 2313 END
START -1256 -10524 -6172 496 -3714 3569 END
START -928 -12080 -5600 2827 -3453 6129 END
START -468 -15452 -6520 5474 -2287 7939 END
START -504 -19632 -7500 5712 2180 7186 END
START -652 -23348 -9148 1025 5569 4070 END
START -352 -25828 -12048 858 9302 1049 END
START -996 -25880 -16516 2927 14530 -1852 END
START -2040 -24104 -16664 3985 21097 -5471 END
START -3460 -20680 -13288 3353 26819 -8048 END
START -3956 -15992 -8836 2061 30373 -9067 END
START -4908 -12288 -2928 1337 31054 -8318 END
START -5664 -12284 5008 1458 29006 -6078 END
START -7464 -15192 13984 1908 24506 -5531 END
START -6284 -17476 19476 -916 17341 -6869 END
START -4176 -17292 18676 -4491 12384 -8257 END