START 4820 -11772 10376 2498 -7586 -5726 END
START 4532 -10200 9544 112 -8251 -5632 END
START 2828 -7796 9392 -2550 -9809 -4839 END
START 1500 -5744 8652 -988 -12320 -1905 END
START 848 -4088 6640 -193 -14945 1802 END
START -404 -4368 2816 901 -13684 4600 END
START -708 -4840 -252 -916 -13419 7069 END
START -1500 -5096 -1880 -791 -12411 9217 END
START -2412 -6840 -2372 413 -11687 11677 END
START -1640 -8236 -4428 1190 -11077 13501 END
START -1024 -10608 -7044 916 -8953 14992 END
START -1076 -12800 -7852 2714 -6209 16306 END
START -1704 -15304 -8240 5364 -3258 17438 END
START -2600 -15992 -7184 4016 -1035 17779 END
START -2068 -18452 -7948 3143 1099 18138 END
START -2332 -20780 -8780 4443 3676 18380 END
START -2468 -22044 -7864 4847 6394 17668 END
START -2280 -23060 -5804 3318 8652 16793 END
START -1580 -24592 -6324 -21 10429 15413 END
START -2372 -27396 -5832 -1733 12845 13162 END
START -2392 -29524 -2776 302 14209 10574 END
START -1848 -30600 -164 -300 14475 7082 END
START -1436 -30884 2680 -2246 14274 3543 END
START -932 -30884 6276 -3208 12961 266 END
START -1048 -31404 9320 -3286 10105 -2821 END
START -1348 -31040 9312 -3590 7885 -6708 END
START -1220 -28300 8560 -5193 6482 -11521 END
START -1308 -24584 8616 -5542 4373 -14007 END
START -1212 -21208 7732 -4366 1898 -14893 END
START -1032 -19232 4884 -4064 1492 -15662 END
START -1044 -17364 3512 -4477 477 -16296 END
START -1544 -15716 4192 -1222 -1054 -15407 END
START -1980 -14888 4908 1091 -2454 -14270 END
START -2164 -13916 6396 -58 -3323 -14439 END
START -2448 -13636 6032 -1328 -6082 -13881 END
START -1184 -12232 4168 -141 -7194 -12959 END
START -840 -10280 3584 1008 -8146 -12087 END
START -600 -9504 944 -512 -9237 -10320 END
START 368 -7524 -4192 -1507 -8690 -7740 END
START 1892 -7692 -9056 -2478 -5740 -6427 END
START 4000 -7368 -11512 -1678 -2439 -5025 END
START 5448 -6772 -11332 1344 94 -2082 END
START 5656 -6712 -9564 3276 2624 594 END
START 4588 -8516 -4908 3551 4113 2436 END
START 2964 -10660 -1840 3298 5770 2473 END
START 1824 -10752 1400 2459 5687 3275 END
START 756 -10948 3136 3486 4630 4488 END
START -244 -9688 3924 4559 4423 4960 END
START -1140 -6276 4088 3795 4151 6260 END
START -1084 -5252 5748 3176 2596 8920 END
START -864 -5576 4168 4343 -125 13119 END
START -1040 -7412 964 5816 -977 16137 END
START -2480 -8448 328 6260 921 18573 END
START -4228 -12228 2020 5831 2409 19627 END
START -5804 -13612 4052 6831 1241 20803 END
START -5560 -16648 2664 3277 -1222 25294 END
START -6332 -20536 580 4529 -578 25701 END
START -8008 -23872 1636 2523 456 24232 END
START -7952 -27276 536 -1123 494 21878 END
START -7164 -32768 -2676 -937 -231 19602 END
START -5356 -32768 -3424 4264 1145 16217 END
START -2800 -32768 -3104 2933 2740 10071 END
START -620 -32768 -2992 -188 4586 2289 END
START -148 -32768 -612 -2794 5434 -4975 END
START -944 -32768 3136 -2328 4410 -10258 END
START -2196 -30292 5832 -4803 3707 -15302 END
START -4280 -27740 8092 -7973 2131 -19629 END
START -5556 -24160 9224 -7437 -252 -22296 END
START -5872 -20032 9952 -5373 -3731 -23128 END
START -6216 -16780 10580 -5065 -7501 -22056 END
START -6620 -14736 10132 -4236 -9898 -21586 END
START -6836 -12132 9772 -4680 -12481 -21348 END
START -6000 -8524 8212 -4348 -15194 -18705 END
START -4568 -6024 6064 -2924 -16892 -15160 END
START -2984 -3472 2896 -2262 -17802 -10987 END
START -2344 -2268 352 -2056 -17744 -6684 END
START -1744 -3748 -3912 963 -15843 -2810 END
START -216 -5144 -7108 661 -12369 -1159 END
START 732 -7460 -11152 -1402 -7236 260 END
START 716 -12056 -15756 602 -1749 1813 END
START 840 -15580 -15980 4937 2519 3709 END
START 1432 -17084 -16116 5792 6713 3733 END
START 1692 -17360 -16704 2006 12877 2582 END
START 1104 -18736 -17356 921 19057 2008 END
START 352 -18960 -16784 3978 23513 2112 END
START -440 -18532 -13740 5357 27140 1639 END
START -2544 -19088 -9480 1883 31293 63 END
START -4508 -19584 -780 -1957 32767 -1463 END
START -6064 -20392 7144 -962 31533 -1629 END
START -5596 -19820 14944 211 26339 -2049 END
START -3832 -18648 19740 -2940 20145 -3594 END
START -2140 -18276 22532 -3554 14144 -4232 END
START -272 -17576 19956 -1922 8653 -3756 END