START 5664 -17112 12072 5418 1806 1315 END
START 4476 -17268 15148 2584 2386 -1602 END
START 3204 -15236 16688 -123 -2223 -2078 END
START 3016 -13080 13768 -2115 -8637 -1026 END
START 3536 -11352 7848 -1837 -11430 780 END
START 3952 -10248 3332 -1598 -10568 978 END
START 3328 -9136 1696 -3057 -10272 1946 END
START 2072 -8512 1956 -1233 -10330 3698 END
START 176 -8720 2748 1297 -11050 5406 END
START -556 -10068 2212 1916 -12379 6808 END
START -584 -11140 1192 412 -12572 7606 END
START 336 -11488 584 1171 -12376 9559 END
START 548 -12080 -808 1938 -12271 11159 END
START 1020 -14088 -884 2855 -11991 11555 END
START 368 -15008 -3176 1492 -11001 12240 END
START 112 -15088 -3300 515 -8496 12043 END
START 220 -15028 -3048 -446 -6763 12978 END
START -584 -14216 -2636 16 -6001 14284 END
START -524 -16292 -4436 -110 -5154 15332 END
START -1048 -18808 -7032 493 -2113 14971 END
START -1568 -19576 -6628 1904 1261 15179 END
START -1864 -21276 -4352 2589 2773 14379 END
START -2012 -22644 -3704 213 3735 12958 END
START -1900 -25144 -5096 -1673 5703 11005 END
START -1940 -26224 -3920 1259 7524 8700 END
START -1064 -26544 -2324 2227 7769 6607 END
START -1048 -27140 -1020 1137 9231 3589 END
START -968 -27824 1016 -740 9591 -251 END
START 164 -26484 2028 -2124 8253 -3386 END
START 1312 -25604 1260 -4218 7272 -5610 END
START 1072 -24860 724 -4839 7320 -7724 END
START 552 -24136 1252 -4045 8015 -9994 END
START -560 -23100 2136 -4305 7681 -11492 END
START -704 -22472 2644 -3624 6709 -12479 END
START -812 -21824 3232 -1459 5945 -13234 END
START -1812 -20912 3380 -1240 4830 -14008 END
START -2116 -20720 4044 -1760 3817 -15990 END
START -2296 -18788 4096 -1662 2269 -16562 END
START -1656 -16264 4140 -47 755 -16406 END
START -1768 -13844 3556 79 209 -15886 END
START -1428 -10716 3232 -576 42 -15403 END
START -876 -7004 3312 -369 -968 -13941 END
START -448 -3824 2648 153 -2182 -10485 END
START 336 440 1976 1143 -2101 -6570 END
START 1032 3004 1588 150 -2751 -2163 END
START 1164 4404 1012 1138 -2797 3328 END
START 192 3304 368 1161 -2660 8352 END
START -1884 -504 948 3313 -2758 12857 END
START -3604 -3704 1856 5350 -2772 16640 END
START -4380 -9816 2744 4570 -2981 20154 END
START -4760 -14676 2544 5768 -2121 21097 END
START -4244 -16832 2076 7110 -2311 21404 END
START -3584 -18548 1236 5114 -2792 21514 END
START -3224 -21884 -1964 4373 -1077 20537 END
START -3220 -23492 -1688 5284 -209 19967 END
START -2764 -25800 -912 7619 359 19768 END
START -2264 -29128 -1468 4738 1820 17240 END
START -1604 -31748 -740 810 3934 12350 END
START -2272 -32680 1000 1020 4140 8464 END
START -2304 -32768 3608 580 2127 4092 END
START -1608 -30724 4324 -2121 665 -989 END
START -1408 -28672 4392 -5441 -735 -5146 END
START -1480 -27036 4444 -5595 -2169 -8020 END
START -2288 -24976 5044 -3697 -3581 -10132 END
START -3604 -23352 5464 -2840 -3912 -11961 END
START -4072 -20956 7140 -3920 -5099 -14140 END
START -3952 -18056 7400 -4859 -7203 -15396 END
START -3856 -15752 6760 -4222 -8743 -14766 END
START -3236 -13436 5632 -2896 -10510 -13745 END
START -3136 -11616 4080 -3038 -10917 -12699 END
START -2508 -10160 1788 -1941 -10321 -11438 END
START -1480 -8948 616 -1254 -9516 -9517 END
START -896 -8856 -1556 -43 -9188 -6661 END
START -136 -9644 -4772 -6 -7673 -4542 END
START 212 -10648 -7584 659 -4529 -3043 END
START 12 -11924 -8540 2027 -1305 -2158 END
START 608 -12284 -8744 1126 1357 -1177 END
START 536 -12740 -8204 -585 3958 215 END
START 184 -13668 -7588 2270 6637 1976 END
START -68 -15388 -6768 2757 8525 2974 END
START -708 -17988 -5980 1036 10116 2565 END
START -1440 -19084 -6380 358 12296 1869 END
START -492 -19484 -7404 -841 14405 1321 END
START -372 -20120 -8172 -85 17574 331 END
START -312 -20560 -7132 625 20688 -796 END
START -908 -19324 -4264 -83 22779 -1966 END
START -1568 -18152 1004 -1062 24387 -2404 END
START -2428 -17860 8008 -1160 23853 -3124 END
START -2764 -17656 13808 -2234 20010 -3365 END
START -2528 -16856 17912 -363 14611 -3041 END
START -508 -15940 18864 -1330 9585 -3596 END
START 12 -14160 18260 -2394 5157 -3662 END