START 5528 -14860 9056 4975 -2710 -1517 END
START 5244 -13948 10216 -210 -3631 -1922 END
START 5072 -14848 9784 -4654 -5229 -2094 END
START 3928 -14620 8956 212 -6405 -2403 END
START 3692 -12936 7792 1592 -9312 -1700 END
START 3240 -10908 6200 -1385 -11075 -1228 END
START 2984 -9804 5084 -3524 -11924 -270 END
START 1944 -8172 3000 -1346 -13672 1429 END
START 3256 -8732 548 695 -14983 3860 END
START 2716 -8920 -680 607 -14106 5421 END
START 1588 -8968 -1984 1 -13080 6729 END
START 1248 -9440 -2544 904 -12972 8926 END
START 1088 -9708 -2416 1472 -12361 10734 END
START 792 -11200 -4772 453 -11081 12431 END
START 868 -12588 -7432 484 -8394 13660 END
START 276 -13760 -6776 3120 -5286 14041 END
START -1120 -14148 -4308 5598 -3990 15120 END
START -1952 -14820 -2228 5042 -3245 15763 END
START -2468 -15688 -2596 1388 -2841 17102 END
START -2632 -18020 -5264 1104 -2034 17564 END
START -2872 -20288 -7408 2517 278 17602 END
START -2620 -21200 -6972 3686 3337 16707 END
START -2600 -21940 -6384 8 5616 15126 END
START -2324 -22712 -6440 -916 7719 13887 END
START -2744 -24152 -4980 2751 8867 13587 END
START -2992 -27088 -3392 4979 10218 11578 END
START -3216 -29696 -636 3676 11174 8041 END
START -2420 -30760 1232 -958 11116 3079 END
START -740 -30596 1840 -2495 10617 -1079 END
START 148 -29508 1076 -1933 10268 -4318 END
START 316 -27932 768 -2158 10457 -8048 END
START 96 -26396 1504 -2238 10369 -10773 END
START -1024 -24752 3444 -2054 9211 -13080 END
START -1728 -23008 3596 -2646 7871 -14362 END
START -2272 -20620 3876 -3451 6789 -15683 END
START -2428 -18728 3764 -4578 5503 -16219 END
START -2460 -17668 5176 -1188 4951 -16145 END
START -2816 -15892 6156 -564 2291 -15679 END
START -1864 -14932 6040 -2356 413 -15576 END
START -1484 -12964 6484 -3854 -1174 -14812 END
START -1320 -11364 7164 -2156 -3845 -12563 END
START -928 -10300 8068 -95 -6470 -10930 END
START -1004 -8596 8252 -2226 -8725 -9445 END
START -1472 -7028 5140 -2204 -10084 -7870 END
START -152 -5732 2852 -567 -12171 -5263 END
START 1256 -7196 -3036 2071 -12205 -2706 END
START 3308 -10976 -10400 1073 -10297 -1430 END
START 5308 -13532 -15064 -295 -6514 -1427 END
START 6424 -14156 -17160 1314 -1498 -1601 END
START 6056 -14532 -14776 5251 2696 -545 END
START 5412 -15356 -10252 4085 5206 -42 END
START 3936 -17728 -6632 2479 6331 488 END
START 3388 -18376 -3112 2156 5968 87 END
START 3096 -17380 -1524 -88 4993 -726 END
START 3756 -14488 -1204 -1766 5038 -389 END
START 3604 -12188 56 -1713 4746 337 END
START 2888 -10012 1352 -437 4477 1293 END
START 2084 -8276 3032 -1074 4677 2306 END
START 608 -7872 5900 -250 2603 4536 END
START -492 -8108 6768 2723 637 6592 END
START -660 -7672 6040 1814 -1301 8595 END
START -696 -8372 3888 382 -2135 9790 END
START -644 -8472 972 1469 -2107 11316 END
START -952 -8788 20 3019 -1844 13745 END
START -1580 -8196 -336 4637 -1270 16229 END
START -1952 -9372 -900 3582 -631 18029 END
START -4076 -10544 -1508 2447 1343 20855 END
START -4868 -13404 -628 2714 2212 23192 END
START -5504 -15680 -788 3358 2249 25521 END
START -6876 -21556 -1532 5191 2718 26852 END
START -7240 -26608 -1056 4841 3792 25035 END
START -8384 -31428 1864 1962 2598 21436 END
START -7632 -32768 956 74 -265 16514 END
START -6700 -32768 -500 -1002 -541 10331 END
START -5216 -32768 92 -1735 -1639 3798 END
START -3308 -32768 284 -3134 -2333 -2682 END
START -3204 -31992 1160 -4369 -2773 -8208 END
START -4000 -27632 2876 -3426 -4266 -11574 END
START -5280 -25340 4528 -2659 -5561 -14135 END
START -5820 -22296 6024 -6637 -7160 -17204 END
START -5876 -18596 5928 -8265 -8784 -18671 END
START -5668 -15352 5024 -8446 -9789 -18788 END
START -5612 -12248 3816 -7888 -10500 -17593 END
START -5120 -9912 3060 -8318 -11822 -15452 END
START -4476 -8708 932 -7125 -10901 -13321 END
START -4380 -7848 -116 -6469 -9854 -10712 END
START -3056 -8020 -3032 -5344 -9380 -7896 END
START -1652 -8452 -6832 -2665 -7580 -4605 END
START -740 -9028 -10420 769 -3435 -2496 END
START -968 -10536 -10864 547 440 -1623 END
START -872 -12028 -11612 -723 4098 -953 END
START -1352 -13372 -12448 1702 7482 56 END
START -1364 -15424 -13708 4174 11321 823 END
START -1284 -17676 -13348 4497 14315 -306 END
START -1212 -18436 -13108 2945 17943 -805 END
START -1592 -18712 -12404 3593 22319 -1724 END
START -1328 -19764 -8196 5314 26272 -1603 END
START -1892 -20260 -2036 6387 28892 -2190 END