START 6820 -14544 6064 3736 2051 -2204 END
START 8468 -15512 6492 2740 2307 -3703 END
START 9336 -15656 8484 4137 1682 -3639 END
START 8536 -15180 11516 6446 -444 -2778 END
START 6924 -14240 12276 3709 -3936 -2584 END
START 6104 -13884 10776 84 -6554 -3492 END
START 4624 -11696 11208 -1800 -8445 -3744 END
START 3588 -9652 10148 -1292 -11933 -1840 END
START 2948 -8352 7320 -1070 -14424 363 END
START 2604 -8740 3028 -2038 -14194 1921 END
START 2084 -8748 144 -1711 -14163 3117 END
START 1968 -8768 -1244 -384 -14176 4265 END
START 1512 -8320 -1960 165 -13171 6162 END
START 696 -8936 -2484 687 -12178 8179 END
START 792 -9544 -2112 1050 -11497 9616 END
START 1096 -9980 -2088 3056 -10899 11738 END
START 1284 -11196 -4340 2633 -9600 13447 END
START 1052 -13412 -5908 1088 -6925 13999 END
START 604 -14712 -6064 2160 -4971 14574 END
START 504 -15928 -4660 5431 -3598 15640 END
START 160 -16940 -4192 5983 -2289 16170 END
START -396 -17748 -3464 3155 -266 15651 END
START -1304 -18876 -3124 1189 891 14745 END
START -1672 -19752 -3748 1882 1317 15078 END
START -1092 -21228 -4880 2870 2883 14840 END
START -452 -22944 -5568 2664 4827 13536 END
START -400 -23824 -4496 1083 6809 11379 END
START -812 -24992 -3300 1188 8169 9888 END
START -236 -26196 -2060 1888 8296 8043 END
START -384 -26956 856 -601 8957 5225 END
START -588 -28384 2784 -1868 7453 1964 END
START 76 -27516 2592 -3551 6616 -1477 END
START 544 -26328 1652 -4642 5788 -4368 END
START 856 -24636 1032 -4539 5829 -6670 END
START 1012 -23456 836 -3978 5838 -8042 END
START 1416 -22828 640 -2891 5747 -9279 END
START 1228 -22320 -48 -3229 5820 -10481 END
START 700 -22660 784 -3064 6076 -12169 END
START 544 -21972 1444 -3597 5395 -13952 END
START 1076 -20824 1980 -4099 4605 -14627 END
START 640 -19824 2764 -3759 3560 -15170 END
START -128 -18908 2360 -2738 2825 -15799 END
START -496 -16972 2368 -2726 2895 -16403 END
START -904 -13812 3124 -3524 2171 -16571 END
START -444 -10272 2700 -3774 652 -15412 END
START -144 -7600 1760 -1959 146 -13311 END
START 260 -4460 1720 -489 -176 -10535 END
START 288 -2872 2348 605 -792 -7579 END
START -132 -1420 2040 532 -940 -5073 END
START -748 -508 2292 -966 -1207 -2064 END
START -1276 792 1960 9 -2272 2578 END
START -768 -696 1808 3361 -3115 7364 END
START -284 -2972 608 5499 -3338 11765 END
START -24 -4788 -444 6156 -2240 14899 END
START -760 -8656 -164 6895 -1706 17455 END
START -1356 -11964 556 9476 -1738 19981 END
START -1980 -14252 1388 9842 -1949 21851 END
START -2128 -16572 220 6842 -1404 22891 END
START -2592 -20244 -2440 2899 769 21879 END
START -3796 -23528 -3044 2027 2069 20215 END
START -3224 -23968 -2684 5417 2666 19921 END
START -2228 -27316 -2364 4866 4350 19050 END
START -2316 -30968 1136 6408 4975 16831 END
START -1800 -32768 2388 4249 2918 12686 END
START -196 -32768 1668 536 1879 6752 END
START 1100 -32768 1544 -1794 1124 1463 END
START 1600 -32768 2428 -2147 -117 -3458 END
START 1516 -29580 2308 -3955 -703 -7875 END
START 196 -26876 4044 -5651 -994 -11612 END
START -1488 -25008 5904 -4567 -2745 -13814 END
START -2460 -22420 7108 -2765 -5669 -15185 END
START -2620 -19564 7384 -4772 -7523 -16649 END
START -2716 -16648 6632 -6747 -9159 -17269 END
START -2776 -14268 6284 -5699 -10384 -16763 END
START -2328 -12388 4884 -4018 -11636 -15026 END
START -3088 -10052 2808 -4419 -11669 -13525 END
START -1760 -9600 1532 -4345 -10925 -12283 END
START -1332 -7836 424 -2781 -10621 -9502 END
START -1120 -7136 -1252 -1316 -10025 -6701 END
START -452 -7848 -2668 -177 -9762 -3869 END
START 260 -9064 -4296 1878 -8196 -1755 END
START 1068 -10988 -5668 2232 -6659 310 END
START 1112 -12868 -7696 2128 -4464 1016 END
START 1812 -14976 -9240 2435 -1709 1260 END
START 2632 -16172 -10736 3450 1022 1608 END
START 2860 -17440 -12368 2729 5326 1493 END
START 2684 -18880 -11916 2649 9813 836 END
START 1764 -19920 -12028 1875 12764 226 END
START 1844 -20976 -13192 2230 16834 -574 END
START 804 -20520 -13188 1505 21145 -2477 END
START 200 -18564 -11648 -1838 26008 -4248 END
START -1564 -17344 -7536 -2728 29450 -4839 END
START -2312 -16040 -768 -652 29754 -3473 END
START -2356 -16368 6112 465 27653 -2623 END
START -2612 -16744 13820 -1017 23403 -2901 END
START -1984 -18488 19636 -230 16979 -2872 END
START -388 -17720 22408 1802 11449 -3546 END
START 3444 -16484 19116 -1082 8762 -4533 END