START 8976 -16056 7920 2296 4528 2344 END
START 7236 -17700 11976 1667 1534 1661 END
START 7676 -17208 12556 6283 -1746 2605 END
START 6628 -17152 12700 364 -2983 968 END
START 5156 -17992 11652 -3373 -5007 -1750 END
START 4344 -15660 9636 -2479 -7399 -2506 END
START 4032 -14252 7956 -1166 -10391 -2335 END
START 4172 -11940 4564 -2468 -10859 -1835 END
START 3580 -9932 2088 -4609 -10461 -1059 END
START 1840 -10016 -424 -3888 -10848 160 END
START 2232 -9124 -1628 -1753 -10169 1329 END
START 1788 -8544 -1256 -222 -9516 3193 END
START 1332 -7196 -584 -1003 -9639 4718 END
START 928 -7256 -1300 -3959 -9695 6666 END
START 1136 -8304 -3624 -2829 -8867 8543 END
START 1452 -9420 -4996 -472 -7849 10563 END
START 1668 -10236 -4956 1735 -6080 11910 END
START 976 -11304 -4556 1008 -3967 13269 END
START 368 -12732 -5724 33 -2594 13732 END
START 304 -14776 -7420 213 -348 15335 END
START -212 -15900 -6796 3285 2312 15319 END
START -1084 -16192 -4284 7372 4344 16880 END
START -1296 -17684 -2776 6808 5097 16518 END
START -1316 -18812 -4108 2016 6488 16162 END
START -1528 -21768 -4244 220 8248 16074 END
START -1152 -24756 -3256 5503 8528 15870 END
START -1392 -28248 -2908 6146 8838 14368 END
START -672 -32388 -2596 1140 9581 9729 END
START 56 -32768 492 529 10316 4786 END
START 716 -32768 3108 409 9208 426 END
START 1380 -32768 4308 -1611 7526 -4292 END
START 1112 -30944 4388 -3178 6609 -8841 END
START 816 -28352 5168 -4002 5529 -12439 END
START 308 -24952 5856 -3706 3431 -14620 END
START 32 -21772 5456 -4761 1363 -15717 END
START 104 -19588 4136 -3385 502 -15787 END
START -120 -18240 3428 -2716 -742 -15422 END
START -1972 -17572 4388 -1541 -1000 -16018 END
START -3020 -16512 5776 -4269 -1772 -17084 END
START -3016 -15152 5356 -3521 -3640 -16695 END
START -1672 -11968 2492 -1613 -4678 -15837 END
START -300 -7544 -460 -3472 -3154 -14746 END
START 1248 -4168 -1620 -4640 -1793 -12635 END
START 2856 -1188 -2928 -4273 -1715 -9086 END
START 3480 -1360 -3340 981 -1549 -3473 END
START 2192 -2996 -2204 3741 -297 -220 END
START 612 -5672 -144 123 -26 1086 END
START -416 -6956 1200 1188 -364 2717 END
START -724 -7228 1460 3578 -1968 5050 END
START -40 -8284 332 3696 -1508 6690 END
START -456 -7192 1560 3567 -99 7702 END
START -456 -6460 3412 3850 -1134 11644 END
START -444 -7068 3048 6172 -2805 15440 END
START -412 -8604 1720 6009 -3597 18427 END
START -1596 -11072 -584 3988 -2789 20475 END
START -2028 -14840 -3360 3940 -1755 22170 END
START -3076 -18576 -3068 6423 -197 23588 END
START -4000 -20932 -636 5935 755 23575 END
START -4376 -21944 -652 -958 1452 21723 END
START -5972 -26880 -736 -2956 1710 20111 END
START -6468 -31448 -428 2722 96 18638 END
START -4752 -32084 396 5340 -1041 16241 END
START -3304 -32768 236 -140 -566 10080 END
START -1740 -32768 -892 -2174 -100 3841 END
START 156 -31972 -1528 -2593 344 -893 END
START 140 -29644 -464 -945 613 -5229 END
START -1040 -28048 1648 -482 242 -8694 END
START -2336 -26604 4128 -2929 -719 -12405 END
START -3448 -23988 5684 -4646 -2399 -15255 END
START -3716 -20580 6072 -5500 -4141 -16788 END
START -4028 -18036 6008 -5199 -5667 -17184 END
START -4124 -15456 5648 -4511 -7481 -16825 END
START -3900 -12944 4012 -5312 -8881 -16087 END
START -3348 -10652 2192 -4978 -9199 -14363 END
START -2568 -8904 396 -2436 -8483 -12359 END
START -1408 -7628 -1980 -2447 -8110 -9709 END
START -572 -7196 -3708 -2925 -6942 -6805 END
START -832 -9376 -5460 -1578 -4394 -4560 END
START -712 -10332 -6632 -428 -2483 -2613 END
START -332 -11500 -8696 255 -357 -1257 END
START 268 -12308 -9900 274 2775 148 END
START 552 -13212 -11356 1000 6716 715 END
START 276 -14112 -11532 2282 10342 1273 END
START -252 -16088 -11136 3151 13430 2155 END
START -740 -17060 -9600 2289 16221 1950 END
START -488 -18008 -7160 1515 18123 1536 END
START -400 -19060 -5580 -460 20244 815 END
START -524 -19484 -1932 -1290 21093 148 END
START -732 -20156 2876 -1865 20205 -851 END
START -1200 -20096 6564 -1585 17775 -1421 END
START -1196 -20224 10388 -1173 15313 -2722 END
START 424 -19024 13360 243 11473 -3635 END