START 7008 -16688 8732 378 -750 -1925 END
START 6400 -15808 9996 -3411 -1604 -2501 END
START 5020 -15180 10484 -1068 -5067 -1412 END
START 3488 -15088 11736 3635 -8660 345 END
START 2384 -14376 10364 4905 -10704 1216 END
START 1720 -13396 9136 258 -11748 -173 END
START 1564 -12356 6908 -2197 -12653 -638 END
START 1484 -10852 5116 -761 -13949 478 END
START 980 -10408 3084 1376 -14567 2016 END
START 440 -10404 2848 3161 -15015 3516 END
START -364 -10468 3272 4070 -14884 5201 END
START -1148 -10564 3492 3097 -15050 7176 END
START -1560 -11048 1868 1231 -15858 8934 END
START -1216 -12636 -2220 376 -15709 9888 END
START -640 -13236 -5844 237 -12445 9889 END
START -488 -13444 -6280 951 -8800 9961 END
START -864 -14868 -5492 2510 -7474 11092 END
START -1860 -15128 -5140 4770 -5826 12301 END
START -2584 -16336 -4548 4697 -3280 12735 END
START -3328 -16636 -3388 2790 -2264 12905 END
START -3292 -16800 -3356 2076 -1936 14124 END
START -3260 -18328 -3896 2565 -501 14377 END
START -3348 -19420 -3784 3381 829 13939 END
START -2788 -20140 -4168 1256 1783 12669 END
START -2192 -21320 -5536 -672 4215 11601 END
START -1572 -22076 -5640 35 6886 10888 END
START -1912 -23980 -3960 2944 9242 9962 END
START -2092 -26196 -1004 2381 10248 7119 END
START -1760 -26820 320 -1799 10935 3584 END
START -1536 -26308 956 -2845 11764 464 END
START -1108 -25124 1996 -1718 11939 -2034 END
START -1280 -25048 3156 -1123 11448 -3830 END
START -1816 -25004 3396 -1540 10854 -5938 END
START -2228 -25396 3584 -1027 11872 -8964 END
START -2016 -23736 6188 -794 10645 -11499 END
START -2132 -22516 7860 -2159 8225 -12420 END
START -2332 -21528 7436 -2128 6518 -13198 END
START -1380 -20508 7840 -2394 4774 -13859 END
START -984 -17932 7944 -1702 2949 -13913 END
START -1244 -16872 7748 -1827 879 -13926 END
START -112 -15728 6184 -1933 68 -13910 END
START 244 -14192 6848 -1637 -1236 -13331 END
START 336 -13668 6880 1483 -3397 -12033 END
START 412 -12868 6748 1750 -5649 -11032 END
START 544 -12444 7296 448 -6336 -9826 END
START -236 -10728 8296 -383 -7861 -9168 END
START -304 -8868 7448 620 -10245 -7160 END
START -384 -6788 3792 747 -11849 -4446 END
START 1044 -5980 -1208 -1277 -11899 -2555 END
START 1892 -7520 -5604 -1345 -10795 -478 END
START 2576 -11212 -8780 2822 -8331 1026 END
START 3336 -15728 -9940 2346 -4562 702 END
START 2420 -18880 -9000 -193 301 -1117 END