START 7040 -14360 6368 4276 -76 -1965 END
START 6632 -13852 8224 4988 -1423 -771 END
START 6320 -13328 9484 4382 -2425 425 END
START 5340 -12724 9164 2005 -3423 576 END
START 3900 -11960 9520 3242 -4982 285 END
START 2900 -11524 8176 4495 -8875 2033 END
START 2412 -13048 6588 4592 -11081 2348 END
START 1100 -11192 3712 1973 -11188 3208 END
START 1244 -11868 3756 -771 -11199 3608 END
START 1276 -11144 2204 -2189 -12893 4515 END
START 1000 -10992 400 -331 -13438 6751 END
START 888 -10988 -2256 -82 -12359 8665 END
START 936 -11164 -3284 -884 -11899 9430 END
START 56 -11484 -4576 -881 -10678 10436 END
START -332 -12360 -5804 81 -8974 11558 END
START -144 -13324 -6452 267 -6660 13968 END
START -648 -14240 -7052 1441 -4264 14957 END
START -980 -15504 -6532 2115 -2286 15351 END
START -920 -16752 -5516 1220 87 15333 END
START -1936 -18220 -4104 368 1487 15841 END
START -2312 -19940 -4168 1248 2097 16157 END
START -2180 -20920 -5816 1135 4277 15199 END
START -2044 -21732 -6316 -362 7278 13442 END
START -1856 -23252 -5960 45 8998 12398 END
START -1672 -25084 -6024 1526 11010 10651 END
START -1992 -26888 -3616 3002 12686 8071 END
START -1984 -27920 -844 2195 13730 4534 END
START -1680 -28172 844 -1326 13171 968 END
START -1168 -28260 1796 -2526 12344 -2211 END
START -800 -27384 2852 -1569 11202 -5321 END
START -1280 -26884 3848 -1741 9857 -7829 END
START -1156 -25888 3584 -3310 8242 -10845 END
START -1248 -23508 3040 -5353 7772 -13672 END
START -1336 -20816 3256 -4280 6856 -14705 END
START -1388 -19076 3524 -1640 5319 -14568 END
START -1392 -17988 3068 -831 4345 -14762 END
START -1340 -16912 3244 -1472 4112 -15451 END
START -928 -16224 4224 -3051 3348 -15177 END
START -612 -15392 5544 -2223 1007 -14859 END
START 76 -13872 5596 170 -1962 -13456 END
START 240 -12564 4852 902 -3501 -12291 END
START 512 -12008 5956 514 -4269 -11459 END
START 544 -10304 7684 -114 -6624 -10460 END
START 24 -8040 7900 -51 -10643 -7670 END
START 92 -6880 2212 -915 -11608 -5591 END
START 1804 -6388 -2592 -3652 -11056 -3532 END
START 4052 -7412 -9552 -2507 -10359 -1534 END
START 6004 -10272 -14936 2667 -6626 585 END
START 6776 -13460 -17452 3588 -1778 1367 END
START 6372 -16228 -14604 3464 3362 708 END
START 5232 -17792 -9800 3311 6354 107 END
START 4232 -17852 -4852 3090 6624 305 END
START 3760 -18648 -1872 2032 5933 -28 END
START 3720 -16856 -928 -1049 5593 -840 END
START 3468 -14868 88 -1438 5426 -1127 END
START 3056 -12820 1760 -712 4264 -209 END
START 2792 -10604 2912 -336 3083 532 END
START 1892 -8796 3384 -2369 1744 1479 END
START 1480 -8200 3456 -2204 993 3697 END
START 1100 -7664 3256 329 47 5699 END
START 1124 -7872 2660 1210 -1320 7593 END
START 656 -8248 1932 2196 -1704 9538 END
START -240 -8676 1680 3061 -1374 11196 END
START -628 -8992 1876 3600 -1536 13083 END
START -1356 -9172 1644 3692 -2349 15339 END
START -1088 -9696 -548 2814 -2298 17507 END
START -1720 -11916 -2884 1721 -149 19234 END
START -3480 -14336 -2088 3537 1013 20737 END
START -4504 -15948 -208 4176 870 21911 END
START -5912 -18400 1128 4128 297 22804 END
START -6932 -21708 1744 2181 -1357 24416 END
START -7852 -25800 1040 -174 -1583 22811 END
START -6924 -29084 104 -1611 -3176 20167 END
START -6224 -32768 -2244 -54 -4051 16265 END
START -4720 -32768 -3988 -711 -2983 10370 END
START -3252 -32768 -2916 -2314 -1688 3460 END
START -1672 -32768 -1732 -3311 -1591 -2424 END
START -1696 -30664 -504 -3464 -1853 -6955 END
START -2588 -27880 1112 -4462 -2544 -10683 END
START -3852 -25816 2420 -4900 -3533 -14098 END
START -4728 -23144 3272 -6270 -4801 -16577 END
START -5344 -20700 3496 -6259 -6094 -18243 END
START -5032 -16920 3208 -6595 -7134 -18834 END
START -4520 -14460 2780 -7952 -7891 -17670 END
START -4772 -12436 1552 -6564 -7672 -16264 END
START -4684 -11848 1552 -4336 -6995 -14615 END
START -4100 -10240 484 -3485 -7844 -12928 END
START -3596 -8744 -1396 -4053 -7612 -10601 END
START -2580 -9124 -3276 -4120 -6337 -8754 END
START -2084 -8744 -4556 -834 -5142 -6227 END
START -1544 -9484 -5812 1165 -3630 -3653 END
START -1072 -10192 -7480 354 -2239 -1819 END
START -988 -12576 -10124 113 1282 -1007 END
START -668 -13588 -10140 794 4045 -348 END
START 412 -14432 -11304 349 5803 849 END
START 1476 -15388 -13560 -1213 9371 1370 END
START 1364 -17248 -15632 -4293 13498 777 END
START 828 -18928 -16176 -3413 18266 479 END
START -316 -18896 -14376 -1271 22166 373 END
START -752 -19100 -10980 -5757 25607 -1154 END
START -636 -16788 -8492 -13136 29341 -2429 END
START -2016 -15252 -3432 -13404 30912 -1323 END
START -4056 -16824 6244 4395 26676 3346 END
START -4612 -19748 12316 9293 21395 2830 END