START 8160 -20040 6540 3463 6018 -1075 END
START 7964 -20040 8900 19 4258 -3416 END
START 6860 -19616 10992 -1415 2871 -5014 END
START 5144 -18288 13420 -11 -750 -4829 END
START 3368 -15944 13840 1754 -4450 -5401 END
START 3324 -12976 12680 -136 -7692 -5488 END
START 2368 -10820 10552 -1275 -10238 -4916 END
START 2360 -8624 7432 -264 -11943 -2848 END
START 2404 -7016 3820 -676 -13215 45 END
START 1904 -6792 84 -915 -12572 1893 END
START 1316 -6988 -1424 -298 -11678 3304 END
START 564 -7552 -1040 2377 -11569 5824 END
START 248 -8268 -2260 2721 -10913 8717 END
START 344 -9180 -2712 2895 -9426 10279 END
START 180 -10804 -3188 2092 -7667 11498 END
START 568 -11716 -3492 2246 -6359 13768 END
START -300 -13536 -4196 2971 -4757 14704 END
START -604 -15472 -3268 3818 -3170 15578 END
START -1104 -16672 -3804 3093 -1716 15490 END
START -1212 -18348 -4552 2981 132 15730 END
START -1428 -19104 -5184 2446 1852 15546 END
START -480 -20272 -5388 2878 3727 15717 END
START -332 -22296 -5048 2074 6276 14822 END
START -664 -25188 -3100 1209 8128 13114 END
START -336 -27416 -396 371 8545 10791 END
START 1416 -29108 2064 -960 7940 8364 END
START 2056 -30196 2876 -2567 7653 4872 END
START 1764 -30248 2800 -4176 7116 696 END
START 2932 -29120 1768 -5375 6442 -2964 END
START 2688 -27860 796 -5421 7642 -6432 END
START 1596 -24980 1168 -5345 7356 -8756 END
START 624 -24468 1652 -3574 6306 -10503 END
START -712 -24496 1436 -3325 6429 -12563 END
START -1536 -24308 3236 -4119 6367 -14621 END
START -1936 -23864 4936 -3634 4215 -16242 END
START -2004 -22080 4580 -2323 2212 -17535 END
START -2148 -19904 4388 -3559 1043 -18483 END
START -1912 -16608 4312 -4786 85 -19067 END
START -1580 -13120 3016 -2964 -803 -18138 END
START -1408 -8616 1876 -2017 -1728 -15907 END
START -264 -4716 1088 -2758 -1654 -13538 END
START 108 -1632 680 -1961 -529 -10713 END
START 160 332 2016 77 -602 -6964 END
START 240 2144 2084 -271 -2306 -2998 END
START -660 2212 1844 -719 -1658 1306 END
START -2356 -1216 3816 34 -2048 5260 END
START -2376 -3112 3420 1699 -4579 8866 END
START -1244 -5216 840 4246 -5153 12013 END
START -192 -7472 -1056 5207 -3620 14669 END
START -244 -9412 -380 5721 -1515 16422 END
START -1064 -11656 -120 5710 -1069 17902 END
START -1148 -12560 -804 3602 -1085 19921 END
START -1812 -13996 -784 5512 -637 22620 END
START -3120 -16312 -596 9082 15 25040 END
START -4548 -20984 -1640 8262 -94 26073 END
START -3456 -23556 -4004 2047 2216 23698 END
START -3952 -28164 -3892 806 4685 21250 END
START -4352 -32752 -280 7891 3175 20404 END
START -4540 -32768 2100 6757 1639 15859 END
START -3528 -32768 4472 -3765 878 7330 END
START -2756 -32768 5248 -9239 -1336 -593 END
START -712 -32768 2916 -6351 -3733 -5915 END
START -124 -30900 1980 -5731 -4648 -10574 END
START -1612 -27948 3764 -3569 -5236 -14096 END
START -2932 -24692 5216 -4468 -6911 -17063 END
START -3892 -20024 5832 -7015 -8696 -18976 END
START -4476 -15948 6364 -6707 -10251 -18829 END
START -4492 -12056 4748 -4987 -11375 -17449 END
START -4704 -9056 2848 -5681 -11847 -15273 END
START -3964 -7776 -380 -7312 -11066 -13032 END
START -3404 -6708 -2780 -5723 -8606 -10761 END
START -2980 -7028 -5868 -2351 -6855 -6958 END
START -1656 -7532 -8184 591 -4516 -3844 END
START -728 -9212 -9520 2010 -778 -1803 END
START -628 -10828 -9988 1282 2876 -1567 END
START -232 -11144 -10840 1178 5820 -65 END
START 144 -13236 -11764 2185 9384 1538 END
START 60 -15056 -13108 3311 12844 2662 END
START -916 -17904 -13944 4806 17873 1888 END
START -1992 -19116 -13620 4096 22636 960 END
START -2564 -19740 -11076 2806 26765 -171 END
START -3092 -17612 -6724 109 29414 0 END
START -3932 -18020 1784 950 30297 -474 END
START -5500 -19504 13872 2655 25962 -1092 END
START -4732 -21488 20684 -2950 19356 -3465 END