START 7328 -10496 9892 -1459 -2084 -1703 END
START 5776 -10408 10684 1009 -5710 374 END
START 4732 -10176 10412 4273 -8975 3380 END
START 3052 -10884 8628 2084 -10770 4216 END
START 1936 -10496 7560 -2423 -10877 3493 END
START 992 -10300 4936 -3094 -12007 4252 END
START 532 -10236 1844 -1434 -13291 5803 END
START -112 -10396 -760 1186 -12556 7760 END
START -1264 -10944 -1760 741 -12641 9199 END
START -800 -11444 -4624 -1299 -12466 10165 END
START 136 -12476 -8108 -1737 -9862 10755 END
START -44 -12832 -8112 78 -6364 12059 END
START -72 -13320 -7856 4564 -4923 14457 END
START 556 -15644 -9364 5376 -3358 15768 END
START 756 -18028 -10524 3096 288 16305 END
START 792 -19464 -9488 2870 4786 15688 END
START 484 -22288 -7296 4787 6664 15561 END
START 60 -24988 -6104 3498 8431 13927 END
START 384 -27104 -5096 -2479 10295 10507 END
START 1524 -28544 -4816 -4207 12097 7786 END
START 2252 -29592 -2688 -851 12938 5622 END
START 2588 -30328 744 -678 12977 1942 END
START 2380 -30780 4504 -2873 12452 -2934 END
START 2792 -29504 6968 -5342 10816 -7332 END
START 2424 -27448 8548 -4516 7864 -10289 END
START 2052 -24900 8140 -4212 5488 -12372 END
START 1412 -22320 6624 -4965 3559 -14022 END
START 1032 -20420 7092 -4988 1995 -15759 END
START 620 -18336 6932 -2850 -308 -15603 END
START 28 -16040 6108 -1826 -2964 -15164 END
START 856 -14128 4604 -2558 -3923 -14808 END
START 1048 -11728 3496 -2694 -3424 -14139 END
START 336 -10172 5176 -1104 -5014 -12575 END
START 272 -7532 5044 -231 -8644 -9820 END
START 324 -8036 996 -1227 -9654 -7444 END
START 616 -6852 -1752 -4173 -8556 -6047 END
START 2092 -7576 -4408 -4582 -7610 -4879 END
START 3196 -7988 -7544 -2006 -6738 -2545 END
START 4716 -9172 -10944 -1816 -5513 -249 END
START 5704 -11976 -12964 267 -1835 906 END
START 6444 -13068 -13716 944 2136 1291 END
START 6464 -13364 -11644 886 5055 1852 END
START 4688 -13696 -8144 2802 7426 2906 END
START 3416 -13892 -3572 1675 8873 3133 END
START 2404 -13536 340 -553 7476 3323 END
START 2224 -11936 2028 1113 5580 4427 END
START 1600 -10260 3480 920 4933 5383 END
START 944 -9848 4504 -798 2886 6695 END
START 976 -10088 3176 1178 1157 8161 END
START 1820 -10768 1568 2897 610 9420 END
START 1736 -10864 804 3363 485 11017 END
START 1044 -11940 1876 4361 1007 12074 END
START -136 -13580 3184 5058 608 12754 END
START -336 -14344 1948 3818 -243 13999 END
START -520 -14296 1152 3002 391 14342 END
START -1252 -14760 2268 1776 212 15362 END
START -2424 -16104 2392 2443 -1547 16773 END
START -3280 -19052 1528 4269 -3290 18054 END
START -2172 -21336 -1432 3790 -4162 18563 END
START -1996 -23964 -1344 1721 -3474 17099 END
START -2264 -26528 -1236 -274 -3326 14578 END
START -1516 -29252 -2080 244 -3583 11566 END
START 348 -30796 -5628 -815 -3279 8324 END
START 1352 -31756 -6336 -1818 -739 3339 END
START 1092 -31560 -4488 -1724 1393 -1348 END
START 24 -31056 -1388 -1621 1588 -5568 END
START -1420 -29520 2544 -1928 730 -10007 END
START -1936 -26772 4824 -4317 -436 -13883 END
START -2428 -23880 6456 -4491 -3190 -15925 END
START -2800 -20044 7140 -5119 -6367 -16933 END
START -2820 -17312 5624 -7279 -7716 -17582 END
START -2972 -14628 4704 -8896 -8945 -17539 END
START -2764 -11980 3568 -6263 -9862 -16250 END
START -3036 -10144 2280 -5050 -11438 -13734 END
START -2420 -8616 -684 -5061 -11623 -11590 END
START -1312 -7608 -4212 -6164 -9915 -9427 END
START -420 -6576 -6708 -4033 -6694 -7127 END
START 272 -7152 -8624 -39 -4708 -4014 END
START 596 -8248 -11492 1368 -1974 -994 END
START 320 -10172 -12888 -349 2761 5 END
START 44 -11140 -13688 -1284 7249 1321 END
START 136 -12548 -13756 2505 10608 2980 END
START -76 -13420 -13700 5269 14358 4565 END
START -884 -15208 -13172 3747 18279 4305 END
START -764 -14584 -11672 -1366 21888 3847 END
START -728 -14452 -7804 -2907 24873 4472 END
START 140 -14960 -2076 -2653 24715 5689 END
START -960 -18504 3852 -2102 22664 5368 END
START -1416 -21996 10668 -4740 20306 3307 END
START -1288 -24436 15476 -6646 15700 498 END