START 7664 -13284 9064 -370 2408 1444 END
START 8012 -14844 12052 326 -1627 3682 END
START 7196 -17192 10672 -676 -2637 3010 END
START 5744 -17820 11240 -1066 -4133 482 END
START 4300 -16776 10108 647 -7837 -672 END
START 4588 -15504 8244 -437 -10230 -1947 END
START 4172 -12396 6476 -1423 -10841 -1878 END
START 3468 -9916 5868 -644 -11782 -1050 END
START 4096 -8004 3380 -796 -13023 985 END
START 2964 -8032 1472 -691 -13086 2842 END
START 1936 -7612 -316 -568 -12645 4001 END
START 1100 -6572 -1448 -912 -12946 6131 END
START 1240 -7372 -3448 -579 -12907 8709 END
START 1996 -8496 -5360 1937 -10873 11461 END
START 2336 -10512 -6500 4396 -7841 13428 END
START 1768 -12672 -6076 6322 -5140 15175 END
START 1836 -14308 -6524 7133 -3613 15780 END
START -436 -16944 -3388 1949 -714 15640 END
START -1248 -18404 -3020 1227 463 15497 END
START -1852 -19524 -1660 3698 1193 15552 END
START -1616 -19768 -564 6168 1600 16405 END
START -1456 -20428 -756 3314 1941 16099 END
START -724 -22292 -3468 648 2417 15033 END
START 204 -24528 -5860 583 4283 13721 END
START 400 -26464 -5792 5088 6539 11958 END
START 956 -27428 -3192 5855 8020 9211 END
START 1140 -29384 -1336 341 9316 5077 END
START 432 -29104 452 -3512 9829 992 END
START 440 -27908 1172 -5327 9709 -2621 END
START 428 -27000 2424 -2306 8796 -4698 END
START 636 -25768 3628 -1311 7218 -7088 END
START 388 -25204 4372 -3853 6264 -9685 END
START 8 -24208 4724 -5830 5274 -12458 END
START 112 -22692 4432 -6245 4208 -14342 END
START -4 -20816 4168 -4918 3070 -14935 END
START -700 -18976 3748 -4120 1930 -15497 END
START -372 -16920 3396 -3722 1450 -16265 END
START -156 -14184 2828 -4422 1333 -16162 END
START 288 -12076 2172 -4676 1568 -15114 END
START 600 -9640 1760 -2564 1680 -12896 END
START 840 -8912 2160 -1033 1256 -10316 END
START 516 -8432 2492 242 205 -8042 END
START 684 -7800 1960 -741 -763 -6360 END
START 776 -6980 1300 -1430 -794 -4735 END
START 608 -5976 596 -1096 -1511 -2103 END
START 1672 -5468 592 1055 -1457 1071 END
START 1700 -5676 56 2004 -1847 3458 END
START 2200 -6128 -476 1235 -2029 5649 END
START 1772 -7112 -1128 1079 -1205 7729 END
START 1196 -8124 -1064 3425 493 10502 END
START 388 -10292 840 5662 285 12736 END
START -288 -12012 1432 6124 -782 15099 END
START -1052 -13768 416 5646 48 15904 END
START -1400 -14400 420 3783 972 15833 END
START -1616 -15212 52 3196 1838 16439 END
START -1812 -16908 676 7258 1609 18467 END
START -2300 -19380 -16 7208 2024 18688 END
START -2448 -20996 72 3472 3700 16836 END
START -3052 -22232 1664 487 3789 15299 END
START -3076 -25400 3228 4715 1725 15634 END
START -2648 -28568 2908 4581 48 13400 END
START -2388 -30792 3192 -762 -453 8438 END
START -1624 -31596 3720 -2117 -1562 3784 END
START -472 -30840 3272 -2620 -3095 -502 END
START 140 -28976 3228 -2825 -4058 -4301 END
START -364 -27088 4476 -3543 -4724 -7608 END
START -1016 -24160 5056 -3069 -5832 -10338 END
START -1528 -21372 5576 -5095 -7346 -12695 END
START -2116 -18868 5400 -5776 -8400 -13759 END
START -2368 -16216 5236 -4766 -9001 -13897 END
START -2668 -14168 4432 -4835 -10057 -13278 END
START -2696 -12380 3652 -4857 -11107 -12122 END
START -2640 -10888 1956 -4700 -11271 -10413 END
START -2044 -10024 196 -3733 -10258 -8707 END
START -1368 -9492 -2080 -3503 -8659 -6824 END
START -768 -9820 -3820 -2791 -7056 -5060 END
START -488 -10588 -5400 -1215 -5192 -2908 END
START 80 -11724 -6032 2092 -3378 -649 END
START -188 -13776 -7060 2278 -533 -269 END
START 172 -14804 -7668 1378 2236 -235 END
START 180 -15928 -8428 475 4945 -116 END
START 396 -16628 -8596 1524 7661 485 END
START 88 -17372 -8296 2819 10092 683 END
START -80 -18032 -8132 1744 12587 257 END
START -464 -18648 -8608 1121 15560 -433 END
START -756 -17968 -7520 413 17859 -793 END
START -72 -16044 -7292 -2713 19705 -935 END
START -436 -15744 -9060 -4928 23234 -675 END
START -2108 -17232 -5168 -1896 25776 148 END
START -3736 -18648 -312 1611 24273 272 END
START -3416 -18612 3064 -5024 25056 -2269 END
START -2812 -16780 10996 -10290 24530 -3791 END
START -3720 -18032 18572 -5460 19140 -2061 END
START -1968 -20880 20980 -822 10439 -1204 END