START 3148 -18396 19972 -835 -1892 1901 END
START 1572 -18024 19604 -5487 -7101 -2048 END
START 2004 -15040 16972 -1631 -11591 -2172 END
START 2756 -13304 10356 -359 -15196 -764 END
START 3428 -11680 3120 -2898 -15885 -873 END
START 4004 -10128 -2000 -3002 -13454 -495 END
START 3472 -8660 -2880 -2424 -10659 721 END
START 2292 -7384 -1348 -10 -9446 2934 END
START 304 -7300 984 -9 -9708 6446 END
START -1300 -9288 -172 -1835 -10429 7939 END
START -1508 -10876 -2560 -3481 -10114 9363 END
START -936 -11520 -3712 -1535 -9040 10369 END
START -796 -10696 -3884 -460 -7434 11071 END
START -1204 -10700 -2596 -1162 -5503 12188 END
START -1592 -12624 -3052 -1467 -4599 13725 END
START -1736 -13280 -3264 818 -3567 14911 END
START -2396 -13752 -4384 1531 -587 17324 END
START -3712 -14432 -2448 1988 837 18165 END
START -3576 -17348 -2628 1729 478 19793 END
START -3140 -20260 -6656 997 2839 19022 END
START -2692 -22172 -6372 1020 6741 17951 END
START -3200 -23408 -4468 1926 8204 17114 END
START -3460 -24524 -2408 905 10056 15171 END
START -4640 -26492 452 -714 10327 12293 END
START -4512 -28068 -56 -1482 9112 10319 END
START -3552 -29012 196 1130 9339 7523 END
START -3424 -29984 2852 3004 9221 4219 END
START -3172 -29776 4324 -497 8467 -952 END
START -2476 -29728 4752 -1912 7361 -5530 END
START -952 -27348 4292 -2041 6793 -8396 END
START -1328 -26548 5832 -44 5451 -11266 END
START -2880 -24688 6300 -906 2606 -13587 END
START -3520 -24032 5672 -2303 1902 -16296 END
START -3540 -22280 6648 -1646 599 -18557 END
START -3104 -20320 5600 67 -1621 -19240 END
START -2780 -17464 4392 -567 -3693 -18790 END
START -2732 -16180 2796 -754 -4022 -17721 END
START -2052 -14332 2648 -573 -3752 -17550 END
START -1252 -12976 2340 -789 -4805 -16187 END
START -736 -12164 976 607 -5566 -14323 END
START -880 -10468 -1088 -1592 -3981 -12965 END
START -768 -8104 -1620 -3039 -2562 -11852 END
START -576 -6060 -3580 -1559 -1709 -9539 END
START -220 -4192 -3012 457 -645 -6127 END
START -172 -4368 -1656 1860 248 -3338 END
START -1360 -5716 432 941 -686 -1815 END
START -2044 -5784 1300 -195 -1179 1101 END
START -1060 -6560 952 379 -1050 3500 END
START 44 -7644 1744 630 -2198 5963 END
START 216 -8176 1312 1311 -3206 8580 END
START -60 -10420 1032 2898 -1706 11104 END
START -76 -11264 836 2440 -2492 12489 END
START 888 -11300 964 1682 -2886 13754 END
START 452 -12148 -400 3390 -2130 16855 END
START -392 -14512 -964 4519 -2536 19343 END
START -1424 -17132 -2376 2307 -1443 19006 END
START -2468 -19612 -2876 -2617 889 18567 END
START -4360 -23260 360 3259 1871 18343 END
START -4600 -24468 3564 4238 -1207 17108 END
START -4236 -25076 3524 -1280 -1518 14118 END
START -2636 -23944 632 -3120 -1737 11916 END
START -2216 -24084 -820 -2522 -1556 10356 END
START -1204 -24440 -1372 296 -2536 9409 END
START -368 -26768 -2364 -490 -521 5953 END
START -684 -28148 -2764 -1815 812 1585 END
START -1216 -29024 -928 -708 1421 -1945 END
START -1608 -27852 760 689 1476 -5677 END
START -2164 -26412 2036 -1949 1035 -9343 END
START -2944 -24432 3516 -2947 283 -12575 END
START -3016 -22060 5456 -2990 -1666 -14603 END
START -3612 -19996 6156 -2899 -3987 -15393 END
START -4044 -17492 5372 -4397 -5380 -16359 END
START -4208 -14740 5280 -6667 -6958 -16367 END
START -3604 -11448 4480 -5129 -9375 -14324 END
START -3528 -9356 2100 -2571 -10073 -11533 END
START -3900 -9132 1296 -2120 -11022 -8354 END
START -2736 -8580 -1768 -1499 -10437 -6288 END
START -1800 -7968 -4356 -2377 -8638 -4402 END
START -888 -8776 -8392 -894 -5991 -1345 END
START 108 -11652 -11632 860 -1947 916 END
START 772 -14000 -14376 517 2841 845 END
START 1356 -15152 -16520 -23 9338 18 END
START 1540 -16396 -16608 427 14647 -377 END
START 532 -16948 -15592 3658 19928 512 END
START -1636 -17940 -12440 7589 24869 1118 END
START -3620 -18136 -9972 8958 29761 -929 END
START -5164 -16260 -4544 6925 32767 -3009 END
START -4384 -14280 2124 4288 32767 -3840 END
START -6008 -14968 11720 4715 32107 -2593 END