START 9068 -15644 7148 1649 -1821 -925 END
START 9112 -15140 7292 -1230 -1968 -1624 END
START 7216 -15468 8564 -2894 -2285 -2395 END
START 5360 -14712 9640 610 -5656 -1546 END
START 4500 -13972 8072 1925 -8198 -1124 END
START 4140 -11672 6308 391 -9254 -799 END
START 3384 -11184 4512 -1442 -8127 567 END
START 1920 -9516 3332 -188 -9106 1503 END
START 1612 -9272 2800 711 -10653 3261 END
START 1272 -8680 1796 494 -10998 4797 END
START 1096 -8224 560 -1165 -11163 6761 END
START 708 -7952 -428 -2645 -10712 8512 END
START 748 -9436 -2560 -1166 -10644 11075 END
START 1348 -10692 -5036 1236 -9184 13105 END
START 1400 -11916 -7052 2116 -6111 14506 END
START 988 -14028 -7228 3543 -2699 15490 END
START 956 -16780 -7096 3626 -300 15892 END
START 192 -19208 -7024 3767 1865 15935 END
START 232 -21248 -7016 3842 4730 14958 END
START 720 -23140 -4884 4829 6930 14316 END
START 1200 -25136 -4272 3568 8043 12820 END
START 1360 -27208 -3744 -1283 9043 9685 END
START 1568 -28564 -3224 -2410 10869 6198 END
START 1984 -29104 64 -439 10888 3609 END
START 2672 -29112 2640 -1443 9668 1121 END
START 1896 -28788 3612 -5956 8818 -3033 END
START 1944 -26924 3024 -7743 9781 -7111 END
START 1252 -25676 3488 -5139 8672 -9033 END
START 1684 -23640 4644 -2408 6644 -10748 END
START 1524 -22240 5116 -3681 5341 -12399 END
START 1376 -20856 5228 -4795 4688 -14103 END
START 2072 -19716 5180 -5324 2968 -14658 END
START 2080 -19168 6020 -2182 860 -14466 END
START 464 -19428 6868 289 -509 -15057 END
START -588 -18012 8236 -348 -2415 -16576 END
START -364 -12508 5880 -2769 -3404 -17184 END
START 748 -5576 3144 -4471 -4395 -15131 END
START 2940 -872 -784 -2420 -5080 -10198 END
START 4016 -676 -4956 1783 -4253 -5797 END
START 4632 -1512 -6512 2478 -1605 -2267 END
START 3768 -5116 -5668 703 116 415 END
START 2276 -10956 -3384 1430 -33 1728 END
START 2344 -13796 -1836 2791 -1026 2186 END
START 3672 -15440 -1340 1394 -1767 2637 END
START 5592 -15028 -3516 -167 586 1964 END
START 5836 -15260 -1760 -757 1383 2048 END
START 5756 -15368 168 1971 -314 3087 END
START 6220 -15980 -2336 209 72 3512 END
START 5584 -15864 -2764 -1343 2358 2704 END
START 5416 -14932 -2864 -1570 3028 2099 END
START 5632 -12360 -3312 238 3000 3269 END
START 4724 -10652 -3184 1206 4042 4693 END
START 3824 -9412 -2172 -401 5940 5567 END
START 2024 -9040 1112 -1692 6347 7157 END
START -160 -9876 4652 2096 4143 9818 END
START -1204 -10216 6380 1229 1855 11796 END
START -2248 -10852 5096 200 360 13456 END
START -2104 -10736 3404 -435 -29 14377 END
START -2500 -11292 3068 679 -1118 16484 END
START -3052 -13160 1528 3456 -1536 19014 END
START -3012 -14860 124 2938 -1010 20168 END
START -3228 -17604 -504 3084 -209 20817 END
START -3576 -20388 1108 4976 40 21084 END
START -3528 -25816 1132 4115 -724 20081 END
START -3124 -30368 1672 2310 -632 16660 END
START -2320 -32768 1840 1423 -1440 12305 END
START -608 -32768 864 2383 -3662 8181 END
START 2200 -32768 -1296 -854 -3360 2451 END
START 1880 -32768 -1872 -3939 -1831 -3939 END
START 684 -32004 76 -5638 -1380 -9583 END
START -740 -28304 2928 -4684 -2491 -13278 END
START -2176 -24516 5332 -5982 -3706 -16523 END
START -3088 -20432 7404 -7589 -5567 -18460 END
START -3336 -16100 7304 -7760 -9046 -17897 END
START -3364 -12984 5452 -6406 -10690 -16570 END
START -3764 -10544 2708 -7169 -10607 -14812 END
START -3668 -8248 744 -7667 -10598 -12837 END
START -3092 -7400 -1792 -6443 -10662 -10009 END
START -1572 -6412 -4364 -3972 -8964 -6630 END
START -1012 -7368 -6376 -2779 -6718 -3842 END
START -716 -7996 -8252 -2558 -3101 -2118 END
START 96 -9552 -8516 -3641 484 -954 END
START -300 -10204 -8180 -1813 2656 1616 END
START -236 -12244 -9648 133 4459 3295 END
START -4 -13216 -10356 2732 7137 4607 END
START 236 -15448 -12560 4574 10828 4681 END
START 424 -15828 -14624 2448 15131 4434 END
START 584 -17128 -15540 2234 21038 3873 END
START -412 -16656 -14376 1421 26712 3275 END
START -1548 -16480 -7932 1033 29327 3341 END
START -2332 -17936 -588 190 29634 3955 END
START -1680 -23100 7896 483 27267 4550 END
START -4476 -21884 15636 2463 21016 2108 END