START 6620 -14964 3492 747 -228 -790 END
START 5808 -14484 3276 1111 714 593 END
START 6496 -15980 3672 2322 1225 868 END
START 6780 -15228 2704 2671 1098 1271 END
START 5680 -15116 3620 225 51 314 END
START 6292 -15212 4300 -845 -1208 -225 END
START 6628 -15572 5140 -1041 -1309 -802 END
START 6288 -15696 5672 -1186 -702 -1188 END
START 6120 -15364 6400 -116 -1764 -832 END
START 6020 -14124 6464 -65 -3091 -247 END
START 5788 -13300 6164 -446 -4146 379 END
START 5268 -12612 5904 -464 -5240 814 END
START 4884 -12120 4640 -49 -6164 1689 END
START 4444 -12104 3404 748 -5985 2688 END
START 3964 -12176 2800 495 -5759 3652 END
START 3660 -12180 2524 812 -5507 4592 END
START 3172 -12156 2528 1169 -5399 5809 END
START 3032 -12528 2104 1045 -5410 7070 END
START 2800 -12896 1184 610 -5215 7671 END
START 2384 -13056 1112 998 -4270 8210 END
START 2112 -13452 712 861 -3555 9468 END
START 1896 -14956 -964 1632 -2613 10223 END
START 1780 -14900 -1764 1749 -1189 10550 END
START 1252 -15496 -2104 1655 698 11025 END
START 936 -16012 -2628 557 2220 10999 END
START 380 -17260 -2832 347 3966 10943 END
START 172 -18292 -3756 61 5845 10906 END
START 216 -19632 -4040 150 7616 10753 END
START 324 -21024 -3608 443 9728 9824 END
START -176 -22796 -2216 293 11956 8254 END
START -264 -23956 -680 -817 12431 6305 END
START 364 -25856 892 -1620 13282 3862 END
START 36 -27568 3724 -1943 13110 1443 END
START 716 -28176 6308 -2314 11443 -1628 END
START 1148 -27912 7472 -3183 8991 -4564 END
START 1796 -26628 7740 -4645 7322 -7532 END
START 1764 -24872 8552 -3834 5848 -9881 END
START 1644 -23160 9328 -3456 3402 -11596 END
START 1700 -21628 9884 -3009 658 -13226 END
START 1264 -19800 8792 -3628 -919 -14454 END
START 1140 -18060 9440 -4119 -2005 -15158 END
START 768 -17164 9980 -1957 -4542 -14501 END
START 596 -16056 8528 -1278 -7319 -13985 END
START 304 -13520 6436 -2334 -8169 -14268 END
START 8 -11796 4096 -4857 -8796 -13998 END
START 80 -9532 2024 -4454 -8969 -12869 END
START 692 -7280 -968 -2221 -7984 -10471 END
START 1700 -6356 -3584 -3206 -6520 -8085 END
START 2012 -5052 -5860 -3133 -4428 -5791 END
START 2660 -4116 -6180 -682 -1545 -3323 END
START 1888 -4124 -5080 1397 892 -293 END
START 1100 -5640 -2576 2385 1493 2550 END
START 756 -6256 -796 2243 2454 4274 END
START 328 -6384 2044 2787 2515 6325 END
START -1016 -5812 4408 4047 1302 9440 END
START -860 -7368 4852 4238 512 12623 END
START -1332 -9120 3464 4427 -749 14200 END
START -608 -9904 976 4463 -986 16656 END
START -436 -10872 -36 5534 452 19477 END
START -340 -13884 -92 9233 1724 21402 END
START -1704 -17208 564 9398 1765 23362 END
START -2400 -21324 -380 7411 2806 23220 END
START -2332 -22948 -844 4049 5395 20220 END
START -2300 -25804 -1984 855 5903 18664 END
START -1940 -28300 -2472 1509 5994 17985 END
START -1748 -31784 -3292 2765 6969 16086 END
START -1180 -32768 -5132 3290 8923 11249 END
START 324 -32768 -4840 -1056 11548 4305 END
START -636 -32768 -344 -4307 12413 -2656 END
START -1192 -32768 3388 -3896 11247 -7367 END
START -1620 -30556 5072 -4803 9476 -11416 END
START -2652 -27120 6920 -6257 8365 -14427 END
START -4084 -23960 9636 -6142 6389 -16928 END
START -4296 -20552 10616 -6077 3410 -18001 END
START -4480 -17376 10540 -5596 1008 -18356 END
START -4516 -14552 9608 -5558 -1190 -17563 END
START -4020 -12488 8728 -3664 -3130 -16057 END
START -3512 -11448 8548 -1783 -5253 -14775 END
START -3076 -10500 7712 -203 -7104 -13591 END
START -2564 -9992 7272 321 -8850 -11236 END
START -2572 -10828 6768 1442 -10931 -9554 END
START -2064 -9396 5312 1587 -12658 -8120 END
START -1928 -9576 3124 926 -13512 -6923 END
START -1408 -8408 1104 2009 -13474 -5416 END
START -1012 -6336 -1480 3498 -13758 -1889 END
START 556 -6516 -5828 3180 -12935 1777 END
START 2356 -8536 -10816 2938 -9403 4655 END
START 4208 -13084 -19264 4520 -4186 7039 END
START 6732 -16528 -26544 4178 3113 6395 END
START 5856 -17780 -25524 4894 12822 3960 END
START 4676 -19240 -19320 4857 21913 2365 END
START -84 -21084 -7108 4469 24867 1402 END
START -2148 -22268 800 -55 24517 -395 END
START -2684 -22496 8520 -3531 22630 -2684 END
START -2660 -24220 14044 -1810 20785 -3913 END
START -2288 -20736 16876 -1453 16627 -6580 END