START 8184 -14524 8016 2696 664 234 END
START 7364 -15076 9764 5119 -2256 942 END
START 6868 -15704 9968 1528 -2778 -592 END
START 5772 -15104 10496 -2812 -4670 -1891 END
START 4900 -14580 10676 -195 -7777 -1384 END
START 3704 -12488 9140 2246 -11162 152 END
START 2948 -11396 7368 -130 -12264 705 END
START 2192 -11676 4100 -1605 -13659 1427 END
START 1872 -11116 1484 -124 -14465 1595 END
START 1500 -9948 404 588 -15012 2953 END
START 1484 -10252 -1356 819 -14956 5108 END
START 1440 -9972 -2792 601 -14240 6038 END
START 948 -10124 -3244 849 -13802 7674 END
START 1032 -10908 -4860 3430 -12935 9409 END
START 1804 -11060 -6012 2708 -11115 11018 END
START 1192 -11896 -6064 854 -7974 11926 END
START 924 -13448 -4656 2833 -6685 13713 END
START 448 -15188 -5528 3268 -6311 15135 END
START -544 -16684 -6924 2729 -4192 15360 END
START -1572 -16844 -6168 1798 -1485 15020 END
START -2392 -17356 -5276 1474 -626 15306 END
START -1616 -18648 -7160 1963 350 16373 END
START -1084 -20272 -8464 2449 3587 15897 END
START -1344 -22300 -8272 2532 6598 14798 END
START -1032 -24508 -7240 1847 8734 13021 END
START -384 -26728 -5264 1724 10784 10594 END
START -1356 -27596 -3600 1320 12032 7841 END
START -756 -28224 -2396 -871 13035 4284 END
START -624 -28044 -1208 -391 13121 1393 END
START -52 -28040 188 -23 12649 -1470 END
START 420 -28188 1684 -806 12023 -4818 END
START 420 -27788 2456 -2820 11015 -8515 END
START 428 -27052 4636 -4306 9782 -11606 END
START 124 -24984 5012 -3634 7189 -13229 END
START 108 -23520 3956 -5110 5907 -15675 END
START -68 -21628 3652 -6592 5435 -17695 END
START -568 -19336 3188 -5921 4330 -17727 END
START -452 -17876 3220 -3464 2786 -17527 END
START -520 -16176 2944 -1708 665 -16473 END
START -1164 -14120 3152 -1439 -182 -15889 END
START -1472 -11912 4264 -1841 -460 -15766 END
START -692 -8000 4480 -2143 -2216 -14181 END
START 372 -5080 3852 -2082 -4439 -11169 END
START 1164 -3832 3072 244 -6219 -6754 END
START 1624 -5372 1520 2828 -7595 -3636 END
START 2196 -8504 -2140 871 -7570 -2163 END
START 3172 -9900 -4876 85 -6942 -1678 END
START 4148 -11244 -9712 -24 -5578 -549 END
START 6680 -13228 -13972 320 -2497 375 END
START 7828 -14296 -14364 1546 1721 611 END
START 7668 -14588 -11768 2229 5403 772 END
START 6088 -16752 -7328 2724 6291 1290 END
START 4752 -17756 -3076 2977 5789 1210 END
START 4556 -17120 -916 108 5513 351 END
START 4220 -15484 600 -1484 5161 -456 END
START 4176 -11892 1172 -1273 3723 169 END
START 3808 -8572 1000 -1429 3622 1439 END
START 2140 -6992 2272 -1040 3483 3002 END
START -180 -7496 4168 1449 1154 5856 END
START -764 -7088 3816 2581 2 7954 END
START -296 -7216 1224 824 -1261 9889 END
START -124 -7248 -1100 1510 -1195 12099 END
START -332 -8828 -1284 3924 410 14031 END
START -1384 -10440 1076 6262 729 16009 END
START -2000 -11388 2088 5494 -223 18271 END
START -2264 -13032 564 3508 -875 20021 END
START -3332 -14752 -560 4065 609 21202 END
START -4648 -16688 324 4304 1036 22386 END
START -5652 -21420 1764 6034 -922 24299 END
START -5384 -26392 -1252 4569 -1363 23226 END
START -4920 -30584 -1508 2452 494 19290 END
START -2640 -32768 -1976 1294 640 15051 END
START -388 -32768 -2500 1575 -113 10733 END
START 844 -32768 -1732 405 131 5389 END
START 584 -32768 -396 -2029 220 -789 END
START 192 -32768 1908 -4580 -362 -6887 END
START -428 -31188 4448 -5260 -2189 -11628 END
START -1092 -27004 5492 -5036 -4280 -14752 END
START -2712 -23624 7044 -6089 -6340 -17239 END
START -3520 -19972 6996 -7519 -9109 -18737 END
START -3908 -16540 5800 -8099 -10877 -19308 END
START -4048 -13136 4100 -8713 -11851 -18834 END
START -4336 -10608 2112 -7648 -12667 -16437 END
START -3940 -8372 -820 -5641 -11581 -13894 END
START -3800 -7132 -2628 -3197 -10604 -10886 END
START -2636 -7360 -5744 -1916 -9864 -7471 END
START -1556 -7764 -9360 -959 -6788 -4727 END
START -1396 -8636 -10404 -643 -2386 -2876 END
START -936 -10240 -10652 -525 278 -736 END
START -448 -12372 -11364 -2192 3393 375 END
START 516 -14124 -12008 -3139 6581 633 END
START 1316 -15416 -14460 -5114 10062 1731 END
START 1448 -17228 -15140 -3654 13704 2381 END
START 1332 -19180 -15492 -510 17866 1957 END
START 920 -19724 -14176 -265 22022 322 END
START -992 -20188 -11564 -2535 27203 -1210 END
START -2520 -20064 -5580 -1567 29458 -2780 END
START -3300 -19580 1980 4107 27663 -2895 END
START -3188 -18716 9320 9536 24564 -3611 END
START -2872 -17764 14804 5131 19107 -5171 END
START -1620 -17292 16948 748 13797 -6901 END