START 5804 -18508 12216 310 2985 -2933 END
START 6528 -18628 14516 -1201 516 -4783 END
START 5100 -17116 14460 -193 -4849 -4425 END
START 5320 -15172 10936 392 -10214 -3432 END
START 5224 -13132 6060 -4 -11430 -3582 END
START 4888 -11896 2904 -1299 -11752 -3544 END
START 4640 -10400 1124 1563 -11063 -2287 END
START 3300 -9136 1520 2396 -11414 -284 END
START 1972 -8536 2156 3025 -12009 2177 END
START 740 -9264 3728 3567 -12006 3821 END
START -76 -9756 2932 1822 -13301 5344 END
START 84 -9756 -128 699 -13980 6688 END
START 1048 -9940 -2460 1249 -13063 8305 END
START 1272 -9828 -3556 2363 -11658 9981 END
START 1288 -11452 -4200 3063 -10429 12253 END
START 1052 -12532 -4648 2297 -7980 13219 END
START 432 -14040 -5128 1272 -6258 14006 END
START 284 -15876 -6184 1551 -4625 14776 END
START -228 -17080 -5420 2622 -2452 15024 END
START -1288 -17944 -4064 3453 -820 15367 END
START -1416 -19268 -4212 990 138 14900 END
START -804 -19768 -5932 26 1841 14219 END
START -644 -20768 -6820 1094 4357 14147 END
START -400 -22404 -5876 3015 6299 13730 END
START -312 -24240 -4988 1640 8231 12051 END
START -504 -27148 -4260 439 9549 9302 END
START 264 -27484 -2232 -1053 10526 6123 END
START 36 -28552 -284 -2184 10804 2631 END
START 172 -29648 2280 -1987 9866 -519 END
START 1104 -28828 3880 -2965 8726 -4055 END
START 1436 -27112 4020 -4667 6993 -7430 END
START 2116 -25352 3576 -7182 5535 -10233 END
START 1852 -23464 2708 -6297 5161 -12173 END
START 1940 -21996 1492 -5445 3750 -12875 END
START 1736 -22656 1264 -4879 2928 -13943 END
START 1584 -22128 -744 -3658 2031 -14880 END
START 476 -20836 -860 -2890 2951 -15878 END
START 156 -19152 -56 -2692 3647 -16751 END
START -428 -16396 1160 -2033 3499 -17022 END
START -220 -13592 1716 -924 1953 -15763 END
START -200 -10812 1324 834 1728 -14760 END
START 60 -7884 1148 -1463 1733 -13475 END
START -148 -5140 600 -1211 2604 -11619 END
START -288 -2480 1500 595 2132 -8415 END
START -168 -716 2376 3643 1402 -4295 END
START -880 -192 3724 2931 233 -713 END
START -1460 -612 4468 1014 -1448 2535 END
START -1744 -1200 4444 -76 -2686 6147 END
START -1552 -3100 2828 1891 -4851 9876 END
START -404 -4620 68 3222 -4831 13414 END
START -920 -7260 -656 5177 -4157 16559 END
START -1496 -10796 -932 7831 -3572 19172 END
START -1904 -13764 -1604 7821 -2300 20239 END
START -2400 -16268 -2328 5843 -539 20463 END
START -2784 -17848 -1796 4539 1196 20082 END
START -4156 -20348 -352 7024 1555 21679 END
START -5032 -22220 2076 10362 1079 22819 END
START -3440 -25552 2268 7830 -149 22273 END
START -1960 -30340 -1740 1640 393 19505 END
START -572 -32768 -2588 158 1550 15308 END
START 792 -32768 -844 2383 1550 11004 END
START 1900 -32768 1036 479 484 5018 END
START 2408 -32768 2564 -4937 81 -1664 END
START 2320 -32488 3016 -8450 -505 -7765 END
START 1084 -28248 3504 -7133 -1684 -11600 END
START -72 -25156 5076 -6326 -3584 -13987 END
START -1700 -22588 6176 -6952 -5045 -16155 END
START -2640 -19660 6460 -8072 -6618 -17310 END
START -3440 -17316 6824 -6530 -8068 -17434 END
START -3580 -14972 6060 -3576 -9813 -16148 END
START -4056 -12848 5072 -5029 -10828 -15646 END
START -3956 -10428 3336 -7179 -11310 -14450 END
START -3284 -8760 1248 -5908 -10976 -12322 END
START -2596 -7456 -96 -2942 -10635 -9478 END
START -1476 -8152 -2548 -317 -10790 -5812 END
START -628 -7764 -5004 664 -9602 -3276 END
START 88 -9380 -8424 -664 -6650 -1917 END
START 804 -10524 -9152 -668 -3417 -690 END
START 936 -12864 -9076 3050 -1367 1519 END
START 1060 -14488 -8936 4730 647 2832 END
START 1196 -16812 -9532 1876 3877 1932 END
START 1328 -17456 -9728 228 6907 1020 END
START 1388 -18448 -10180 318 9184 1215 END
START 1440 -18668 -11564 1978 11105 1133 END
START 860 -19132 -11336 1409 14308 547 END
START 160 -18596 -10476 -219 18391 -1009 END
START -608 -18084 -8700 961 21155 -1530 END
START -524 -16364 -6112 2244 23405 -1764 END
START -1008 -15044 -704 -1571 24517 -1955 END
START -836 -15732 3908 -1324 23745 -1204 END
START -52 -17912 9612 -1851 19544 -914 END
START 276 -18284 11988 -2829 16408 -1637 END
START 896 -19548 13552 -4613 13714 -4255 END
START 2632 -19028 14176 -3196 10428 -4605 END