START 2596 -4400 11428 80 -10889 1407 END
START 1632 -4108 8624 330 -13995 6054 END
START 996 -4704 3756 -778 -14454 8289 END
START 32 -5924 2028 -966 -13971 10496 END
START -1408 -8244 -40 752 -13815 11939 END
START -2040 -8760 -1560 1345 -14208 14051 END
START -1912 -12268 -4720 2926 -11641 15560 END
START -1500 -14188 -4780 3254 -8819 16324 END
START -2740 -15168 -4568 4416 -7168 16334 END
START -2460 -15960 -4396 2295 -6777 16405 END
START -3452 -19084 -4396 3046 -6005 16912 END
START -4040 -19672 -4680 3351 -5190 16600 END
START -4180 -19976 -4136 1485 -4682 15927 END
START -3704 -20400 -4076 1138 -3852 16350 END
START -3216 -21476 -6144 180 -2345 16314 END
START -3096 -22548 -7268 927 475 15117 END
START -2676 -23416 -7900 -79 3372 13380 END
START -776 -24860 -9012 820 6474 11947 END
START -612 -26468 -7428 2452 9852 10239 END
START -1532 -28388 -5484 3298 12202 7693 END
START -2640 -30256 -3076 1598 14804 2944 END
START -2156 -29656 676 -3358 15787 -2068 END
START -2072 -28760 3580 -3760 14362 -5357 END
START -1192 -27512 4380 -2582 11916 -7541 END
START -560 -25676 3500 -4050 10463 -9716 END
START -640 -23776 3832 -6453 9876 -11800 END
START -1048 -22100 4480 -6198 8324 -12582 END
START -1188 -20644 4828 -5117 6793 -12774 END
START -1796 -20008 5860 -4308 6462 -13703 END
START -1984 -18656 6608 -5718 5520 -15235 END
START -2148 -16744 6460 -3905 3667 -15611 END
START -1424 -15044 6108 -2259 2098 -15428 END
START -720 -13504 7136 -773 -39 -14116 END
START -792 -12464 6388 977 -2363 -13203 END
START -1016 -11904 5364 313 -4390 -12102 END
START -588 -10892 1984 1768 -4162 -11329 END
START 232 -9040 764 1714 -4380 -10714 END
START 1420 -8004 -308 2079 -5111 -8912 END
START 3060 -7708 -3712 2445 -5607 -5448 END
START 5160 -9996 -8464 3428 -2790 -3773 END
START 5544 -11308 -10412 2293 -322 -3444 END
START 6364 -11416 -9444 3119 2605 -2041 END
START 5084 -12472 -6264 3554 4907 -546 END
START 3476 -13828 -1716 2075 4637 237 END
START 2484 -14000 680 1848 4308 982 END
START 1912 -13396 2620 883 3747 1042 END
START 1832 -11708 3736 1063 2170 1262 END
START 1760 -9244 3540 606 1491 2659 END
START 1316 -8316 3656 1078 732 4714 END
START 1168 -7624 3864 1389 -184 6535 END
START 296 -6960 3424 1520 -1193 8566 END
START 688 -8120 2092 2413 -1684 11562 END
START 248 -8376 1396 4080 -1069 13875 END
START -572 -10520 1064 5365 -1020 16880 END
START -1348 -11976 728 6714 -477 19083 END
START -2848 -13948 484 5998 -520 20353 END
START -2832 -16172 -1592 3233 441 21432 END
START -3604 -18224 -1712 2183 2062 21819 END
START -4308 -21124 -968 296 2089 22059 END
START -5200 -25228 -52 120 1465 21588 END
START -5044 -29132 -1192 -311 1658 19072 END
START -3760 -32768 -2552 -1553 2021 14771 END
START -2904 -32768 -1624 -1430 3085 9382 END
START -1980 -32768 1144 -927 3128 3054 END
START -904 -32768 3240 -1850 2090 -3549 END
START -864 -31824 4908 -3525 609 -8955 END
START -1548 -28340 6492 -5167 -1125 -13406 END
START -2468 -24972 7772 -4491 -4414 -15934 END
START -2872 -21188 7016 -4129 -6589 -17461 END
START -3452 -18584 6684 -5481 -7913 -18729 END
START -3780 -14428 5584 -7006 -10020 -18690 END
START -3908 -12076 3544 -5598 -10825 -16903 END
START -3144 -9296 2360 -3732 -11128 -14725 END
START -2692 -7568 720 -4167 -11155 -12003 END
START -2472 -7820 -980 -4162 -11492 -8876 END
START -1100 -8384 -3216 -1667 -10076 -5805 END
START -228 -8600 -3828 -1928 -8394 -3835 END
START 248 -9472 -4888 -1175 -6508 -1839 END
START 440 -10372 -6172 -342 -4538 297 END
START 368 -12196 -8144 1667 -1426 1742 END
START 940 -13756 -9032 1030 1525 2070 END
START 784 -14832 -9016 400 4304 1973 END
START 264 -17184 -9560 2551 6843 2427 END
START 32 -18608 -10392 4728 9787 2402 END
START 128 -20460 -10500 2448 12820 886 END
START -168 -20744 -11324 679 16666 -1025 END
START 484 -19736 -11776 -970 20439 -2232 END
START -384 -19524 -9360 -78 23835 -3219 END
START -980 -17880 -5508 1180 25506 -3455 END
START -1856 -17196 -1764 -165 25965 -3250 END
START -2700 -18032 2368 655 25506 -3342 END
START -3176 -18848 7424 811 23139 -4070 END
START -2776 -19320 11728 -712 19187 -4802 END
START -1888 -18456 14884 -4702 14878 -5623 END
START -736 -17924 17008 -4643 9463 -6059 END
START 1140 -15892 15404 -3152 4228 -5883 END
START 2836 -13916 11808 -4014 1882 -7279 END