START 2704 -5176 -2320 -646 8976 4761 END
START 1060 -2696 -36 -5176 9388 6562 END
START 92 -1224 2096 -6751 6133 10445 END
START -1848 -528 3776 -326 2189 15875 END
START -2888 -2388 4988 8029 -1841 19966 END
START -3116 -2028 5916 11652 -3991 23533 END
START -4564 -3992 3720 7182 -5174 28167 END
START -6096 -11276 2392 9887 -5086 30721 END
START -7508 -18080 1740 16883 -6477 32767 END
START -8344 -23108 1076 17923 -5304 31702 END
START -8072 -29116 608 9903 -2256 28620 END
START -7104 -32768 -2592 5140 -1494 24674 END
START -4552 -32768 -3284 7258 -559 20439 END
START -3960 -32768 -2128 9380 -1604 16180 END
START -2920 -32768 -2616 5705 -2378 10424 END
START -2080 -32768 -3728 -3022 -1947 2229 END
START -1352 -32768 -5072 -6414 -2227 -4618 END
START -1440 -32768 -5424 -6553 -2121 -10107 END
START -2008 -32712 -5852 -8611 -859 -14542 END
START -2572 -29720 -4972 -8958 1712 -18698 END
START -3276 -25272 -2000 -8648 2506 -22017 END
START -4300 -21744 -368 -9722 1242 -23204 END
START -4240 -19104 -24 -9562 793 -23330 END
START -4056 -16200 -160 -10823 735 -21996 END
START -4324 -14808 68 -9932 2162 -21999 END
START -3176 -12704 1708 -8407 1629 -21336 END
START -2180 -10480 1640 -7884 -72 -19210 END
START -612 -8076 1208 -9150 -1036 -16540 END
START 604 -5756 112 -11006 681 -14265 END
START 1480 -4028 216 -12384 298 -11581 END
START 1980 -4984 -2104 -9854 -1590 -8469 END
START 1952 -6316 -5968 -5358 -1974 -5844 END
START 2648 -8308 -9044 -2677 249 -4628 END
START 2736 -9120 -11276 -3295 3014 -3859 END
START 3364 -9392 -13940 -4893 5175 -2812 END
START 3544 -10644 -16100 -4605 7892 -1792 END
START 3724 -10188 -18388 -3761 11817 -297 END
START 3420 -9600 -20392 -1925 17651 465 END
START 2936 -6840 -17884 -1334 23482 2445 END
START 3516 -6620 -14120 -943 28794 4299 END
START 2708 -7396 -6440 1152 29929 6531 END
START 3040 -10440 1256 2315 27896 9029 END
START 1504 -17872 8828 201 23770 10103 END
START 944 -25608 14696 1775 19509 8908 END