START -3584 -11968 -9900 647 4369 4935 END
START -5052 -13128 -12256 4139 6605 7087 END
START -7496 -15368 -14332 3674 11657 6858 END
START -9164 -16520 -12388 1854 16226 5754 END
START -9236 -16732 -9896 2442 18652 6175 END
START -7468 -16224 -4348 4342 19703 6651 END
START -5068 -16940 3108 2603 18415 7921 END
START -4240 -21652 8680 474 15846 7924 END
START -2832 -25284 11876 -458 11246 6231 END
START 164 -25692 10776 -3034 7104 3923 END
START 2212 -26004 6568 -3170 5409 964 END
START 3112 -25636 3252 -1194 3564 -1585 END
START 3140 -24892 1372 -1354 2260 -4570 END
START 2464 -24400 716 -2860 1904 -7196 END
START 1468 -25492 1624 -5075 961 -8929 END
START -288 -25008 1596 -4463 -813 -10752 END
START -1156 -24016 656 -6275 -2374 -12163 END
START -1884 -23284 504 -6471 -2048 -14195 END
START -1884 -19788 224 -6011 -2339 -14941 END
START -1868 -17900 -1220 -6120 -2923 -14625 END
START -1956 -15236 -1604 -6106 -4398 -14149 END
START -2368 -13300 -2164 -5788 -4762 -13978 END
START -2580 -11292 -3196 -5862 -3111 -13277 END
START -2528 -9804 -4724 -5758 -2850 -11925 END
START -1740 -9032 -7656 -5423 -1608 -10363 END
START -1548 -7880 -9428 -3995 -564 -8299 END
START -1388 -7216 -11736 -2846 2061 -5983 END
START -1488 -7716 -12216 -2324 4104 -4411 END
START -980 -7984 -12096 -951 6781 -3090 END
START 448 -7840 -11320 -2452 7791 -618 END
START 1112 -9000 -12484 -3002 8255 1896 END
START 904 -9948 -14428 -1192 11039 4032 END
START 1156 -10776 -13016 -1102 13523 4862 END
START 1024 -12676 -10304 -419 14762 5821 END
START 1092 -13580 -7056 283 15638 6752 END
START 1708 -14140 -2976 1126 17198 7231 END
START 2016 -16880 4564 -1769 17489 7248 END
START 2892 -21096 14540 60 12748 6027 END
START 3584 -23024 19640 4606 4898 3384 END
START 5024 -20160 18020 2269 374 312 END
START 5872 -16324 14464 -1422 -3759 -1370 END
START 6096 -12108 7808 -383 -8308 -1498 END
START 5252 -10432 1168 -325 -9801 -401 END
START 2860 -9976 -1960 1382 -9499 160 END
START 940 -9012 -1164 3857 -8588 637 END
START 136 -8812 388 4560 -8726 2158 END
START 500 -8024 548 2815 -9286 4029 END
START -356 -7376 -184 2534 -9630 6247 END
START -1424 -7964 -2072 6415 -10492 8613 END
START -1652 -10624 -4888 7674 -10335 10488 END
START -1828 -13896 -5356 8672 -8305 10660 END
START -2004 -14308 -6444 9063 -6393 11175 END
START -1976 -17152 -10140 8529 -4681 12421 END
START -2260 -17988 -11192 10722 -1988 12631 END
START -2580 -18604 -11816 10665 2163 11469 END
START -2324 -18316 -13628 6124 5122 11917 END
START -2876 -20256 -16344 1515 8477 13616 END
START -3840 -20164 -15644 4313 12727 12127 END
START -4760 -18912 -13640 2331 14017 9644 END
START -4532 -15916 -14716 -1240 15570 8793 END
START -7504 -19244 -16564 -1469 24610 12875 END
START -9180 -20428 -10768 741 27776 12169 END
START -10444 -24152 -1152 1909 27384 9492 END
START -10196 -20784 8920 -1000 24760 8322 END
START -11680 -30012 18184 -5195 20364 9676 END
START -12064 -32768 24620 -263 10825 4328 END