START -2176 -13104 -7292 541 3352 1641 END
START -4404 -15592 -7544 3864 3898 4541 END
START -5140 -17708 -9952 4215 7424 3857 END
START -5876 -17956 -10492 -1108 11959 2234 END
START -5792 -17260 -9820 -1008 14332 2045 END
START -5720 -17932 -6336 4117 15228 2647 END
START -3208 -17836 -208 3709 14575 3967 END
START -1780 -20740 4988 -3757 12356 4960 END
START -976 -26752 6044 -5390 10411 3507 END
START -192 -29620 5808 -4338 6814 505 END
START 1688 -31648 4740 -3702 4380 -3014 END
START 3028 -31404 4348 -5155 3541 -6982 END
START 2032 -29668 3064 -8243 3592 -11330 END
START 756 -26080 2816 -9236 3100 -15122 END
START -252 -22428 3408 -8221 1726 -17373 END
START -872 -17748 4516 -5970 -583 -17418 END
START -1112 -15520 2316 -7609 -947 -16770 END
START -2116 -12384 1336 -8404 -400 -16335 END
START -2440 -8656 1096 -6667 -1722 -14722 END
START -1800 -6112 -3344 -5191 -1748 -11616 END
START -1384 -4676 -4464 -6145 -1695 -8868 END
START -564 -4344 -9136 -6728 -596 -5838 END
START -528 -4308 -13352 -6003 2348 -3469 END
START -1152 -5364 -14744 -3412 4868 -904 END
START -608 -6972 -13832 -173 7523 530 END
START -620 -7644 -12140 -185 10934 1272 END
START -432 -8280 -9644 -1743 12458 3306 END
START 172 -10856 -5724 -516 13382 5085 END
START 636 -11868 -828 2902 11897 6211 END
START 852 -13280 3300 4503 10648 6504 END
START 1060 -12620 5604 1556 10075 6766 END
START 2212 -12524 5316 -2340 7794 7483 END
START 3456 -12012 3376 -1256 5040 8141 END
START 4456 -11052 2820 1309 3354 8733 END
START 4256 -10784 2648 1638 3226 10491 END
START 2216 -14460 4508 1327 1836 11001 END
START 168 -17852 6664 2641 -653 9202 END
START -600 -17316 8440 4282 -3284 7693 END
START -384 -15748 10052 3755 -5624 9128 END
START -780 -14276 9440 1548 -9965 9696 END
START -1576 -14276 2936 -262 -12074 10451 END
START -2612 -13760 -1060 2100 -12477 10182 END
START -3476 -11572 -3088 3844 -11995 12052 END
START -3924 -14632 -8992 2948 -11228 15127 END
START -4548 -18356 -13744 6057 -7743 14921 END
START -4340 -20576 -13808 9016 -3389 14390 END
START -4624 -23280 -12672 8192 -289 13912 END
START -6104 -26848 -12876 5133 2041 12491 END
START -6584 -28300 -12552 4419 5428 8978 END
START -6044 -27316 -10892 2748 7798 6202 END
START -5496 -25264 -10896 507 8866 3953 END
START -5424 -22440 -13732 -1279 11575 2010 END
START -5112 -18216 -19440 -2761 16624 2466 END
START -5676 -14256 -20496 197 23767 2043 END
START -6180 -9400 -16780 2880 29995 2328 END
START -8984 -8892 -7188 -549 32767 5686 END
START -13120 -16668 7448 3531 30759 7450 END
START -13364 -22904 18240 8926 20691 6493 END
START -13900 -28536 24408 5004 12426 2714 END