START 7688 -15560 -1984 -197 -3628 -1861 END
START 6804 -15784 -1760 609 -4038 -2231 END
START 7280 -15588 -2920 -1151 -4118 -1409 END
START 7268 -14976 -6304 -2447 -2758 -1545 END
START 7500 -16452 -11468 -3311 -71 -2891 END
START 7692 -17208 -14128 -2960 2371 -3562 END
START 6668 -15968 -14716 -1844 5068 -2819 END
START 5344 -15444 -13276 -1271 7317 -2583 END
START 4112 -14852 -9080 -727 8020 -1761 END
START 3868 -13236 -6840 -2787 7911 -1392 END
START 4552 -12928 -5852 -7750 7561 130 END
START 4788 -11340 -3956 -8001 7908 1788 END
START 5664 -10440 -1248 -6019 8145 2734 END
START 5324 -10500 2244 -3125 6837 3965 END
START 4668 -9732 5900 -1086 5249 5495 END
START 3592 -8632 9180 -2738 3192 6081 END
START 3492 -7896 10352 -5390 -18 7421 END
START 2960 -7240 9668 -4791 -2658 8693 END
START 2920 -5060 6980 -3076 -5446 10688 END
START 2340 -4268 3884 -2592 -6632 12899 END
START 1596 -4896 2180 -116 -6925 14383 END
START 476 -6976 1008 4909 -7148 16428 END
START -464 -9944 -644 8478 -8117 18105 END
START -292 -13084 -2348 9453 -6745 19591 END
START -1108 -17776 -2680 10616 -4846 20258 END
START -1508 -21280 -3604 10396 -3949 19593 END
START -2024 -25540 -4996 9246 -2610 18290 END
START -1236 -30144 -6092 8906 -752 15855 END
START -248 -32768 -5420 9691 197 12669 END
START 464 -32768 -6380 8012 -67 9445 END
START 712 -32768 -6248 6962 62 5373 END
START 1424 -32768 -5404 1306 -429 279 END
START 1996 -32768 -6056 -4878 -696 -4799 END
START 2196 -32768 -6044 -8505 -154 -8920 END
START 1316 -29896 -4844 -10287 654 -12478 END
START 272 -27232 -3324 -11096 1342 -15395 END
START 252 -23836 -552 -10087 1415 -17114 END
START -604 -20436 1060 -9767 453 -18097 END
START -728 -17932 316 -11504 -441 -17853 END
START -760 -16116 -1188 -11953 747 -18157 END
START -1144 -14060 -1572 -10490 2057 -17411 END
START -844 -11108 -1944 -9127 2066 -16239 END
START 200 -9308 -2920 -8286 2339 -14581 END
START 360 -7456 -3984 -8797 3182 -12653 END
START 1392 -6320 -3780 -8619 4361 -10503 END
START 2372 -5580 -4732 -8924 4016 -8289 END
START 2932 -7368 -4700 -5801 2776 -6235 END
START 2996 -7256 -5748 -1677 2532 -4500 END
START 3200 -8056 -6640 -3316 2810 -3049 END
START 2992 -9048 -8704 -6188 3569 -299 END
START 3936 -11236 -10624 -6005 5268 -78 END
START 3760 -10840 -13704 -3818 9325 102 END
START 3064 -10012 -14072 -2953 13897 111 END
START 3312 -7548 -13900 -2024 16825 2279 END
START 3180 -6024 -12204 -1470 20622 4518 END
START 2016 -6508 -8560 3785 22873 6137 END
START 2392 -5188 -5952 9646 23274 8851 END
START 4452 -8392 -3328 7787 23617 10181 END
START 4232 -11320 -1564 433 23518 10765 END
START 2984 -18404 4120 2394 20982 10398 END
START 3128 -21760 9860 3988 17408 7636 END
START 4504 -24620 13592 -314 13341 4962 END
START 5904 -25396 15436 -3658 9853 1959 END