START -6868 -8316 -27156 3863 17080 9856 END
START -9480 -14556 -20240 11289 27616 14527 END
START -12304 -19372 -8612 1829 29139 11727 END
START -11556 -23644 3276 -8012 25678 10462 END
START -6872 -28424 12240 -5379 19758 10688 END
START -2544 -30724 16632 -5360 14509 9602 END
START -96 -32300 16948 -7397 7875 5182 END
START 2684 -28792 10876 -9943 3336 -462 END
START 4892 -24512 6732 -7105 2416 -3787 END
START 4936 -22552 3988 -2714 1210 -3717 END
START 4036 -22060 1284 -1307 353 -4324 END
START 2524 -23440 -44 -2006 -140 -6181 END
START 1276 -24096 -392 -1035 -1327 -7580 END
START 1004 -24016 -1048 -585 -3393 -8368 END
START 508 -24676 -4344 -2991 -3884 -8521 END
START -16 -22612 -5952 -3602 -2230 -9933 END
START -1656 -21288 -5784 -4164 -2727 -11967 END
START -1832 -18508 -4668 -3422 -2269 -11380 END
START -2396 -14920 -3204 -5572 -2245 -10320 END
START -3004 -14216 -3428 -7996 -1225 -11081 END
START -3300 -10920 -4356 -6054 -2268 -10813 END
START -3036 -8308 -5988 -5442 -2413 -8752 END
START -3672 -5912 -6732 -3917 -1078 -7805 END
START -3012 -4784 -7628 -4737 758 -6273 END
START -3372 -3876 -7912 -5625 1525 -5295 END
START -4136 -4612 -9708 -3926 1196 -2343 END
START -4076 -5316 -11728 38 1642 -1070 END
START -2532 -4992 -13692 -1597 3889 907 END
START -936 -5996 -14892 -6054 6300 2931 END
START 204 -9408 -15520 -5833 7013 4520 END
START 944 -9304 -15036 -176 10129 6882 END
START 1552 -11804 -11356 607 12587 10205 END
START 1004 -15652 -5052 -1429 13342 10671 END
START 1508 -20544 1676 781 14702 9626 END
START 1804 -22404 8680 881 14730 5851 END
START 3044 -21908 15384 128 10696 1727 END
START 4788 -18888 15712 -2900 4925 1054 END
START 6072 -16376 12676 -2043 96 -61 END
START 5272 -11704 7980 -1906 -4289 -729 END
START 3992 -9724 2240 -1795 -7285 -251 END
START 1908 -9120 -816 628 -6977 361 END
START 248 -7856 -2144 1255 -5444 577 END
START -716 -6112 -904 2722 -5558 545 END
START -1308 -5564 244 4042 -6165 513 END
START -3072 -3752 368 6413 -6813 2670 END
START -2660 -5020 -2528 4747 -6779 6418 END
START -2652 -7704 -6208 4727 -6482 9487 END
START -3724 -13356 -5876 10831 -3659 9882 END
START -4452 -17028 -2372 12727 -3269 10360 END
START -1964 -24496 -4964 9134 -7278 9995 END
START -148 -29432 -9904 8140 -3343 9957 END
START -148 -29932 -11128 8886 497 7477 END
START 548 -29444 -11964 4345 1862 5251 END
START 728 -27080 -13752 2746 3783 2283 END
START 136 -22260 -14660 -1760 5373 -337 END
START -432 -20096 -14592 -1646 5382 -136 END
START -512 -15892 -17300 1435 5672 197 END
START -1332 -13396 -20456 -2920 8388 1295 END
START -2524 -11012 -21288 -5852 12684 2911 END
START -3660 -8048 -19932 -5921 17932 4472 END
START -4740 -5632 -18212 -8940 23289 9613 END
START -6608 -6976 -13512 -11258 27992 13720 END
START -8080 -14548 -6028 -2384 31689 15792 END
START -12648 -25200 4744 300 32067 17754 END