START 6068 -15244 -12520 1470 -174 1460 END
START 6104 -17520 -16088 -2184 4839 870 END
START 4752 -20548 -17616 3387 7654 -1137 END
START 4168 -18324 -16624 13303 9213 -2889 END
START 4636 -15136 -13296 13675 12774 -4493 END
START 4048 -13856 -9036 7567 15438 -4821 END
START 3088 -12436 -6288 5644 15523 -4586 END
START 3284 -7440 -4924 7800 15279 -3057 END
START 4044 -3208 -3536 5477 16132 -838 END
START 3860 -1348 -532 -1267 16483 2462 END
START 2500 -2952 3120 -1305 13686 5172 END
START 1172 -2676 5924 2118 8468 8991 END
START 884 -2792 7820 2254 4670 15701 END
START -396 -5792 9612 584 1360 18886 END
START -2428 -9124 9436 -1442 -659 21340 END
START -3796 -12320 8448 -1837 -3761 22302 END
START -3240 -13168 5564 -1373 -6400 22489 END
START -3088 -12052 3416 -2093 -5777 24147 END
START -2816 -15072 160 -1752 -5582 24936 END
START -3896 -20144 -1396 6537 -5518 24711 END
START -3720 -22208 -1136 10090 -4416 23784 END
START -4504 -28344 -440 4957 -2800 21318 END
START -4964 -32768 -2308 2836 -2067 16967 END
START -3800 -32768 -3208 4301 -2604 11280 END
START -1792 -32768 -4012 3061 -3966 5203 END
START -492 -32768 -5784 -100 -3927 -33 END
START -568 -32768 -6988 -4368 -2448 -5239 END
START -1540 -32768 -6344 -5689 -949 -10066 END
START -2660 -29212 -3924 -5307 -660 -13911 END
START -2692 -25892 -1712 -6822 -571 -16583 END
START -2560 -22808 400 -8938 -289 -18460 END
START -3392 -20888 1628 -10170 -989 -19599 END
START -3016 -18236 912 -9723 -1587 -19635 END
START -2424 -15920 324 -9877 -1315 -19455 END
START -2480 -13772 -456 -10114 -744 -18520 END
START -1848 -12012 -560 -7862 -364 -17744 END
START -968 -8988 -252 -6346 -763 -15890 END
START 228 -7452 -524 -6372 -973 -13148 END
START 248 -7396 -1712 -5229 -1272 -10815 END
START 940 -6896 -3056 -4906 -1423 -8280 END
START 1520 -7832 -4256 -3085 -2006 -6507 END
START 1516 -9784 -5516 -1091 -2171 -4954 END
START 2104 -11812 -7188 -2105 -878 -3922 END
START 2680 -13328 -8132 -3002 226 -3428 END
START 2848 -14448 -9652 -3309 1411 -3382 END
START 2684 -15096 -11892 -1454 3061 -3673 END
START 2636 -14664 -15792 -2145 6118 -3604 END
START 2772 -14900 -19060 -2468 12025 -4124 END
START 1240 -12988 -19124 -510 18138 -4413 END
START 1484 -9832 -17452 107 22482 -3698 END
START 1348 -7968 -14192 829 26511 -1989 END
START 1880 -8228 -8340 2682 28502 -107 END
START 2384 -8668 -1432 2774 26871 1918 END
START 3880 -9792 4664 218 24328 4205 END
START 3500 -14104 10912 -3471 21786 5498 END
START 3764 -17704 16432 -3182 16642 5168 END
START 4524 -19968 19468 -403 10254 3845 END
START 6784 -19332 18584 478 4811 1438 END