START -2964 -13924 -13428 -2251 12097 5048 END
START -4240 -11080 -18252 -985 18794 4918 END
START -8124 -15040 -12932 -1180 26816 8187 END
START -9672 -16424 -2948 2833 27195 8865 END
START -9428 -18512 3928 -3111 23228 9758 END
START -8572 -23356 9156 -3610 19853 9325 END
START -6876 -24772 12752 -4868 17520 7273 END
START -5104 -25796 15776 -2882 12154 4495 END
START -1912 -24556 15840 -4293 6135 879 END
START 792 -22148 14564 -2350 1238 -487 END
START 2264 -18396 11136 -997 -1080 -1133 END
START 2468 -18996 6936 -1140 -2963 -2902 END
START 2532 -19872 1312 1827 -4027 -3923 END
START 1440 -22272 -2320 2614 -3641 -4641 END
START 140 -25364 -2976 4790 -1844 -5152 END
START -228 -27748 -4568 2933 -1320 -6786 END
START 0 -28728 -5260 548 -1344 -10728 END
START -300 -28248 -5544 -64 -2244 -13721 END
START -1736 -27184 -5352 263 -738 -14357 END
START -2280 -23876 -2076 -2428 -542 -14475 END
START -3068 -20964 456 -5480 -1742 -14396 END
START -3540 -18012 764 -5027 -3594 -13372 END
START -3680 -15412 -304 -3841 -1485 -14735 END
START -3804 -11080 1256 -5635 -1845 -14102 END
START -3468 -5740 1400 -4024 -3474 -11983 END
START -4124 -2764 752 -2576 -2789 -7853 END
START -1980 -3016 -1356 -2976 -3500 -6149 END
START -1248 -2648 -6236 -4692 -4097 -2866 END
START -944 -4244 -9840 -4143 -750 -2550 END
START -1636 -6260 -11216 -4304 1191 1042 END
START -2252 -12112 -13532 -1905 2638 1928 END
START -2184 -13044 -14904 -4038 4615 3138 END
START -1232 -14056 -15264 -8333 6967 4224 END
START 328 -14920 -14948 -5180 9156 4786 END
START 1480 -14688 -12304 -2236 12223 5210 END
START 2220 -15304 -8120 -5551 15713 4856 END
START 1656 -18128 -2012 -4983 15572 5804 END
START 2428 -18220 2760 1489 14248 5001 END
START 2876 -19728 8592 -3198 12150 4637 END
START 1504 -20956 12684 -4107 7606 2649 END
START 1924 -20180 11360 -4850 6713 716 END
START 3060 -17072 10992 -3934 3249 -2168 END
START 3440 -10588 8300 -1409 -912 -3436 END
START 3388 -5344 4120 -3189 -1473 8 END
START 2312 -4280 1232 -3077 -1859 1643 END
START 820 -4828 -52 553 -1974 2107 END
START -80 -6064 -404 3857 -2863 2000 END
START -1528 -4828 224 6010 -3161 1555 END
START -1580 -6696 620 3635 -1596 5311 END
START -2308 -6352 2360 5369 -2512 8483 END
START -2368 -10964 2276 11212 -5186 9627 END
START -368 -13044 -2140 12359 -6862 9544 END
START -1012 -15196 -5264 8304 -4387 10621 END
START -1500 -18856 -6748 8461 -967 13923 END
START -1536 -23124 -6436 10222 -261 14852 END
START -1172 -28860 -6192 10550 -688 13268 END
START -1704 -30480 -7140 4420 98 7978 END
START -1860 -29984 -8396 682 366 4329 END
START -584 -26984 -11832 -1360 1231 3417 END
START -884 -24152 -13680 -2042 3767 591 END
START -808 -19752 -16808 -2506 7332 288 END
START -720 -14800 -18932 -3700 12646 3171 END
START -1824 -13968 -18520 -5015 17302 5073 END
START -3160 -10460 -21588 -7843 23831 5256 END
START -7032 -15428 -13740 -6600 32653 6836 END
START -9684 -19340 -2736 -4391 32767 13724 END
START -10828 -20868 5188 -10963 27572 13077 END
START -10860 -25144 13016 -12673 22025 10950 END
START -8448 -25584 16876 -8915 14310 9232 END
START -7104 -30348 15984 -4016 9220 6353 END