START 6284 -16920 -7372 -2120 -1425 -1070 END
START 5976 -15852 -10884 -3170 1072 -443 END
START 5624 -16112 -14056 -3845 5777 -1702 END
START 4812 -14272 -13004 -3530 8535 -2704 END
START 5368 -12996 -11232 -1812 8944 -2366 END
START 5000 -11468 -8208 884 8377 -1167 END
START 3744 -11156 -4772 3694 7138 588 END
START 3560 -10328 -2472 4314 5284 2306 END
START 3052 -9788 -2200 1486 5486 4339 END
START 2644 -8204 -1792 -70 7840 5006 END
START 2416 -6244 -904 -1495 7800 6407 END
START 2580 -4348 -148 -1432 6763 9585 END
START 2056 -5280 1280 2239 5520 12413 END
START 1312 -6136 2964 6647 3833 14251 END
START 212 -7668 5088 9988 1502 16721 END
START -1276 -10232 4904 9954 -474 19520 END
START -2028 -12520 4516 9408 -111 20875 END
START -2812 -13544 6116 5945 144 21775 END
START -3552 -17020 7452 4318 -1674 22496 END
START -4348 -19808 6436 4512 -4800 23046 END
START -3800 -23388 1996 5448 -6595 21967 END
START -3308 -26608 188 7729 -6963 20123 END
START -2376 -30064 -2804 5341 -7756 17667 END
START -2216 -32768 -7740 950 -6655 14033 END
START -1696 -32768 -10308 125 -4248 8277 END
START -512 -32768 -10636 -223 -1575 1796 END
START -720 -32768 -9676 -2480 843 -4536 END
START -712 -32768 -7996 -5673 3509 -10016 END
START -988 -31812 -4328 -8058 5451 -14434 END
START -2280 -28728 632 -6541 4404 -18499 END
START -2700 -24720 4024 -5665 2151 -20766 END
START -2620 -20432 5172 -8337 641 -21654 END
START -2120 -17332 4364 -12268 -223 -21247 END
START -2056 -14568 4192 -12459 -728 -20849 END
START -1996 -11312 2864 -12039 -2025 -19205 END
START -872 -9620 556 -12044 -2623 -17314 END
START -116 -7592 -1784 -11637 -2098 -15132 END
START 12 -6288 -3788 -9185 -1850 -12711 END
START -16 -5504 -5912 -5404 -2129 -10191 END
START 588 -5916 -8232 -3766 -417 -7270 END
START 20 -7612 -7936 -2708 1413 -5566 END
START 204 -7980 -7600 -2640 1554 -3461 END
START 1496 -9088 -7516 -437 2892 -1982 END
START 2732 -9900 -5808 2007 3599 -899 END
START 3212 -11180 -5492 2992 3254 393 END
START 3924 -12664 -5132 1792 3094 1122 END
START 4364 -13664 -6220 -1174 3599 2119 END
START 4876 -13924 -8860 -2581 4242 2534 END
START 5056 -14892 -15212 -3411 7069 2537 END
START 4044 -13436 -21808 -2575 13267 2515 END
START 3256 -10800 -21860 -1348 20580 2908 END
START 2360 -10944 -19124 98 25854 4265 END
START 1524 -12424 -12192 7995 29165 3760 END
START 1608 -12028 -1532 9868 29514 4316 END
START 1680 -17904 7032 -231 29197 3413 END