START -6136 -12964 -7624 -1659 -678 1428 END
START -6048 -11844 -11988 1035 4821 2189 END
START -6684 -8688 -16672 -4583 13459 7913 END
START -8752 -9752 -17796 -6025 20228 10086 END
START -9248 -12212 -15008 4501 25985 11473 END
START -11312 -15588 -8220 13514 32122 13785 END
START -11436 -17868 3356 6533 32320 14137 END
START -8828 -21164 11416 -6727 23216 14442 END
START -5032 -28776 13620 -6487 18945 12782 END
START -2252 -30844 14156 -521 15589 10466 END
START 1116 -30672 13188 -4680 10848 4927 END
START 4184 -27784 11752 -6568 5844 572 END
START 5752 -24808 9824 -2287 3439 -1080 END
START 5812 -23724 7288 -1370 1545 -2873 END
START 3820 -23904 4384 -4684 557 -4665 END
START 2440 -24560 3140 -3128 -554 -5300 END
START 1556 -25032 1036 -843 -2569 -6129 END
START 200 -24936 -1992 -244 -3005 -6323 END
START -616 -25056 -6092 -3033 -1180 -7306 END
START -1064 -25548 -6832 -5383 168 -10518 END
START -1980 -21892 -5988 -4007 664 -8409 END
START -2208 -20448 -3044 -525 279 -6878 END
START -3332 -18712 -1068 891 -1351 -9044 END
START -3264 -16248 -1304 -3674 -1414 -6883 END
START -3592 -15468 -476 -6488 -1209 -9750 END
START -3692 -12156 -1600 -9498 -2762 -9961 END
START -3420 -11388 -1768 -7491 -3302 -8492 END
START -3672 -8976 -2136 -4455 -2831 -7786 END
START -4748 -6508 -4248 -4858 -551 -8004 END
START -4256 -3712 -4540 -8117 1105 -5963 END
START -5072 -2344 -5428 -9528 1388 -1799 END
START -5412 -4960 -8600 -6382 445 711 END
START -4140 -5928 -12204 -4289 962 806 END
START -2708 -4928 -15724 -5438 2881 2365 END
START -1368 -4192 -16784 -6934 5747 6012 END
START -1224 -9764 -15572 -4541 9569 6600 END
START -900 -12592 -11676 1210 11543 5458 END
START -640 -15180 -5784 6324 11538 3720 END
START 96 -15236 -1036 5032 12140 2737 END
START 1504 -15056 5256 -2672 11418 2998 END
START 2784 -16072 9092 -3077 10668 433 END
START 3852 -14176 15316 1962 10074 805 END
START 4632 -13800 17376 -5387 3669 1211 END
START 5052 -13420 14644 -8169 -3271 -228 END
START 4052 -11828 7636 -4542 -6279 -797 END
START 2824 -9368 2220 -2656 -5602 305 END
START 1176 -8216 -1492 -1963 -5044 916 END
START -48 -5808 -3428 705 -3780 905 END
START -1360 -5908 -3260 1476 -3080 2667 END
START -2488 -7788 -2992 6283 -4385 3425 END
START -3160 -8856 -5988 8649 -4932 6781 END
START -3308 -11248 -6992 10415 -1660 7019 END
START -4240 -12996 -5096 14079 1597 8401 END
START -3596 -17100 -5084 10997 25 11347 END
START -2852 -23432 -6244 8569 364 9935 END
START -1472 -24556 -10308 6202 2649 8474 END
START -968 -26368 -13364 -748 4636 8889 END
START -580 -28000 -15424 -2936 5163 7712 END
START 584 -28376 -18232 -546 7933 6122 END
START 680 -26676 -19236 743 10995 3192 END
START 544 -22592 -18588 139 13521 3776 END
START -56 -19524 -18068 -2201 17210 5059 END
START -1708 -15092 -18492 -6584 23105 7669 END
START -4144 -13788 -13996 -5007 29552 10047 END
START -5676 -15244 -6240 -3087 32767 13678 END
START -8412 -20308 3052 -7100 29885 15368 END