START 4584 -15428 -9904 -1561 -1387 224 END
START 5236 -16032 -11252 -1693 1309 -568 END
START 4716 -15264 -11804 -2675 3527 -1353 END
START 4996 -13648 -12648 -2482 4907 -1221 END
START 5492 -11640 -12104 -264 7327 -897 END
START 4936 -9384 -10224 1348 8786 -735 END
START 4376 -7112 -8720 1346 10424 1342 END
START 2484 -6284 -5792 180 10976 3090 END
START 940 -6404 -2872 1956 9263 5119 END
START 584 -5828 4 2938 6734 7613 END
START 44 -6000 1952 2317 5110 10373 END
START -88 -6824 4396 703 3763 11989 END
START -996 -6284 5708 1338 1936 13791 END
START -1288 -6984 5156 2095 -766 16510 END
START -1244 -7812 4228 2287 -1998 19263 END
START -1356 -8616 2720 1599 -2138 22091 END
START -2300 -12956 224 2461 -2756 23413 END
START -3244 -17648 -2516 8726 -3529 24503 END
START -3360 -23488 -4740 14206 -2662 24080 END
START -2324 -28108 -6160 10959 356 21724 END
START -1864 -32768 -6280 5748 1094 17601 END
START -260 -32768 -6744 6809 -621 11766 END
START 1488 -32768 -7988 5753 -2063 5550 END
START 2024 -32768 -8516 2638 -2100 -1940 END
START 1860 -32768 -8704 -4609 482 -8550 END
START 928 -32768 -7200 -7477 2609 -14036 END
START 92 -27804 -3828 -7230 2648 -17506 END
START -812 -22888 -1132 -8301 1992 -19180 END
START -1756 -19356 1280 -8461 766 -19652 END
START -1720 -15548 1120 -9336 107 -19489 END
START -1388 -12972 920 -10192 -32 -18594 END
START -1260 -10904 1824 -7608 -1731 -16608 END
START -1136 -8448 784 -4817 -3587 -14295 END
START -904 -6668 -656 -5671 -3309 -12581 END
START -940 -5576 -2416 -9516 -2909 -10726 END
START -68 -5696 -5680 -10035 -2568 -8676 END
START 1012 -6740 -9232 -6904 -2399 -6445 END
START 2204 -7944 -10876 -2688 -1245 -4343 END
START 3460 -9840 -10680 463 167 -2723 END
START 3936 -11656 -10236 230 2098 -1716 END
START 3412 -13960 -9284 -65 3351 -908 END
START 3800 -14588 -8484 1414 3501 -808 END
START 4004 -14752 -8940 841 3600 -644 END
START 4780 -14436 -10308 -577 4808 -474 END
START 5044 -14000 -12984 -1599 7207 -622 END
START 4424 -13272 -15672 -1573 9987 -349 END
START 3848 -11824 -18332 -986 12944 372 END
START 3252 -9248 -19056 342 16869 1819 END
START 2980 -7636 -17040 746 21094 3478 END
START 1180 -8084 -13132 2153 23529 5274 END
START 1128 -9664 -7320 2776 24979 6566 END
START 2136 -14116 808 -1731 25149 7185 END
START 1404 -19144 7792 -3273 22586 6434 END
START 36 -24676 13884 1398 15904 5533 END
START 2792 -24320 16960 2285 9573 3884 END