START 760 -7648 -6304 -5833 11552 7395 END
START 284 -8556 -2496 2129 7683 8246 END
START 116 -6656 -1404 7459 3931 10506 END
START -416 -6524 -880 8233 3592 12647 END
START -492 -7756 752 7738 4163 14215 END
START 140 -7416 4004 8826 2315 15388 END
START -348 -7468 6444 11422 -1487 18496 END
START -1076 -9316 6920 13620 -4005 21110 END
START -1996 -10776 5836 12010 -4753 23666 END
START -2616 -14104 3184 9861 -5204 24961 END
START -3412 -18620 -372 11728 -5430 26060 END
START -3684 -24308 -2012 16957 -3374 25013 END
START -3060 -26412 -444 16026 -423 22628 END
START -2328 -30136 620 6117 1277 20868 END
START -2884 -32768 416 5269 24 17216 END
START -2640 -32768 -900 8489 -1554 11861 END
START -2052 -32768 -1340 4396 -1853 5012 END
START -464 -32768 -4272 -4572 -933 -1253 END
START -4 -32768 -6664 -9382 1185 -6932 END
START -1156 -32768 -6364 -9295 3025 -12368 END
START -1844 -31112 -3616 -8208 4043 -16941 END
START -2512 -28032 -684 -9278 4074 -19977 END
START -2464 -23964 1488 -11612 3904 -22592 END
START -2028 -20816 2516 -13750 3102 -23277 END
START -2208 -17800 3720 -12982 1684 -23240 END
START -1268 -13968 3588 -12615 -210 -22337 END
START -884 -11500 3112 -12589 -1532 -20485 END
START -652 -8880 1148 -12451 -2153 -18531 END
START 84 -6420 -600 -13587 -1289 -16374 END
START 976 -5252 -2776 -13601 -878 -13832 END
START 1256 -4496 -4584 -10519 -491 -11195 END
START 2424 -4304 -5640 -7896 -651 -8540 END
START 2324 -5756 -7212 -1984 -1215 -6161 END
START 2244 -6268 -9404 962 -12 -4396 END
START 2608 -6608 -12000 -3356 2533 -2054 END
START 2840 -8316 -14784 -7535 6285 -625 END
START 3332 -8596 -17308 -8345 10238 934 END
START 2828 -9352 -20804 -4999 14376 1919 END
START 2092 -7700 -22436 -2479 18992 3523 END
START 744 -7148 -23468 -3048 25775 6184 END
START -892 -7444 -17068 -492 32374 7568 END
START 92 -11100 -6048 10875 30926 8673 END
START 2356 -12148 3884 26008 25706 7472 END
START 2920 -13060 12904 18309 24199 6514 END
START 1144 -20548 22924 -3999 19282 5124 END