START 320 -11408 -4752 -2477 -2669 5596 END
START -32 -11052 -6764 -430 501 6347 END
START -660 -10616 -8072 19 4173 8031 END
START -3420 -17740 -8412 2619 8182 9001 END
START -4008 -21852 -6988 5607 11579 8576 END
START -2608 -22800 -4560 4612 12542 8545 END
START -2064 -26448 -1848 385 11426 7174 END
START -888 -29848 -1148 -71 10449 4659 END
START 928 -30856 1084 133 9300 1569 END
START 1996 -31416 2596 -4022 7661 -2381 END
START 1924 -32348 2180 -7909 6174 -6673 END
START 1384 -30212 3012 -8337 7038 -11239 END
START 516 -26708 5600 -8613 6567 -14514 END
START 1160 -23244 7960 -8903 3010 -15190 END
START 1288 -18784 7980 -8962 -1257 -14003 END
START 936 -16612 3672 -10256 -117 -14976 END
START 520 -13648 2936 -12044 1355 -15210 END
START -776 -11908 2052 -10343 -382 -14410 END
START -544 -9816 -1024 -7284 -2660 -11422 END
START -404 -9168 -4276 -6697 -1527 -10067 END
START -900 -8096 -5800 -7300 175 -8953 END
START -1240 -6356 -8532 -6399 1244 -7519 END
START -820 -5260 -11060 -5950 3544 -4584 END
START -1336 -5380 -12292 -4704 4624 -1986 END
START -1008 -6556 -13528 -3700 6663 -79 END
START -680 -6656 -11812 -2498 8601 1196 END
START 1300 -7076 -10192 -3095 9064 3962 END
START 3900 -7356 -9436 -1923 9722 6773 END
START 4172 -10316 -6676 2389 11799 8712 END
START 2068 -15460 1648 6171 13326 7693 END
START 720 -20432 12000 3834 10707 4911 END
START 2108 -19296 17544 1924 6534 3326 END
START 4176 -13680 16224 -1135 1962 1893 END
START 5576 -8644 9128 -4456 -1427 3010 END
START 4336 -5548 3436 -3839 -2920 4853 END
START 3220 -5800 388 -239 -4117 6786 END
START 2004 -7156 164 3508 -4399 8299 END
START 168 -7908 -976 3510 -4934 9835 END
START -504 -9420 -816 3758 -4135 10931 END
START -1556 -8552 128 6793 -3095 13469 END
START -2808 -9960 2052 7596 -4041 15722 END
START -3320 -12540 2008 8849 -6236 18137 END
START -3368 -15708 -1588 11368 -6420 19703 END
START -3524 -19532 -5240 11095 -3419 20089 END
START -4812 -24044 -6060 9964 -377 18069 END
START -3888 -28116 -6228 10623 135 15859 END
START -3748 -31616 -6016 10748 -15 13476 END
START -4076 -32768 -6888 8214 1381 10582 END
START -4300 -32768 -9960 1600 2004 6802 END
START -4624 -32060 -15028 -2430 5168 2706 END
START -4732 -27856 -18580 -4121 9956 -811 END
START -4448 -21772 -21884 -3745 16736 -1837 END
START -5484 -16036 -21660 -1490 24434 -3073 END
START -5640 -8788 -17764 380 32173 -1440 END
START -7680 -5964 -10340 698 32767 2682 END
START -13708 -13684 -328 5107 32767 5000 END
START -15284 -19864 10196 6024 32751 3624 END
START -15180 -24072 19092 158 27753 2161 END