START 5840 -4624 -4556 -6738 5842 3670 END
START 4152 -4836 -3776 -3556 6230 6611 END
START 2552 -4612 -2244 2355 6766 8566 END
START 332 -3724 476 4012 4563 9753 END
START 36 -5292 1224 4349 1638 11916 END
START -652 -6460 996 4706 329 14091 END
START -1464 -9040 564 4469 -324 16391 END
START -2268 -11028 1320 6193 -2568 16954 END
START -1724 -11632 208 8483 -3936 18026 END
START -1264 -13032 800 12446 -2539 19274 END
START -712 -15476 516 12336 -2741 20785 END
START -420 -19716 -880 12760 -3436 21149 END
START -940 -22076 -1396 14598 -2927 20496 END
START -200 -22944 -544 14697 -863 19678 END
START 136 -25080 352 11811 -124 19853 END
START -156 -30316 -244 7743 -340 18784 END
START -784 -32768 0 6595 -373 14522 END
START 52 -32768 1540 4490 -1517 10514 END
START 644 -32768 -556 -862 -3436 6387 END
START 64 -32768 -2160 -6197 -3497 492 END
START 328 -32768 -4752 -9446 -2430 -5798 END
START 1012 -32768 -5632 -11277 107 -11348 END
START 384 -29876 -4748 -13396 1720 -15221 END
START -836 -27112 -2620 -13311 2386 -18644 END
START -1368 -23000 -792 -13338 2320 -20698 END
START -1472 -19664 -524 -14548 1865 -21401 END
START -956 -16960 -1508 -14965 2387 -21094 END
START -652 -14732 -1252 -13323 2952 -20773 END
START -496 -11332 -324 -11609 1457 -19182 END
START 104 -9036 -780 -10297 -320 -16638 END
START 504 -7072 -1236 -8556 -950 -13947 END
START 1168 -5848 -1780 -6710 -358 -11697 END
START 1388 -5604 -3080 -5448 -1246 -9048 END
START 1848 -6524 -5284 -3872 -1364 -7022 END
START 2180 -7200 -7352 -3719 -1176 -4797 END
START 2912 -7916 -7912 -4643 12 -3140 END
START 3044 -9876 -8708 -4616 999 -2106 END
START 3736 -9736 -11184 -5010 2528 -1347 END
START 3688 -10076 -13992 -6359 4909 -453 END
START 3256 -10100 -18188 -7481 8169 1076 END
START 2608 -10008 -21572 -5428 13301 2097 END
START 2780 -9128 -23180 -2517 19209 2801 END
START 1904 -9616 -21536 2412 24600 3717 END
START 1576 -9020 -17120 6008 29019 4641 END
START 1848 -9948 -10652 4133 32735 6371 END
START 1116 -12952 -2352 -457 32767 7770 END
START 332 -16572 5232 -2853 32741 8724 END
START 1056 -21244 13592 1936 27074 6063 END