START 5000 -15468 -11556 -4581 3338 -2796 END
START 4372 -15828 -11708 -2644 3389 -2903 END
START 5004 -14988 -14284 1190 1306 -1160 END
START 4440 -15232 -17356 2120 4440 -1664 END
START 3492 -13696 -18148 -393 9924 -2497 END
START 2560 -13132 -16036 -1618 12867 -2497 END
START 2648 -10280 -13080 1071 13826 -1758 END
START 2964 -8576 -9200 1381 14527 338 END
START 2572 -7784 -4192 -339 14272 3028 END
START 2348 -8988 700 234 12632 4462 END
START 2588 -9080 3456 2214 9628 5886 END
START 2436 -9168 5400 1141 6855 6801 END
START 2168 -8776 7728 -1738 4048 7751 END
START 2764 -8272 7472 -3775 1717 10110 END
START 2708 -7992 6432 -2169 -276 12219 END
START 2280 -6936 5012 -358 -2878 13644 END
START 1228 -6228 3428 -516 -4087 15722 END
START -576 -7812 1240 -246 -5150 18431 END
START -1776 -11960 -1156 4224 -6035 20263 END
START -2120 -15008 -1608 9038 -5851 21199 END
START -2544 -19992 -2380 7969 -5425 21672 END
START -2724 -26764 -4840 5867 -5323 20183 END
START -992 -32768 -7736 6221 -4513 16925 END
START 568 -32768 -11004 4901 -3043 11968 END
START 1916 -32768 -12312 4078 -2048 5461 END
START 2392 -32768 -12096 883 -1303 -748 END
START 2424 -32768 -11116 -2730 240 -6974 END
START 1632 -32768 -9384 -6780 2417 -11818 END
START 792 -28588 -5664 -7187 3664 -15678 END
START -756 -24508 -2344 -6110 3406 -18189 END
START -1088 -21196 308 -7333 1889 -19288 END
START -1112 -18012 1720 -7091 244 -19970 END
START -1424 -14636 1432 -7908 -356 -19924 END
START -988 -12172 1368 -8851 -1346 -18646 END
START 84 -9052 -344 -8299 -2809 -16721 END
START 800 -7972 -2936 -7062 -3216 -14627 END
START 1484 -6316 -5404 -5569 -3121 -12175 END
START 1948 -5832 -8016 -5428 -1697 -9737 END
START 2288 -6748 -8124 -3516 -856 -7459 END
START 1516 -8208 -9276 -280 -519 -5489 END
START 1436 -8620 -9976 902 744 -3897 END
START 1356 -9180 -10576 -2518 3441 -2386 END
START 1908 -10588 -11496 -3912 5433 -1274 END
START 2840 -10276 -14452 -1423 6522 -291 END
START 4060 -9216 -20844 -1443 11062 966 END
START 4176 -8284 -27100 -1277 19973 1351 END
START 2952 -6256 -25560 742 28862 2622 END
START 2272 -6212 -18716 5962 32767 5254 END
START 2772 -8248 -7700 9069 32767 6455 END
START 2424 -13976 5036 -989 32767 5294 END
START -2104 -21020 18556 -5119 32535 4164 END