START 4164 -7392 -8984 4368 -3707 1082 END
START 3060 -7864 -11400 -4697 2868 2577 END
START 2624 -8700 -14292 -8482 7748 2763 END
START 1728 -6932 -14644 -5572 10320 4902 END
START 1636 -5728 -14080 323 10774 7335 END
START 1900 -5636 -11976 3250 12455 8748 END
START 972 -7660 -7176 2219 12858 10435 END
START -312 -10704 -1900 3886 11728 11035 END
START -1732 -13476 4052 6256 6221 11436 END
START -1236 -14668 5064 2033 3678 11873 END
START -904 -15784 6920 -745 2287 11470 END
START 344 -14840 7444 2244 -748 10772 END
START 1660 -12236 7116 3410 -3256 10877 END
START 2984 -9352 6436 2111 -4351 13045 END
START 2252 -9448 7076 2481 -5385 14811 END
START 852 -10196 4792 6061 -8927 16759 END
START -476 -12324 180 8425 -9562 18142 END
START -1252 -14172 -2060 9403 -7716 19089 END
START -2496 -17520 -4456 10120 -6671 20076 END
START -3288 -24172 -6400 12406 -7056 20373 END
START -3972 -31076 -8884 16379 -7294 18763 END
START -3708 -32768 -9944 11942 -4294 15580 END
START -3576 -32768 -11136 -1476 -1635 10998 END
START -3528 -32768 -12904 -3737 -442 4794 END
START -2656 -32768 -13920 -2401 2195 -2412 END
START -2288 -32768 -12052 -5620 5587 -8564 END
START -1552 -32768 -8124 -8005 7562 -13470 END
START -2148 -30764 -4188 -9375 7876 -17228 END
START -3004 -27052 -1072 -9671 7157 -19725 END
START -2920 -23476 1216 -8528 5601 -21304 END
START -2404 -20168 2928 -8265 3429 -21789 END
START -2472 -17744 2292 -9868 2410 -21599 END
START -2124 -14636 1464 -11823 2842 -21425 END
START -1080 -12184 1168 -12054 1866 -20033 END
START -212 -10896 452 -10714 856 -18530 END
START 180 -8960 124 -8409 -31 -16650 END
START 1024 -6748 -224 -8882 -808 -14402 END
START 1040 -5996 -2804 -9909 -1294 -11715 END
START 988 -5156 -4796 -9241 -567 -9937 END
START 2028 -3720 -7332 -9093 92 -7281 END
START 2212 -3088 -9480 -8031 1857 -5074 END
START 3312 -3532 -11028 -7272 2755 -2484 END
START 3100 -4704 -13440 -4240 3508 -546 END
START 3204 -5496 -14092 -1040 4898 498 END
START 3472 -4824 -15284 -568 7592 2548 END
START 4156 -5932 -16876 -3532 11863 4814 END
START 3744 -7132 -17180 -3841 15408 6581 END
START 2644 -7672 -16804 -769 18454 7956 END
START 1448 -8888 -14500 3372 22596 9097 END
START 476 -11592 -9124 6564 24509 9286 END
START 872 -11660 -3372 4769 25752 11014 END
START 2216 -14776 1324 -5058 29551 12889 END
START 2384 -21764 10640 -5771 27747 11025 END
START 2664 -24296 16744 4358 19145 4615 END