START -4420 -13336 -5336 -2761 6163 6308 END
START -4460 -12488 -7340 -116 4851 5690 END
START -5492 -13532 -13312 206 7059 7480 END
START -5816 -13120 -15264 -3632 15853 6974 END
START -8280 -17332 -11752 -5700 20721 6745 END
START -8228 -19040 -7180 -1361 21132 7027 END
START -7340 -18360 -1436 -557 20028 7838 END
START -6440 -20084 1764 -5200 18978 9948 END
START -4848 -22128 6636 -3952 17812 9047 END
START -1880 -22568 12424 -2996 13188 7336 END
START -92 -22964 16512 -4564 6609 5919 END
START 1576 -25220 14996 -2346 2502 4934 END
START 3256 -23976 11476 -2442 -18 1141 END
START 3392 -22948 6228 -2486 -2801 -1835 END
START 2968 -21744 -636 -1967 -3690 -3203 END
START 1472 -23984 -6584 -1896 -1895 -3371 END
START -956 -27176 -7628 1291 608 -6009 END
START -1968 -26596 -8004 1112 1105 -6087 END
START -2668 -25480 -6704 -756 601 -8173 END
START -3308 -22452 -5064 -2682 967 -10193 END
START -4760 -17668 -2200 -2095 2110 -10951 END
START -4940 -14700 -688 -5741 209 -9615 END
START -4644 -11840 1080 -4427 -1472 -9765 END
START -3148 -9448 -908 -5647 -2076 -9201 END
START -3812 -6536 -1684 -5210 -591 -8296 END
START -4332 -5372 -3372 -3792 -1335 -6776 END
START -4380 -8060 -5480 -1541 -943 -5556 END
START -4236 -6504 -6632 -1664 483 -3263 END
START -4288 -6052 -9660 -3336 2862 -1056 END
START -3676 -7232 -11948 -5642 5536 1066 END
START -2912 -9976 -14108 -3824 8144 2134 END
START -2424 -12424 -15460 1378 11854 1771 END
START -1496 -11996 -13460 2907 14482 2356 END
START -968 -14132 -10608 -691 16955 4110 END
START -1892 -16392 -6116 -2231 18212 5910 END
START -1860 -19788 -172 1272 17338 6426 END
START -1112 -20516 6896 3231 16068 5498 END
START -684 -23152 14148 -2637 12807 2488 END
START 1028 -22504 14992 -3258 7565 1018 END
START 2924 -19632 14296 -105 2863 -801 END
START 4204 -15820 12100 -650 -1447 -2208 END
START 3616 -11440 8868 -579 -5384 -1519 END
START 3060 -10280 3892 -1573 -6676 -884 END
START 1440 -9460 1308 -636 -7287 -461 END
START -252 -8292 -268 1048 -7451 299 END
START -1756 -7568 1252 2638 -7164 1279 END
START -2276 -7332 628 1942 -9372 2760 END
START -2172 -6736 -3284 3736 -8953 4980 END
START -1968 -7356 -6192 5668 -6173 6217 END
START -1400 -7000 -7196 5703 -4191 8243 END
START -1348 -10752 -8852 5959 -4122 9657 END
START -2864 -12552 -10472 8853 -898 11081 END
START -4168 -15496 -7500 9985 2956 13343 END
START -4076 -19048 -3792 9491 3563 14944 END
START -4192 -22780 -2508 8255 3624 13650 END
START -4680 -21340 -3348 2923 4909 12407 END
START -4784 -21956 -4036 -339 5478 11813 END
START -5312 -24220 -4636 3725 4604 10125 END
START -5732 -28264 -4588 11408 3962 6725 END
START -6176 -26028 -5572 3601 4672 6165 END
START -5548 -29104 -7996 -1607 7354 1653 END
START -4500 -27148 -12216 -848 9061 -2940 END
START -3508 -21548 -13732 1160 11702 -6746 END
START -2552 -14752 -17888 -5888 16828 -3258 END
START -2824 -11192 -17832 -4170 22473 -1072 END
START -5880 -10728 -13732 2578 28582 1353 END
START -8964 -12044 -2096 -1448 29464 1355 END
START -11600 -14216 5244 -3525 24214 4204 END
START -12692 -21592 11080 2607 19293 6528 END
START -13500 -26220 18080 3923 11993 4713 END