START -5044 -12320 -14392 -9785 11473 4000 END
START -4932 -17448 -16032 -9752 15529 6388 END
START -4912 -17668 -13116 1026 20279 9367 END
START -5556 -18748 -6492 814 23434 10490 END
START -5128 -21868 848 -3092 22022 10595 END
START -3012 -23348 7368 -2048 18964 11086 END
START -496 -23148 10800 -2178 13892 9696 END
START 1944 -25588 13408 -4053 10055 8014 END
START 4728 -25380 13620 -3497 4379 5617 END
START 6016 -25808 8964 -3880 353 2226 END
START 6612 -26652 5472 -1846 415 -1622 END
START 6392 -25468 3244 -2542 -1280 -3647 END
START 5656 -26688 -400 -3391 -3223 -5603 END
START 3972 -27172 -3692 -3071 -2026 -8073 END
START 2148 -24684 -4332 -3522 462 -10595 END
START 468 -22260 -3228 -3069 245 -10574 END
START -864 -17796 -1968 -3309 -1766 -9174 END
START -2084 -15408 -3092 -3836 -2774 -6701 END
START -3212 -15144 -4232 -1823 249 -10352 END
START -4428 -10268 -4136 -4627 1625 -10891 END
START -3756 -9348 -4896 -6529 301 -9564 END
START -3896 -8612 -6432 -3731 -246 -6377 END
START -4672 -7632 -7640 334 908 -4925 END
START -3728 -6936 -9004 -1858 2376 -5233 END
START -3548 -6312 -9152 -4370 2558 -4310 END
START -3580 -8568 -11908 -3766 4562 -2034 END
START -3120 -9536 -12820 -1829 6982 168 END
START -2568 -11184 -13248 -1042 7512 952 END
START -2172 -11096 -12668 -955 8337 613 END
START -1592 -9888 -12964 -4677 9113 4469 END
START -1104 -12616 -15824 -8931 14738 6236 END
START -1084 -13664 -11696 -3421 19227 6507 END
START -172 -13456 -5440 -1786 17944 6074 END
START 388 -14256 3284 -6433 15148 6549 END
START 2628 -19112 9932 -2303 14685 8736 END
START 3924 -24328 19444 3567 13807 6906 END
START 6580 -24704 23140 -33 5917 3912 END
START 7564 -20472 18752 -4811 -1548 28 END
START 7116 -15192 11408 -5597 -6754 -1905 END
START 5320 -9820 2816 -4833 -8972 -999 END
START 3256 -7788 -3472 -5038 -7937 1846 END
START 1072 -8400 -4544 -424 -5010 1687 END
START -1616 -6424 -520 5338 -5471 1429 END
START -1508 -6952 1900 7073 -8833 1769 END
START -2492 -5736 -524 6334 -10382 1628 END
START -3212 -5260 -4624 2082 -7356 7086 END
START -3664 -7320 -4548 6023 -5022 9083 END
START -4008 -9744 -4028 11547 -3989 9731 END
START -3000 -11952 -5216 12383 -4125 10374 END
START -3704 -15388 -10556 2718 -1191 12058 END
START -3612 -20004 -13292 1461 2493 11254 END
START -3888 -21288 -14700 3256 3636 10190 END
START -3492 -24440 -16672 125 4194 7960 END
START -3840 -26212 -17308 -2634 6803 6493 END
START -3596 -27024 -15468 -2265 8825 7488 END
START -2236 -29840 -15780 541 10806 7626 END
START -2036 -30596 -15404 219 15838 4866 END
START -1388 -27360 -13480 -4229 17342 2398 END
START -492 -21852 -15400 -8760 21154 2462 END
START -2012 -17984 -14992 -6260 28580 2544 END
START -3176 -7096 -13236 -3189 32767 6345 END