START 2636 -6632 -12424 -2672 -790 3272 END
START 1312 -8772 -13532 93 -896 4533 END
START 1092 -9940 -14864 7664 3156 4526 END
START 720 -7932 -15308 6158 8735 3927 END
START 112 -7024 -14308 -1546 12802 4599 END
START 208 -6540 -12816 -2496 15445 6775 END
START 224 -7116 -8128 3894 14389 8868 END
START 1160 -7984 -4144 9883 11588 10006 END
START 1116 -9128 -1188 8289 8948 10566 END
START -132 -11200 792 4502 8085 11583 END
START -828 -13900 4416 6046 5626 11537 END
START -116 -14484 7216 8134 1817 11768 END
START 484 -13200 7040 4364 476 12009 END
START 572 -12384 8120 -502 -258 12210 END
START 764 -9804 8700 -45 -3634 13895 END
START 372 -11248 6240 2722 -7993 15766 END
START 164 -12456 980 5622 -9572 18058 END
START -652 -16472 -2724 6434 -8758 18454 END
START 500 -20412 -6360 8370 -6912 18283 END
START 1568 -24360 -7056 10374 -5263 17740 END
START 2580 -30948 -9400 7728 -5609 16891 END
START 3244 -32768 -12880 5449 -3301 12412 END
START 3780 -32768 -12676 3689 -523 6684 END
START 3824 -32768 -12136 -410 -558 1402 END
START 3016 -32768 -12560 -5872 661 -3637 END
START 1732 -32768 -11632 -8623 4022 -9451 END
START 1344 -31216 -8228 -9303 5879 -13737 END
START 504 -27080 -3312 -9195 4984 -17240 END
START -92 -22128 -180 -8537 2960 -18832 END
START 364 -18240 600 -10091 1544 -18906 END
START 640 -16616 168 -11949 540 -18635 END
START 360 -13868 -580 -10674 -697 -18133 END
START 704 -11456 -2576 -8906 -2202 -17147 END
START 1556 -9532 -5960 -8528 -749 -15460 END
START 1184 -8976 -6204 -9750 1499 -13726 END
START 272 -8540 -6764 -7801 631 -12160 END
START 188 -7784 -9416 -4256 1629 -10205 END
START -100 -7852 -10036 -5757 3598 -8421 END
START 276 -8404 -11048 -7087 5176 -7106 END
START 908 -8244 -12132 -3707 6990 -6517 END
START 1572 -6212 -12584 -2576 7930 -5092 END
START 2688 -5264 -14264 -4696 9017 -2411 END
START 3180 -4156 -16604 -5223 12192 -181 END
START 2916 -1308 -20304 -4525 16786 3951 END
START 2856 -2412 -18264 -677 20924 7906 END
START 3620 -5616 -12916 6992 22186 11088 END
START 3012 -8624 -6628 5505 24364 12855 END
START 3432 -16532 604 -4785 27056 14884 END
START 1852 -24188 8492 -8511 24996 11617 END