START -2656 -12640 -7212 361 2649 3699 END
START -3888 -12488 -10096 1854 5849 5981 END
START -5940 -13728 -12192 2808 10538 7075 END
START -7212 -15444 -13132 4044 14651 6982 END
START -8092 -16020 -11648 4072 17660 5567 END
START -8816 -15632 -8524 601 19496 4762 END
START -7624 -15108 -3632 -2385 20047 6387 END
START -5320 -16476 2120 -878 19046 8156 END
START -3648 -19888 8476 -937 14967 10189 END
START -2296 -25288 12240 -5380 10160 9297 END
START -1608 -30252 13464 -6474 6674 6057 END
START 140 -28876 13708 -4404 4212 1641 END
START 1952 -25924 12668 -4233 355 -2008 END
START 2472 -23912 8636 -5501 -2636 -3609 END
START 1984 -22716 4716 -5370 -3556 -5037 END
START 1100 -23432 1268 -3399 -4279 -6423 END
START -400 -25292 -1196 -2229 -5202 -8748 END
START -1376 -26520 -3828 -3081 -6647 -10734 END
START -2608 -26136 -5856 -3662 -5309 -13283 END
START -3160 -23356 -4852 -4683 -3612 -14640 END
START -3392 -20440 -2280 -4636 -3996 -15495 END
START -3428 -17228 -1144 -5427 -5878 -13671 END
START -3052 -15360 -2560 -5389 -5808 -13068 END
START -3064 -12832 -3168 -5476 -3181 -13036 END
START -3740 -10136 -2920 -6478 -2817 -12158 END
START -3224 -7672 -4096 -5784 -2398 -9539 END
START -2672 -5936 -5356 -3650 -425 -8175 END
START -2520 -4184 -6884 -4571 712 -6701 END
START -2232 -4232 -9380 -5055 2277 -4026 END
START -2976 -5392 -11208 -1542 3077 -1349 END
START -3208 -6652 -14232 916 6007 -2 END
START -2516 -7360 -14844 -2499 10036 1235 END
START -1848 -9396 -14312 -2642 11777 2934 END
START -68 -9748 -14308 -1979 13947 5608 END
START 812 -10656 -10652 -2008 17874 7432 END
START 284 -13828 -4864 -2820 18800 9120 END
START 824 -18088 -420 2110 15976 10331 END
START 552 -21276 4688 1699 15908 7944 END
START 1744 -23452 10448 -1816 15195 5433 END
START 4212 -24304 17140 -2780 9901 2991 END
START 5380 -23696 16988 -1339 3351 794 END
START 6140 -20264 12772 -1200 244 -2380 END
START 4916 -15256 9168 -2479 -2844 -4021 END
START 4292 -10604 3904 -1795 -6735 -3568 END
START 3592 -8476 -1676 -1861 -6759 -1911 END
START 1876 -8156 -4212 187 -5494 -743 END
START 48 -6528 -3648 2238 -4564 -71 END
START -1124 -6324 -1868 4491 -4322 1455 END
START -604 -5208 -1908 1806 -3713 3858 END
START -1052 -5896 -4788 -1078 -2636 5599 END
START -2036 -5096 -5672 3151 -975 7433 END
START -2480 -3716 -3896 8439 -210 10094 END
START -2028 -4804 -1444 8442 235 12587 END
START -3228 -7852 -1544 7048 -1143 13938 END
START -4236 -9656 -5872 5058 915 20860 END
START -5556 -13544 -6392 8463 3523 22042 END
START -6164 -17100 -4160 10517 5438 21586 END
START -6668 -20636 -3488 9780 5690 19823 END
START -8272 -22216 -5880 4920 8573 24322 END
START -9076 -27928 -3196 6008 8644 22576 END
START -9688 -32768 -1756 6048 4932 18983 END
START -9932 -32768 -4448 8366 4672 10859 END
START -8784 -32768 -7860 795 8096 4561 END
START -6916 -32768 -10796 -4700 10642 157 END
START -4928 -29704 -12024 -2479 12841 -5314 END
START -3456 -20536 -14860 -228 16699 -6311 END
START -3968 -13628 -14468 57 21536 -4638 END
START -5284 -12028 -10728 5779 25386 -5507 END
START -7400 -12016 -2780 4567 26843 -4553 END
START -10764 -15500 5284 1904 24764 -2116 END