START -1540 -10020 -8128 1227 4873 5686 END
START -3076 -11912 -10248 1107 9333 7700 END
START -5900 -16040 -11140 1406 11961 7837 END
START -6556 -19448 -9572 4976 13708 7372 END
START -5364 -19452 -4844 8597 15878 7917 END
START -2400 -20788 664 4308 16980 8373 END
START -904 -25320 7156 1072 14960 6471 END
START 2132 -28188 11420 1264 8318 4159 END
START 3680 -30388 11860 -2555 3695 993 END
START 4108 -32456 10488 -5636 1189 -2894 END
START 3760 -30224 7644 -7940 162 -7708 END
START 3376 -27148 4668 -8734 -2017 -11468 END
START 2628 -24524 1444 -9080 -3059 -13513 END
START 1264 -22584 -1596 -8406 -1561 -15710 END
START -564 -19244 -1408 -7087 -259 -17088 END
START -944 -16916 -280 -7598 -267 -16580 END
START -1456 -13804 612 -8517 -584 -14934 END
START -1840 -12280 -588 -8490 -702 -13514 END
START -1636 -9892 -984 -7378 -855 -11550 END
START -1312 -8296 -896 -6491 -942 -9611 END
START -1496 -6340 -2848 -7745 -1878 -6681 END
START -768 -6356 -6828 -7860 -870 -5002 END
START -528 -5656 -11676 -8269 1149 -2368 END
START -576 -6976 -16624 -5671 5171 -726 END
START -460 -8660 -16752 -1778 8307 -1 END
START -1116 -8576 -14316 1256 11076 357 END
START -608 -10128 -10272 1307 13379 1397 END
START 484 -10484 -6212 -642 14246 2743 END
START 1460 -13444 -3348 -1630 13488 4312 END
START 2772 -15572 28 454 11079 5043 END
START 3528 -16644 2740 2521 9583 4667 END
START 4012 -16616 7496 -1020 10153 3339 END
START 5004 -16092 11740 -4008 6085 2678 END
START 5860 -13292 10176 -4577 1288 2953 END
START 6456 -11236 5452 -5027 -1491 3547 END
START 5752 -9700 1808 -2858 -2509 4052 END
START 4068 -9240 -632 -740 -2627 4971 END
START 2332 -8776 -264 1726 -2951 5640 END
START 1000 -7208 628 1542 -2558 6665 END
START 172 -5884 1816 696 -2787 8274 END
START -752 -6716 3180 3833 -4196 11003 END
START -1228 -8344 4368 9296 -7310 13509 END
START -2092 -10976 3356 8072 -9980 16953 END
START -3580 -15548 -1464 4591 -10183 18751 END
START -4136 -21496 -4036 7010 -9431 18047 END
START -3976 -23856 -6172 11698 -8920 16477 END
START -3348 -27736 -9144 7972 -6787 14595 END
START -3672 -30588 -11176 5089 -3160 11394 END
START -4528 -28536 -11792 4180 -909 8698 END
START -4132 -26544 -15164 1971 922 7111 END
START -3628 -23880 -18004 635 5276 5264 END
START -3608 -19968 -21004 -77 10326 4712 END
START -3900 -17804 -22520 1661 15779 5336 END
START -4620 -14792 -21056 4712 22095 4815 END
START -5404 -10720 -17424 2007 29711 5446 END
START -7660 -10916 -11580 -5146 32767 7315 END
START -12772 -16520 -2324 2091 32767 8801 END
START -15000 -22956 8244 16563 29834 7426 END
START -13848 -25668 17636 4143 26078 3532 END