START 6056 -15052 -5860 1591 -3623 -442 END
START 6564 -14516 -8616 852 -2680 -2 END
START 6348 -15844 -12420 212 -173 -487 END
START 4988 -16184 -15052 258 3303 182 END
START 4024 -17416 -17320 666 5830 -304 END
START 3108 -16540 -17228 2031 9114 -1044 END
START 1820 -15116 -14164 1166 11930 -2430 END
START 3064 -13104 -10140 33 13151 -2378 END
START 3452 -10872 -6004 433 12955 -1250 END
START 4448 -8636 -2472 545 12036 1208 END
START 4268 -8104 -160 -528 11238 3135 END
START 4448 -7960 1032 -1209 10128 4634 END
START 3380 -7784 2864 -1900 8544 5866 END
START 2704 -7832 4252 -1835 6081 8556 END
START 1864 -8620 5048 -1937 3479 10708 END
START 932 -9596 5276 -2363 1493 12378 END
START -412 -10572 5944 -1623 -1101 13136 END
START -412 -10188 5344 -1600 -3654 15790 END
START -752 -9964 4664 -1720 -5486 16985 END
START -924 -10356 3500 -2378 -7170 18836 END
START -1884 -14072 -148 3253 -9496 20608 END
START -1748 -16536 -3708 6364 -9375 22259 END
START -1560 -20808 -6016 5189 -6828 21342 END
START -1876 -27252 -8508 3946 -4508 19208 END
START -1112 -32768 -9916 4775 -3452 14978 END
START -88 -32768 -9888 4974 -2388 9578 END
START 1352 -32768 -9540 2113 -1670 3233 END
START 1652 -32768 -8528 -1202 -1225 -2893 END
START 1932 -32012 -7620 -4226 -463 -7593 END
START 1472 -28716 -6732 -6469 701 -11002 END
START 380 -25984 -4656 -6254 1146 -14047 END
START -936 -23280 -2268 -5736 511 -16078 END
START -912 -20716 -956 -6690 -541 -17110 END
START -1140 -18012 -616 -7175 -576 -18220 END
START -2056 -14876 -8 -8163 -1057 -17892 END
START -1544 -13040 -480 -7787 -2210 -17083 END
START -848 -10584 -1364 -7866 -2253 -15914 END
START 144 -7892 -2904 -8723 -1556 -14428 END
START 820 -7184 -5552 -8246 -742 -12307 END
START 1584 -6612 -8040 -5609 280 -9881 END
START 1000 -7608 -8312 -2257 1510 -7219 END
START 700 -9740 -8120 -67 1516 -4757 END
START 908 -11972 -8876 700 2795 -3987 END
START 1404 -12468 -9620 -222 4003 -3529 END
START 2652 -13900 -10820 -138 4542 -3338 END
START 3340 -13520 -12148 948 5691 -3055 END
START 3996 -13280 -15876 -161 9582 -3483 END
START 4184 -12192 -20728 -2032 14140 -3571 END
START 3460 -12096 -23524 2213 20565 -2170 END
START 2848 -10920 -22176 12910 25267 -830 END
START 2088 -3908 -19652 18655 30095 522 END
START -724 420 -16316 15837 32767 3197 END
START -1928 -604 -1932 11977 32767 5506 END
START -2788 -5672 15968 2807 32767 8836 END
START -4184 -16644 29296 -9237 23274 11326 END
START -4984 -27428 30332 -11725 8206 9327 END