START -4388 -12320 -8984 698 3541 3004 END
START -4984 -10196 -13588 -2125 6996 4938 END
START -7288 -14224 -17656 -6733 13622 5219 END
START -8124 -15364 -14952 -4076 18309 4757 END
START -7772 -14036 -10668 -1767 19483 5657 END
START -7408 -14364 -3964 -6606 21638 8394 END
START -7428 -18744 4512 -8086 20365 10309 END
START -6348 -23520 10988 -1234 15611 10999 END
START -3696 -25984 15712 -511 8493 9272 END
START -232 -27656 15568 -5103 3476 5972 END
START 2040 -27400 12036 -6553 988 1971 END
START 3136 -24884 7736 -3255 -1637 -1570 END
START 2712 -23688 1956 -2025 -2161 -4390 END
START 1720 -22852 -1016 -214 -2802 -6013 END
START 488 -22824 -3944 -400 -1801 -7235 END
START -680 -23568 -6036 -1249 -1502 -8267 END
START -1892 -24288 -5092 546 -1920 -10138 END
START -3136 -21780 -5172 48 -2509 -10401 END
START -3420 -19460 -3728 -2403 -247 -11933 END
START -3636 -16700 -1776 -4201 -773 -12230 END
START -3368 -13116 -1648 -4703 -1792 -9940 END
START -3636 -10916 -1284 -3826 -4794 -8123 END
START -2972 -10072 -4732 -3589 -3326 -8017 END
START -3160 -8032 -5000 -3900 -1089 -7811 END
START -3184 -7564 -6672 -3180 -1068 -6176 END
START -2824 -7684 -8040 -2343 -535 -3009 END
START -3488 -8592 -9064 -451 1527 -2026 END
START -3984 -9068 -9900 -1393 4416 -1477 END
START -3740 -10572 -11036 -881 5930 137 END
START -2776 -10212 -11760 -1467 6701 1099 END
START -1724 -10844 -12668 -506 8007 3353 END
START -844 -11744 -13356 -312 11551 4824 END
START -1264 -13228 -11248 -1029 15427 5399 END
START -928 -15084 -7384 -3819 16846 6161 END
START -1532 -16756 -2996 -678 15990 6974 END
START -1716 -18692 256 3950 15482 7227 END
START -864 -20008 5420 1036 15246 4933 END
START 852 -20152 10220 -5168 12287 2241 END
START 2284 -18536 8276 -4365 8428 1878 END
START 2848 -17260 7008 -1708 4987 1058 END
START 2504 -16180 6896 630 2285 389 END
START 1416 -14644 6908 -62 151 -367 END
START 908 -13412 5892 -2739 -2811 -348 END
START 308 -13276 2908 -1418 -5343 -53 END
START -148 -10632 -280 -915 -6798 378 END
START -1160 -9440 -1288 -2100 -6315 1996 END
START -1540 -8220 -1492 -1820 -6103 3794 END
START -2532 -8020 -672 -1065 -7159 4401 END
START -3552 -7428 -928 294 -7100 5539 END
START -4108 -7604 -3140 1790 -7539 8308 END
START -4208 -9304 -5076 2070 -6331 9152 END
START -4792 -10688 -4848 4778 -4031 10650 END
START -4876 -10880 -3288 6958 -3197 12560 END
START -4052 -14132 -4260 5658 -4516 14426 END
START -5132 -18288 -7740 5922 -3803 15389 END
START -5588 -22048 -8052 9250 26 14054 END
START -5596 -24376 -5192 8414 1119 11899 END
START -4872 -27436 -4444 5040 -88 9379 END
START -5620 -29764 -6152 2335 -384 7493 END
START -5824 -32768 -6780 4933 -1150 2474 END
START -4908 -29428 -8672 4236 -1569 -2436 END
START -3648 -26260 -12576 -1359 325 -4297 END
START -3836 -21272 -14444 -846 2169 -7452 END
START -4740 -13828 -18408 -1118 6527 -5679 END
START -3840 -10532 -20876 -2801 13001 -1670 END
START -5208 -8528 -19796 -1705 19804 418 END
START -6056 -6736 -14120 -1998 23449 2292 END
START -7808 -4780 -11612 -5243 26765 8696 END
START -9648 -9796 -5868 -11066 28161 12634 END
START -12604 -19132 -136 -2325 26705 13004 END
START -14276 -23600 6288 7385 24702 10178 END
START -12796 -27376 13056 150 19373 4584 END
START -12096 -29164 17956 -5105 11333 847 END