START 6224 -16016 -4588 -2493 -3690 -3451 END
START 5672 -14736 -4340 -1601 -1304 -3083 END
START 6068 -14684 -6172 -2299 -939 -2370 END
START 5536 -15596 -8008 -3273 -160 -636 END
START 4296 -15580 -10228 -862 1923 -1040 END
START 3772 -14280 -10484 -469 3664 -2267 END
START 3560 -13288 -9764 -992 6225 -2827 END
START 3796 -11184 -7520 -783 8041 -2489 END
START 3476 -8324 -5800 -1829 9135 -252 END
START 3668 -7652 -4952 -2641 9880 2111 END
START 3972 -5700 -4276 -3572 10659 4807 END
START 3204 -4840 -3520 -4504 10538 7270 END
START 1788 -5524 -2448 -2162 9730 9813 END
START 592 -8068 -556 2845 8853 13804 END
START 420 -9568 1800 6483 8098 15407 END
START -632 -12836 4456 4747 7707 17602 END
START -2036 -17296 7188 2873 8524 17109 END
START -3528 -20532 11688 2808 5340 16140 END
START -960 -23648 13376 5180 774 13962 END
START 1936 -22012 9900 4212 -2861 12166 END
START 3656 -21704 5424 676 -3129 11545 END
START 3780 -21664 3056 344 -3297 9772 END
START 3880 -21576 2792 2071 -5083 8803 END
START 3932 -21392 2384 2573 -6989 8134 END
START 3432 -24388 -3064 -751 -8237 7893 END
START 2580 -26684 -7388 -4490 -4837 4627 END
START 2840 -25528 -9128 -7404 -1587 1209 END
START 3160 -26800 -9036 -6016 543 -2185 END
START 2928 -25988 -7488 -3702 1235 -5144 END
START 2740 -24420 -5936 -2703 1858 -7374 END
START 3028 -23384 -3804 -4065 2359 -8682 END
START 1900 -22352 -2712 -5691 2052 -9840 END
START 1776 -21972 -1488 -3768 1823 -11532 END
START 1808 -20112 -412 -2402 1004 -12610 END
START 2180 -18436 512 -4971 483 -12699 END
START 2180 -17076 1564 -6945 -180 -12586 END
START 1716 -15228 1912 -6380 -1637 -12656 END
START 1844 -13900 852 -5731 -2780 -12024 END
START 2232 -12400 -40 -6548 -3094 -11363 END
START 2560 -11012 -576 -7077 -2862 -10320 END
START 2840 -9764 -2508 -6932 -3000 -8638 END
START 3428 -9916 -4704 -6303 -2516 -7348 END
START 3500 -9840 -7556 -5655 -1186 -5156 END
START 3176 -10360 -9876 -4974 365 -4389 END
START 3476 -10704 -11224 -3104 2444 -3927 END
START 3124 -11732 -11964 -2368 4479 -3021 END
START 2740 -12524 -12972 -2168 7213 -2105 END
START 2688 -11932 -13868 -2450 10151 -1279 END
START 2536 -11548 -16568 -3526 14151 -893 END
START 2664 -9264 -16900 -4521 18983 1073 END
START 3080 -7592 -15616 -5149 23262 3342 END
START 1524 -8788 -10804 -2612 26033 5243 END
START 1600 -11492 -3220 4224 25062 5863 END
START 2780 -14628 4896 4703 23857 5797 END
START 2684 -19396 12292 -4 21044 4270 END