START -5748 -14016 -8716 -3611 11553 5422 END
START -6592 -14952 -11584 -3488 14868 4391 END
START -7664 -16448 -13468 1 18782 3687 END
START -8852 -15068 -11736 4263 23385 4127 END
START -9116 -16080 -6012 846 25695 5855 END
START -9300 -16524 216 -4109 24720 6870 END
START -8952 -19828 7332 -3188 21887 8789 END
START -7188 -21824 13912 178 17802 8857 END
START -4060 -21960 18284 -4490 12575 7398 END
START -2008 -23780 18744 -7597 6485 6087 END
START 648 -24784 15384 -4133 1572 4711 END
START 1856 -24812 10688 -2670 -718 1561 END
START 2864 -25428 5392 -666 -1482 -1193 END
START 1952 -25404 1088 -1228 -1146 -3028 END
START 156 -28724 -1684 628 -1862 -6390 END
START -1356 -28048 -2928 875 -584 -10257 END
START -2448 -27244 -2152 -2176 228 -13194 END
START -3536 -25288 -2804 -3822 -364 -12964 END
START -4236 -24036 -4644 -5141 24 -13250 END
START -4960 -21420 -3260 -2672 477 -14876 END
START -5276 -17812 -168 -822 -672 -15012 END
START -5164 -14364 1000 -1843 -1586 -13153 END
START -5072 -12564 1980 -5519 -2823 -12915 END
START -5100 -10944 1732 -6628 -4595 -12264 END
START -4440 -8516 1628 -3937 -6389 -9665 END
START -3224 -7484 -872 -3696 -4849 -8845 END
START -1916 -7744 -4300 -8175 -4298 -6474 END
START -2868 -7572 -8244 -6155 -3997 -4344 END
START -3512 -8636 -13312 -3762 -516 -2588 END
START -4488 -10480 -14664 -2217 3454 -2073 END
START -4808 -9960 -13580 -2365 5633 -1674 END
START -3792 -9764 -13084 -4443 7153 1746 END
START -2372 -10780 -13288 -3179 11639 2599 END
START -1072 -11620 -10256 -2582 15226 2956 END
START 176 -12544 -5468 -302 16024 4500 END
START 1464 -13640 1504 780 12929 6728 END
START 2028 -15696 5840 3842 9093 7016 END
START 3636 -19136 9316 577 13623 -201 END
START 2292 -19496 13448 -5469 13362 2161 END
START 4424 -20072 13052 -4338 7640 634 END
START 5100 -16044 8580 -3116 2666 373 END
START 5060 -12220 2364 -3687 3018 -1188 END
START 4260 -9396 1856 -3570 1025 -1484 END
START 3156 -6436 -396 -2358 -1857 425 END
START 1620 -6392 -2460 -1171 -1190 -176 END
START -532 -5432 -1020 -146 -767 1063 END
START -1656 -6596 172 2391 -2788 2819 END
START -3632 -4100 2392 4824 -2395 5973 END
START -3156 -8072 4692 873 -2482 8290 END
START -3024 -9840 5456 -701 -4662 7280 END
START -3640 -12088 4160 4880 -8042 6397 END
START -3184 -10860 -1316 6302 -8655 10498 END
START -2176 -16916 -3680 8010 -6047 12397 END
START -2552 -18144 -5240 8403 -3020 12273 END
START -1820 -19796 -5740 1868 -2142 10081 END
START -2696 -23248 -7700 1391 -2783 8926 END
START -3604 -25152 -9816 8623 -2069 8415 END
START -2512 -24108 -11740 5538 138 7127 END
START -3304 -26152 -14656 -1021 271 3084 END
START -3728 -24284 -17696 -584 2637 -671 END
START -4348 -23524 -18492 1328 6851 -633 END
START -4408 -18760 -20204 -672 12795 2228 END
START -4216 -18632 -20784 -4757 23649 10657 END
START -7884 -19588 -12796 -2532 29275 9231 END
START -8196 -19012 -3692 -6674 29289 8088 END
START -8004 -23720 4252 -5484 29905 8021 END
START -6316 -27428 11908 2957 26788 8448 END
START -5988 -29376 19804 -224 19090 4300 END