START -3268 -12500 -12844 -931 13315 5442 END
START -4696 -12868 -14740 2469 17537 7962 END
START -7492 -14948 -10992 -1036 23023 7147 END
START -8872 -17600 -1608 -3860 23853 5508 END
START -7028 -18888 3896 -2145 22160 7401 END
START -5588 -21516 9368 2022 19494 9053 END
START -4724 -23728 13860 -2519 16473 6270 END
START -3600 -26496 14340 -6039 10805 3371 END
START -988 -24888 11144 -5441 5740 1193 END
START 1440 -22932 10096 -2594 4872 190 END
START 2280 -23644 10788 -5 3018 -667 END
START 2364 -26252 9580 65 -597 -2949 END
START 2640 -27756 5676 -1838 -2766 -5973 END
START 3064 -28384 -640 -2174 -2063 -8448 END
START 2256 -29568 -3580 272 -1444 -9335 END
START 168 -28616 -2256 1953 -1953 -11063 END
START -952 -24528 -3036 -3717 -2028 -12243 END
START -3052 -21896 -2292 -8400 -1728 -14460 END
START -3652 -17292 -1168 -7651 -1637 -13111 END
START -5216 -13616 -240 -5031 -3983 -10513 END
START -4432 -10648 -824 -4665 -4581 -9546 END
START -5276 -9132 284 -5395 -3485 -9805 END
START -5768 -6852 1540 -6806 -4441 -9317 END
START -4856 -5496 -752 -7764 -4086 -7645 END
START -4264 -4032 -4352 -7736 -4351 -5779 END
START -3364 -3076 -10976 -7237 -92 -2303 END
START -3188 -4008 -13892 -7134 4320 -1199 END
START -3020 -6620 -15312 -4264 5471 -142 END
START -2080 -5424 -17412 -1185 7791 4329 END
START -1288 -7712 -16684 -1946 13440 5707 END
START -1224 -9440 -13528 -4934 16599 8403 END
START -1232 -11912 -10596 -2656 16965 10451 END
START -1264 -15464 -7220 4069 14500 11360 END
START -2288 -12828 -8424 2072 19791 11237 END
START -3952 -19420 -2280 -5505 28571 9247 END
START -2192 -21592 9388 -2882 25605 10086 END
START 56 -23676 16368 -807 20836 8758 END
START -1424 -26216 19820 -3945 15544 4977 END
START -696 -27040 19336 -4054 7332 956 END
START 1412 -21808 13840 -2134 299 -1246 END
START 2028 -18264 7728 -2918 -3045 -1435 END
START 1244 -14328 4292 749 -6152 -1878 END
START 400 -11244 1844 728 -7413 -1740 END
START -912 -7208 1884 -412 -8871 -624 END
START -1888 -6372 1664 -512 -10895 181 END
START -3352 -6968 284 4011 -12644 -6 END
START -3640 -3664 -4116 2572 -10480 2199 END
START -2852 -4040 -5616 564 -7981 3810 END
START -2320 -4620 -5024 5245 -6843 4078 END
START -2772 -6408 -5476 8825 -6292 2793 END
START -4044 -7016 -8332 4136 -3543 9908 END
START -2204 -13992 -7224 8884 -1977 11317 END
START -2268 -16572 -5888 12960 -1861 10857 END
START -2876 -19832 -7624 3852 -2956 9725 END
START -3900 -22524 -11756 -3703 -704 7932 END
START -5132 -23196 -14880 -3844 4930 12834 END
START -4924 -27960 -12856 1138 8341 13290 END
START -4664 -30308 -11792 3489 8821 10114 END
START -4812 -29612 -14644 753 13031 6577 END
START -4440 -27048 -16336 -5747 18688 6660 END
START -5076 -25320 -15912 -2012 24017 3152 END
START -5616 -19560 -16600 1502 28899 3897 END
START -8592 -17912 -9812 2260 32767 5935 END
START -9800 -19372 3036 186 32767 8578 END
START -12748 -17060 11316 -10064 25878 9465 END
START -9752 -26464 19616 -10717 14880 3641 END
START -9140 -29124 23884 -2881 6246 -2287 END