START -7560 -6404 -17208 -3775 5504 6184 END
START -8204 -8836 -26532 -2820 13145 8249 END
START -10036 -8456 -26908 4861 22789 10088 END
START -13532 -14172 -18584 1999 29874 13019 END
START -15484 -21944 -2980 247 31051 14085 END
START -13112 -26452 10668 2659 27105 15579 END
START -8200 -30064 18860 -2329 21338 13993 END
START -3156 -32752 21444 -6545 14975 10325 END
START 1532 -31092 21300 -6121 8785 4700 END
START 4148 -28772 16448 -4940 4048 354 END
START 5108 -25220 9320 -3812 1192 -3384 END
START 5008 -22676 2012 -5503 790 -4788 END
START 4224 -22036 -352 -3719 632 -3545 END
START 2488 -23608 -3376 38 318 -961 END
START -180 -30156 -3560 264 262 -4450 END
START -2408 -30392 -3988 -1092 527 -10495 END
START -3924 -28712 -3900 -1053 698 -14432 END
START -3628 -23712 -2520 -2019 -628 -14000 END
START -4140 -20904 -2216 -2230 -2162 -13520 END
START -4752 -16448 -772 -1846 -3652 -14473 END
START -4876 -12872 532 -2582 -4457 -15478 END
START -4668 -7232 1164 -6856 -4756 -15323 END
START -3836 -3660 -520 -10593 -5768 -12221 END
START -2652 -2320 -3348 -7923 -7184 -8560 END
START -2324 -3036 -8560 -4059 -4538 -7451 END
START -2504 92 -10876 -5875 -1011 -5334 END
START -2556 -1892 -12896 -9140 344 -1361 END
START -3804 -4512 -14480 -3839 671 2002 END
START -3884 -5364 -16300 -953 3331 4065 END
START -3864 -9296 -16964 -909 6853 4912 END
START -2468 -11860 -16756 -1452 7827 4955 END
START -2588 -11916 -15876 2502 8215 4952 END
START -948 -12972 -15768 6427 12656 11520 END
START 648 -17144 -5680 8490 22261 9418 END
START 316 -21316 9832 5131 21405 6366 END
START 1608 -23028 22340 4305 15359 1870 END
START 3712 -20844 23464 -92 8239 1457 END
START 6164 -18744 17168 -6159 3656 -837 END
START 6356 -13832 10576 -6483 -1430 -1008 END
START 6356 -10612 3952 -3042 -5404 -646 END
START 5184 -8812 -368 -2568 -4806 -633 END
START 2692 -7632 -212 -2113 -3723 -16 END
START 508 -5896 1884 -1434 -4953 747 END
START -108 -4124 2464 -1347 -6039 2325 END
START -1044 -2172 1348 429 -7022 4757 END
START -2164 -1148 1104 1432 -7300 5742 END
START -3020 -2212 224 2318 -7806 6815 END
START -6228 -3268 -272 2502 -5548 7899 END
START -7908 -7360 484 1790 -6601 12291 END
START -8128 -13248 432 13585 -8953 11823 END
START -7112 -17744 -1560 21201 -7006 10879 END
START -6552 -22960 -2436 16584 -2940 9258 END
START -3860 -25272 -3064 6622 -2405 8165 END
START -2484 -27600 -8852 4455 -2112 5170 END
START -2284 -29196 -15144 7172 2473 5022 END
START -1816 -31820 -14364 7910 8604 3667 END
START -1200 -29720 -9600 7222 8308 1834 END
START -128 -28756 -10884 -434 4639 -776 END
START -796 -27180 -14424 -9336 4419 -3100 END
START -1200 -24956 -17080 -8166 7183 -3817 END
START -1124 -21144 -18228 -4978 9868 583 END
START -2308 -20116 -19032 -1782 16760 1692 END
START -4136 -16868 -14372 -664 22441 89 END
START -4792 -10660 -12728 -11031 21996 2041 END
START -6944 -10708 -14656 -16106 27686 9104 END
START -9212 -13568 -11288 -5443 32767 15449 END
START -11040 -16456 -792 220 32767 15330 END