START 1108 -2796 -1068 1762 2581 10070 END
START 124 -2280 96 1862 2287 13982 END
START 552 -4444 296 4544 1523 16371 END
START -968 -6036 -1036 6938 2126 18314 END
START -2492 -9256 -760 9316 2236 18920 END
START -4024 -10972 124 10183 1604 19787 END
START -5484 -12628 1652 9945 1054 20630 END
START -4928 -13512 3516 8304 -71 23149 END
START -5192 -18140 2712 7548 -3456 24970 END
START -5688 -21692 460 10243 -4267 24853 END
START -6744 -22932 -116 11461 -3939 23820 END
START -6244 -23156 1592 8301 -2815 22758 END
START -5976 -26284 -952 3139 -4143 22389 END
START -6232 -31608 -2968 5362 -3823 20339 END
START -6036 -32768 -2848 7652 -2644 16178 END
START -4348 -32768 -1608 4747 -2644 11697 END
START -3264 -32768 -4248 1555 -2827 6914 END
START -2768 -32768 -6272 545 -760 1025 END
START -2132 -32768 -5512 -1357 232 -4640 END
START -1816 -32768 -4852 -2841 1137 -9889 END
START -2780 -32416 -3136 -4190 1912 -14786 END
START -3928 -30092 -2120 -7248 2671 -18765 END
START -4500 -28172 364 -7551 3204 -22486 END
START -4192 -24044 1804 -7366 2249 -25160 END
START -3276 -19752 1996 -8859 1304 -26300 END
START -2592 -16772 2940 -9647 469 -25319 END
START -1984 -14904 4368 -8707 -485 -24414 END
START -1696 -12924 5292 -8799 -3005 -23088 END
START -948 -10076 5328 -9646 -4460 -21214 END
START 172 -7396 4684 -11633 -6911 -18505 END
START 832 -6036 80 -11964 -8284 -14962 END
START 1636 -4304 -3976 -10423 -6081 -13132 END
START 1908 -3336 -7996 -10518 -4789 -9853 END
START 2192 -4284 -11236 -8883 -3022 -6598 END
START 1500 -6344 -13652 -1965 -729 -3401 END
START 1988 -7324 -14780 1809 2623 -2071 END
START 2284 -9204 -13780 417 6108 -1692 END
START 2420 -11148 -11392 -261 8580 -733 END
START 3204 -11824 -9948 254 9071 198 END
START 3640 -13340 -10672 823 9740 1491 END
START 3608 -14524 -11748 3566 11673 969 END
START 3316 -13960 -13632 1871 14324 619 END
START 3756 -13976 -16996 -2301 18641 532 END
START 4420 -12592 -16768 -3147 25539 544 END
START 5916 -9424 -13152 -4576 31015 1864 END
START 4344 -10820 -6456 -3063 32767 3833 END
START 2984 -12204 4184 7184 31520 5024 END
START 3024 -14320 14960 6181 27433 5656 END
START 1736 -19312 23824 -8244 21147 5398 END