START -6508 -12068 -20268 -2221 15556 7505 END
START -9324 -11588 -18872 6670 26713 11588 END
START -12872 -18072 -9556 8976 31473 14276 END
START -12160 -22800 3356 4205 28409 12947 END
START -9860 -29180 10308 -3448 21145 10252 END
START -5504 -28856 10212 -5491 17824 6224 END
START -2200 -25580 9392 -6868 12360 5010 END
START 324 -23120 6716 -5961 8996 4139 END
START 2452 -20376 6204 -5381 7759 1946 END
START 3336 -19616 7740 -2974 7634 1002 END
START 3124 -20460 10728 -717 5380 340 END
START 4208 -23104 10660 -3451 859 -1134 END
START 3556 -26276 5312 -4029 170 -4295 END
START 3200 -27828 -760 -2282 -526 -5223 END
START 2712 -29164 -4600 368 -1038 -6165 END
START 1100 -30044 -6888 898 -982 -8938 END
START -988 -28516 -7800 -2631 80 -11314 END
START -2336 -25248 -5980 -3700 -964 -14133 END
START -3740 -21328 -5332 -4396 -1878 -13379 END
START -4284 -16584 -3652 -2967 -1528 -12570 END
START -4208 -12620 -1736 -5160 -1548 -12254 END
START -4316 -9356 -1464 -5511 -1556 -11291 END
START -3640 -5892 -788 -5086 -2492 -8702 END
START -3488 -4216 -1012 -2184 -3324 -7201 END
START -2744 -1504 -3856 -5713 -2617 -5711 END
START -2164 -1788 -7184 -9240 -1200 -3897 END
START -3004 -3256 -9540 -5428 26 -1632 END
START -3204 -3716 -12468 -3506 1377 410 END
START -3500 -5464 -15428 -2489 3399 1986 END
START -3096 -7860 -16356 -200 5407 2199 END
START -2100 -7684 -17584 -451 8991 5053 END
START -2296 -10764 -17160 1164 12430 5614 END
START -2440 -11992 -12804 3741 12440 5116 END
START -1628 -12908 -6696 3488 9248 4493 END
START -920 -13576 -6632 -802 11776 9377 END
START -956 -17456 -924 -5402 19782 8583 END
START 712 -22996 10804 -1794 16632 7026 END
START 1872 -26112 17920 8162 9767 3423 END
START 4164 -22784 19480 567 4815 2072 END
START 5676 -21944 17860 -5553 2311 591 END
START 4816 -18648 13256 -262 -5096 -1750 END
START 4340 -13244 6792 1514 -9241 -2383 END
START 2136 -11524 2060 -1031 -10227 -2091 END
START 336 -10248 720 -1141 -9563 -1833 END
START -1592 -9348 -240 1980 -10616 -1308 END
START -2396 -8972 56 3520 -11601 -1784 END
START -2100 -5456 -2804 1788 -11601 -794 END
START -2044 -4796 -5604 821 -9155 2823 END
START -2712 -4816 -7316 2380 -5387 6281 END
START -2992 -7064 -5560 3260 -2545 7431 END
START -2744 -12036 -2468 5030 -4776 7983 END
START -2924 -15684 -4852 10545 -7176 8683 END
START -3584 -19308 -10092 9043 -4846 10385 END
START -2964 -22948 -13656 3752 830 12847 END
START -1100 -27616 -11468 8064 3191 10384 END
START -1688 -27284 -8472 10529 3440 8133 END
START -1516 -24872 -10556 1577 4024 7202 END
START -400 -27580 -13672 -5933 5958 7575 END
START -920 -27772 -16052 -904 7650 4682 END
START -1664 -26776 -16488 5765 10369 1485 END
START -2380 -23408 -16356 5809 13157 -1163 END
START -2660 -19548 -16572 2352 15983 -3956 END
START -3224 -13292 -18232 -1056 19914 -4087 END
START -2788 -4368 -18452 -7443 24848 -1072 END
START -4468 -708 -15564 -10576 30855 7228 END
START -8416 -9160 -6220 -2156 32767 13906 END
START -11004 -17572 6520 3093 32767 13927 END