START 3324 -10000 -10000 3038 12643 4305 END
START 3244 -9456 -7512 1415 13777 6338 END
START 3128 -9788 -4888 2813 11853 7990 END
START 2500 -11820 -1468 6717 9410 9432 END
START 1912 -13240 2040 4713 8625 9164 END
START 1676 -13616 4548 192 8165 8577 END
START 1772 -12624 5948 -1672 6674 9491 END
START 1028 -13232 6736 495 3817 11183 END
START 652 -12516 6888 2385 -252 12153 END
START 548 -10876 5840 640 -2182 14086 END
START 508 -10016 5392 -553 -3694 15616 END
START -192 -10280 3380 1664 -5475 17030 END
START -856 -10364 540 2295 -6400 18806 END
START -2272 -11932 -628 3123 -6444 21332 END
START -3444 -16224 -1312 6026 -7089 22205 END
START -4512 -21324 -3176 9415 -7596 22160 END
START -4768 -25640 -4896 7331 -4582 20185 END
START -4988 -30792 -4196 4238 -2589 16893 END
START -4724 -32768 -5628 6668 -3919 12181 END
START -3396 -32768 -7668 4881 -3243 6991 END
START -1996 -32768 -8496 -404 -49 919 END
START -1708 -32768 -8024 -3130 1209 -5165 END
START -1628 -32768 -7592 -4171 1982 -10648 END
START -2052 -30612 -5092 -5049 3284 -14495 END
START -2496 -27064 -1876 -6643 3693 -17366 END
START -3428 -24288 1616 -8160 2915 -19709 END
START -3348 -20984 3276 -8608 1118 -20695 END
START -2964 -17832 3200 -9620 -82 -20264 END
START -2916 -15620 2672 -9720 -785 -19873 END
START -2800 -13240 1188 -8642 -1157 -19391 END
START -2284 -10528 1088 -8103 -2226 -17881 END
START -1012 -8676 -464 -8007 -2762 -15769 END
START -80 -7792 -3480 -7921 -1629 -13266 END
START 48 -8268 -6644 -6914 -662 -11373 END
START -84 -8176 -8380 -4067 746 -9565 END
START -204 -8028 -9664 -3657 1810 -7283 END
START -204 -9124 -11456 -3766 4989 -5552 END
START -588 -9568 -11264 -2907 7755 -4498 END
START -316 -8988 -11652 -584 9430 -3001 END
START 344 -7692 -12164 150 11667 -374 END
START 340 -7900 -13520 653 14277 2220 END
START 840 -10444 -14052 3449 17157 3650 END
START 1420 -11584 -10760 7948 20102 3560 END
START 2204 -12880 -5340 5190 22579 4115 END
START 3196 -16688 2216 3763 23168 3609 END
START 5500 -19288 11112 3534 20334 3281 END
START 6172 -21460 17216 2004 16367 224 END