START -6684 -11412 -8352 -1013 5152 1892 END
START -5352 -11164 -11664 -1810 2378 2328 END
START -6644 -11024 -24296 -7737 8664 3892 END
START -7496 -14020 -26040 -5692 18820 9188 END
START -8700 -15480 -20576 7045 26204 10749 END
START -9876 -17400 -10216 -643 28842 9655 END
START -11604 -23288 2940 -5480 25579 10642 END
START -8940 -25464 12512 1534 21731 13168 END
START -5036 -25776 19688 -2893 19766 11935 END
START -1468 -31064 23196 -11991 10587 7332 END
START 1264 -31492 17068 -11155 3459 2038 END
START 3956 -28916 9420 -5569 1974 -2275 END
START 5608 -24172 6208 -888 1021 -4475 END
START 5024 -22164 3732 -1978 -1376 -5743 END
START 2732 -24860 2268 -2472 -3013 -5726 END
START 1528 -26004 236 860 -3332 -9229 END
START 1612 -24356 -2652 -2064 -4805 -9859 END
START 848 -24552 -5404 -4682 -5410 -9164 END
START -1444 -23832 -8048 -2492 -2330 -11511 END
START -3328 -19604 -4712 -1496 -472 -11902 END
START -3492 -15828 -1540 -3298 -1687 -11399 END
START -3936 -12724 -1744 -6553 -3409 -9420 END
START -5500 -12000 -3404 -5170 -1890 -9332 END
START -3920 -8576 -3348 -3829 -1673 -10163 END
START -3008 -5504 -5612 -5838 -2217 -6716 END
START -2332 -4172 -7880 -6250 -712 -4154 END
START -2700 -5180 -9632 -4464 3434 -2830 END
START -3688 -5020 -9124 -1864 4675 -1522 END
START -3716 -6176 -8928 -707 3365 -1334 END
START -4276 -6016 -11244 -1931 2538 2031 END
START -3364 -6984 -15760 -2224 2510 4617 END
START -2000 -6764 -16892 -6117 11429 6268 END
START -1144 -9776 -14568 -8915 13970 7047 END
START -1112 -14568 -11532 -1132 11812 5951 END
START -1040 -14632 -5832 6876 8367 8616 END
START 1260 -17772 -1604 4127 13526 10176 END
START 656 -24704 11660 -4249 21768 6160 END
START 1792 -28148 21164 -3293 15137 3272 END
START 4156 -23688 19404 349 5896 -1148 END
START 5860 -17124 13084 -3358 1234 -1516 END
START 5072 -13432 8748 -3236 -1962 -1824 END
START 3688 -9936 3484 -1204 -5461 -1816 END
START 2284 -8188 324 1012 -4694 -1115 END
START -8 -6512 924 1085 -3713 -323 END
START -1412 -6964 2776 3613 -5322 1293 END
START -2300 -6724 2548 7344 -6597 1386 END
START -2032 -6184 -612 5930 -7388 2814 END
START -1268 -5304 -3916 3796 -5621 4346 END
START -1892 -6936 -4548 108 -3200 6556 END
START -3104 -12968 -4732 6378 -3619 7331 END
START -2940 -18076 -6408 16163 -3323 6481 END
START -1748 -17892 -3996 15598 -1651 5754 END
START -1120 -20808 -2624 6330 -2317 6519 END
START -1248 -22876 -6520 -398 -2669 7324 END
START -704 -26196 -10604 971 -41 5276 END
START -424 -26796 -8716 8644 1163 5851 END
START 112 -26444 -9296 7808 802 7103 END
START 800 -27092 -11800 262 1895 3699 END
START 876 -25544 -13000 -4673 2939 487 END
START 264 -20596 -15880 -5996 4683 -992 END
START -624 -16240 -20244 -9668 9906 1209 END
START -1368 -13344 -20500 -9274 15236 2648 END
START -2548 -11008 -18408 -4665 18591 3624 END
START -4404 -11148 -17344 -528 24756 6453 END
START -6216 -12940 -11172 -6928 29673 12835 END
START -6884 -18376 -5748 -8965 30058 11446 END
START -8336 -26904 1900 -2404 30243 11370 END
START -8732 -28280 10740 -342 27107 7785 END