START 5832 -14568 -13528 -492 843 14 END
START 6824 -14484 -18396 -354 3815 1185 END
START 5892 -14176 -20912 33 9947 11 END
START 4548 -11716 -18764 -680 15237 91 END
START 2800 -10288 -12792 1932 16847 1096 END
START 3104 -10044 -4764 5193 14555 3448 END
START 3344 -11288 2068 3717 11441 6305 END
START 2428 -15036 6792 2041 7040 7212 END
START 2132 -16808 7548 1774 5648 6675 END
START 1464 -16120 10568 -2803 3448 4500 END
START 2896 -13744 9620 -6103 200 3340 END
START 4344 -10144 7076 -5684 -2855 4428 END
START 5328 -7392 3452 -3820 -5015 6754 END
START 5144 -6620 -472 -2620 -5561 9157 END
START 4352 -6220 -1936 -1042 -5658 10784 END
START 2992 -6992 -1952 1867 -6174 13081 END
START 1328 -8120 -972 5417 -6428 14983 END
START -148 -9400 -880 7348 -6468 16842 END
START -1040 -10520 -1416 5663 -5432 18445 END
START -2832 -12400 -1152 2602 -3940 20682 END
START -5336 -17680 -1900 5482 -5155 21290 END
START -6008 -20988 -3820 10055 -5829 21505 END
START -5152 -23816 -3804 8711 -5347 20356 END
START -4712 -28068 -6632 2681 -4423 17790 END
START -5348 -32768 -8936 2088 -4278 14187 END
START -3976 -32768 -11208 2244 -4084 9608 END
START -3100 -32768 -14312 475 -1732 3871 END
START -2760 -32768 -14412 -3629 1947 -2040 END
START -2820 -32768 -12168 -4879 4937 -7783 END
START -2468 -31736 -8576 -3751 6432 -13006 END
START -2588 -28016 -5016 -3867 6898 -16330 END
START -3252 -24884 -1556 -5164 6675 -18536 END
START -4180 -22436 812 -7478 5775 -20246 END
START -3940 -19272 2216 -8546 4132 -20771 END
START -3604 -17048 2796 -8056 2222 -20889 END
START -3564 -13308 3380 -6278 -149 -20250 END
START -2652 -11088 3636 -5345 -1742 -18438 END
START -800 -8392 2304 -6104 -3286 -16420 END
START 420 -8204 -188 -8287 -3534 -13998 END
START 1064 -7932 -2916 -7201 -4149 -12248 END
START 1672 -7128 -5576 -4550 -3842 -10482 END
START 2060 -7608 -7336 -2674 -2621 -8615 END
START 2984 -8976 -7948 -2844 -2019 -7076 END
START 2888 -10064 -10456 -2910 -369 -6064 END
START 2648 -10656 -12148 -802 1558 -5382 END
START 3212 -9684 -12124 -37 3959 -3996 END
START 3076 -9816 -10764 468 5182 -2563 END
START 2624 -9916 -10420 1733 5937 -1323 END
START 3188 -10128 -10580 1929 6850 -68 END
START 3320 -9940 -11412 843 8453 1225 END
START 3488 -10708 -12288 -971 9490 2702 END
START 3324 -11200 -16188 -390 10854 4125 END
START 3292 -11256 -19664 -298 14965 4984 END
START 2628 -11844 -20232 163 20203 6156 END
START 3176 -12040 -15196 1823 23790 6749 END
START 3064 -14836 -7956 1978 24156 7661 END
START 2788 -16580 696 1095 23906 7781 END
START 2024 -19820 10988 -2235 21624 7573 END
START 780 -24960 19864 -1749 15542 5262 END