START 5856 -14104 -11968 -1950 985 -1185 END
START 6556 -13768 -13960 -2057 3140 -1237 END
START 6056 -12388 -14180 137 5572 -833 END
START 5704 -12536 -13448 2071 8297 -405 END
START 4320 -12308 -10780 4193 10068 -279 END
START 3276 -11108 -7832 3588 9748 -163 END
START 3676 -9948 -5872 1913 10265 1084 END
START 3928 -8072 -4964 -173 12184 2306 END
START 4164 -6412 -3236 -3451 13382 3889 END
START 2736 -7072 -1128 -2750 11361 5923 END
START 1960 -7380 1192 1844 7298 9222 END
START 1296 -7972 2408 5628 4492 11640 END
START 136 -7452 3228 2661 3213 13690 END
START -868 -9892 4044 497 1694 15790 END
START -1360 -9452 4292 497 44 17364 END
START -2484 -9608 4776 58 -2717 19179 END
START -4140 -12148 3296 2582 -5581 20870 END
START -4348 -14864 508 4765 -7665 21903 END
START -3864 -17288 -2428 6313 -7058 23438 END
START -3932 -20856 -1980 4998 -5132 23541 END
START -3908 -27656 -3288 3113 -5839 22000 END
START -2496 -32768 -7628 6942 -5153 17996 END
START 40 -32768 -8380 8292 -3859 13013 END
START 2796 -32768 -9524 3314 -2816 6394 END
START 3664 -32768 -11808 -1291 -534 -952 END
START 3188 -32768 -11136 -2152 1244 -7667 END
START 1672 -32768 -8344 -4004 2870 -12985 END
START 520 -28772 -4176 -4948 3106 -16318 END
START -308 -24616 -1552 -5983 2275 -18088 END
START -1192 -22036 -276 -7724 1489 -18595 END
START -1660 -19416 132 -7401 698 -19323 END
START -1572 -16568 1088 -7961 -579 -19476 END
START -1208 -14916 536 -7860 -2078 -18191 END
START -948 -13328 24 -7538 -2575 -16446 END
START -876 -12336 -1388 -6120 -1170 -16438 END
START -468 -10240 -1760 -7853 -668 -15379 END
START 292 -9632 -2704 -8095 -957 -12930 END
START 1008 -8728 -3928 -5938 -1634 -10799 END
START 1348 -7856 -5280 -4640 -557 -9130 END
START 1988 -6176 -6640 -4710 1 -6882 END
START 2012 -7456 -7992 -4857 1176 -4314 END
START 1892 -9180 -8272 33 2288 -3881 END
START 2028 -9440 -7440 2211 2453 -3046 END
START 2796 -8884 -7252 1019 2249 -1764 END
START 3664 -9684 -8684 -1443 4254 -470 END
START 4788 -9804 -11648 -3564 5671 745 END
START 5252 -10772 -15772 -2809 6838 2300 END
START 5104 -11020 -22080 -1002 10810 3742 END
START 3984 -12264 -24144 3181 17455 3776 END
START 3028 -11808 -20796 3712 23741 3960 END
START 3220 -13356 -11928 4664 26353 3699 END
START 2976 -13152 -2784 2930 25989 4637 END
START 2116 -16160 6288 -474 23349 5459 END
START 2168 -18172 13020 -4301 19631 4999 END
START 2560 -20772 16936 -2171 13241 4225 END
START 4720 -20216 17928 -277 6407 2846 END