START 7076 -15468 -11308 -2426 -459 -1111 END
START 6516 -15468 -11232 -1332 2463 -270 END
START 5976 -14204 -11424 48 4798 -257 END
START 4744 -12448 -11156 619 7056 -712 END
START 4456 -10804 -10324 1373 9784 -985 END
START 4372 -8276 -8360 -1377 11499 696 END
START 3036 -6916 -6044 -4794 11151 3360 END
START 748 -7156 -3524 -3030 9881 5307 END
START -64 -8180 -520 1715 6512 7951 END
START -164 -7444 864 5258 3338 9751 END
START -204 -6456 380 4166 3154 11851 END
START -488 -6060 1060 -242 4037 13661 END
START -1040 -5960 2760 -2534 2828 16358 END
START -2336 -8888 4812 370 223 18969 END
START -4188 -9884 5964 6670 -3330 21543 END
START -3840 -12680 3960 8201 -5871 23693 END
START -4156 -16000 588 7266 -5153 24503 END
START -4792 -22076 -820 8491 -5334 24652 END
START -4072 -28524 -3272 12286 -5164 22359 END
START -1128 -32768 -5044 11772 -3737 19578 END
START 364 -32768 -7280 5039 -2993 14198 END
START 696 -32768 -9464 2351 -1450 6917 END
START 1228 -32768 -9388 2322 -713 -714 END
START 1040 -32768 -8700 -623 618 -7757 END
START 280 -32768 -6560 -5714 1789 -13146 END
START -1032 -30768 -3384 -6502 2037 -17045 END
START -1336 -25772 88 -6882 1291 -19595 END
START -1860 -21928 2448 -8335 -471 -20440 END
START -2048 -19168 2924 -9652 -1880 -20742 END
START -1700 -16032 1728 -10888 -2282 -20386 END
START -1196 -13624 956 -11705 -2129 -19811 END
START -592 -11852 -396 -10387 -2081 -18905 END
START -100 -9084 -2740 -9937 -1252 -17215 END
START 336 -8480 -3072 -10064 -798 -14950 END
START 160 -9084 -4964 -7451 -194 -13146 END
START 892 -8264 -6548 -5850 1097 -11712 END
START 1220 -7088 -8184 -6098 2540 -9667 END
START 1828 -7452 -10332 -7251 5060 -7883 END
START 1848 -6872 -11096 -6973 7277 -5942 END
START 1136 -7788 -13052 -3506 9556 -4126 END
START 1116 -6696 -14900 -502 11958 -1625 END
START 2472 -7344 -17428 -1940 15097 805 END
START 2772 -8596 -19400 -3700 20156 2874 END
START 2172 -9040 -19564 -3639 25132 4582 END
START 1268 -10788 -17512 -1601 27889 5677 END
START 1072 -11796 -10100 2400 28373 7204 END
START 1396 -13000 720 3829 26403 8213 END
START 1928 -16224 10768 -119 24036 5810 END