START -2492 -7676 -15560 -4494 8953 6734 END
START -4096 -7488 -20292 328 15262 10662 END
START -8208 -16400 -15484 8415 22031 13875 END
START -9424 -21800 -7688 4670 24553 11654 END
START -9680 -24876 3020 9 23566 10086 END
START -7952 -28796 10260 812 18575 9426 END
START -4544 -26948 13036 -2183 15102 6155 END
START -1744 -25168 12608 -4214 9676 3144 END
START 1492 -24132 9252 -6534 5122 833 END
START 3636 -24724 6240 -5727 3914 -1041 END
START 4720 -24120 4456 -3711 2973 -3334 END
START 4728 -24492 3908 -3684 590 -6050 END
START 2776 -26172 2736 -4325 -2614 -7261 END
START 784 -26592 -964 -5621 -2787 -8565 END
START -832 -26876 -4352 -4977 -1253 -12445 END
START -1564 -23704 -6024 -5270 -482 -14275 END
START -1428 -21836 -5164 -3558 -1103 -12930 END
START -1308 -19832 -4744 -1676 -2398 -10430 END
START -2800 -17172 -3624 -3946 -423 -11927 END
START -4204 -16528 -1264 -6030 -55 -13019 END
START -4588 -13252 -1148 -6790 -1154 -12474 END
START -3688 -9112 -1712 -5038 -2922 -10513 END
START -3468 -4428 -4132 -3870 -3374 -7528 END
START -2292 -2956 -6668 -2736 -1428 -5846 END
START -2200 -2564 -7920 -2189 366 -3792 END
START -2636 -1904 -8428 -2396 949 -1648 END
START -2644 -3896 -10140 -2562 414 1129 END
START -1552 -4228 -12400 -911 2772 2745 END
START -556 -5884 -14756 -4290 6652 5124 END
START 328 -9676 -15572 -7374 9779 7109 END
START -416 -12036 -13828 -1989 10605 7451 END
START -444 -14380 -10680 5030 10731 7149 END
START 1168 -14204 -5068 1607 13845 7691 END
START 888 -18044 2444 -2219 13990 8959 END
START 1108 -22188 9276 394 10817 8602 END
START 1212 -23900 11808 -830 8158 4986 END
START 2812 -22204 11884 -4214 3967 978 END
START 3084 -17996 8244 -1922 -688 -1184 END
START 4012 -14592 2928 -1279 -1439 -843 END
START 3456 -11576 1264 -1570 -2183 -1805 END
START 1396 -9592 748 1710 -3058 -2106 END
START -588 -8404 1732 2636 -3987 -1864 END
START -1388 -7732 2096 2478 -5434 -392 END
START -1836 -7080 1796 5373 -6359 -273 END
START -1532 -4736 1356 4707 -6964 1151 END
START -1532 -4900 112 3466 -7285 3803 END
START -2732 -7548 -1252 5645 -6329 6213 END
START -3600 -11420 -1844 10904 -7160 8502 END
START -2608 -14288 -3940 10390 -5371 10312 END
START -2092 -15740 -2892 4505 -2669 10017 END
START -2584 -21072 -3160 9408 -3125 10828 END
START -2512 -26080 -4256 18143 -3930 10345 END
START -2584 -25336 -6508 13040 -1977 8654 END
START -1128 -27616 -8972 5487 -82 8941 END
START -76 -26188 -10864 6702 2048 6652 END
START -396 -26112 -9916 5746 3354 4950 END
START -544 -23196 -9400 3153 2541 3422 END
START -1052 -24076 -14220 -4008 3003 2676 END
START -1024 -22572 -19260 -6597 8488 -868 END
START -1936 -18180 -21460 -9551 13175 -2255 END
START -2736 -12660 -21652 -8252 16684 -823 END
START -3436 -9712 -23844 -7578 22144 6336 END
START -5320 -8580 -22828 -2366 29977 8797 END
START -9924 -11904 -12092 126 32767 9956 END
START -12992 -14676 1564 -326 32767 8930 END
START -14512 -17900 12024 -20883 24975 11681 END
START -16168 -32768 17316 -18772 17117 10144 END