START 2156 -4236 -4064 -5240 5103 11844 END
START 964 -6208 -1892 -5131 4313 14329 END
START -1416 -6708 -1504 1711 1355 16737 END
START -2220 -7072 -1048 8443 1404 17467 END
START -4700 -7888 292 8423 1240 20084 END
START -4880 -12220 1292 6592 377 21066 END
START -5208 -14764 1248 8861 -303 21969 END
START -6240 -15604 2756 10808 -461 22304 END
START -6328 -18284 4556 7862 -2390 21958 END
START -4608 -20536 3076 5181 -3410 21797 END
START -3464 -23628 392 5628 -4341 21697 END
START -3308 -28488 -1096 9889 -5121 19500 END
START -2264 -30640 -2796 9476 -5050 17173 END
START -1184 -32768 -5104 2125 -4430 14200 END
START -284 -32768 -7200 2365 -3326 8955 END
START -48 -32768 -7308 2403 -2972 2994 END
START 328 -32768 -6752 -1909 -1878 -3353 END
START 76 -32768 -6316 -7288 242 -9300 END
START -592 -32768 -5996 -10246 1445 -14166 END
START -1348 -29108 -4856 -9159 3227 -18284 END
START -2532 -25124 -2448 -8188 3398 -21166 END
START -2420 -21540 -44 -8758 3099 -22504 END
START -2968 -17448 1220 -9547 2773 -23158 END
START -2732 -14876 1720 -9945 1477 -22692 END
START -1472 -11744 1636 -8697 -429 -20928 END
START -940 -9588 1428 -6515 -1927 -19007 END
START -444 -7380 -64 -5182 -2833 -16800 END
START 764 -5600 -2040 -4805 -3137 -13821 END
START 1336 -6248 -3980 -2707 -3247 -11288 END
START 1636 -5012 -6276 -3765 -3622 -8246 END
START 2556 -8140 -8648 -3896 -2334 -5226 END
START 3056 -8884 -10820 -2672 879 -4466 END
START 2280 -9648 -11924 -3457 3445 -3388 END
START 2916 -11108 -12724 -2635 5267 -2468 END
START 3852 -10908 -13736 -3500 7825 -1558 END
START 3784 -11576 -14996 -3517 11343 -819 END
START 3724 -11332 -16676 -3425 14582 460 END
START 3572 -10564 -18084 -3995 18899 1623 END
START 3400 -9088 -18188 -5330 24518 3098 END
START 3676 -9008 -15276 -6533 29730 4936 END
START 2464 -10876 -9168 -1166 31726 7027 END
START 2196 -13172 -952 7861 30739 8577 END
START 1676 -16644 9812 3472 30334 9355 END
START 968 -23300 19564 -5836 22863 7249 END