START -936 -14836 -3164 -1499 -3215 300 END
START -1196 -15352 -4800 -2248 566 -126 END
START -2744 -13948 -5096 -1656 1412 758 END
START -2304 -13144 -6744 -1873 2425 3012 END
START -2776 -13412 -11808 -2279 7217 5089 END
START -3188 -12592 -13204 90 12560 6208 END
START -4532 -11972 -11712 1037 15814 7874 END
START -6588 -15380 -7624 4993 17749 9449 END
START -8128 -16684 -2924 4008 18267 9209 END
START -7700 -18192 2240 -4617 18058 7451 END
START -6076 -21028 7816 -9520 14976 6353 END
START -3932 -23676 11244 -2394 11098 6893 END
START -1856 -23012 13116 944 6866 6359 END
START -272 -24212 13972 -1740 3202 4006 END
START 1036 -24028 14148 -4593 374 766 END
START 1496 -23112 12732 -3427 -3239 -2318 END
START 2280 -21792 7204 -3143 -5091 -4270 END
START 1916 -21220 3896 -3547 -5523 -5796 END
START 1648 -22324 -876 -4416 -7492 -6974 END
START 1392 -24220 -7524 -2813 -5696 -8131 END
START 1492 -24096 -9040 -510 -1345 -10714 END
START 372 -23716 -7340 2085 241 -11043 END
START -504 -23364 -4132 2841 259 -11980 END
START -1248 -22388 -296 2535 -117 -12896 END
START -2516 -22208 2056 -2112 -1646 -13993 END
START -3772 -20908 2868 -3968 -3921 -14370 END
START -2736 -17444 2184 -5256 -5299 -13829 END
START -2076 -14856 968 -5707 -4876 -13793 END
START -1436 -11864 292 -6823 -5003 -12547 END
START -1572 -9844 -1288 -7274 -5861 -11288 END
START -1424 -8496 -3076 -5316 -4721 -9298 END
START -812 -6340 -3584 -4028 -2725 -8017 END
START -744 -6344 -4512 -4758 -2029 -5822 END
START -468 -6524 -6036 -3391 -1420 -3657 END
START -464 -6892 -7116 -2538 -148 -1230 END
START -476 -6976 -9268 -2925 900 727 END
START 896 -9968 -11008 -3615 2243 2080 END
START 1276 -12800 -13140 -1806 4827 2589 END
START 1328 -13236 -13684 -2408 8183 4124 END
START 1332 -13884 -12164 -1571 10602 4747 END
START 1832 -14384 -8860 -1654 11795 5562 END
START 1948 -15832 -6568 -1480 12133 6303 END
START 2424 -16568 -4088 -2832 13269 6609 END
START 2712 -17436 -2148 -4988 14967 6202 END
START 2240 -19780 1044 -4819 14085 5691 END
START 3052 -19552 5072 -228 10297 5073 END
START 3688 -19772 4436 839 7594 4085 END
START 3900 -20184 5188 -3285 8672 1438 END
START 3652 -19080 7048 -6312 6571 -386 END
START 4744 -18296 6228 -3623 3057 -1091 END
START 5256 -16168 4888 -1819 330 -1455 END
START 5008 -14428 3276 -2031 -505 -1147 END
START 3844 -12892 3072 -995 -990 -1328 END
START 2808 -10192 2092 -108 -2547 -845 END
START 2860 -10120 204 -1426 -3994 101 END
START 1992 -9988 -764 617 -4101 597 END
START 908 -8224 -1248 967 -3315 1245 END
START -312 -9292 576 3113 -3539 2351 END
START 76 -8456 1180 3431 -5112 3785 END
START 716 -9700 -1392 1349 -5548 5557 END
START -68 -10792 -2520 3912 -4299 6427 END
START -576 -10768 -2672 5951 -3970 8413 END
START 144 -12540 -2628 6838 -4730 9840 END
START -472 -15312 -3372 9163 -4840 11282 END
START -872 -17092 -4092 10695 -3336 11757 END
START -1028 -19488 -4632 9429 -2118 12382 END
START 152 -20832 -5516 8499 -1076 12011 END
START 632 -21520 -4828 7291 -1025 11922 END
START 0 -21996 -5784 7430 -138 11424 END
START -1400 -22976 -5356 3863 1268 10098 END
START -1904 -22912 -5984 -31 2316 7479 END
START -2004 -21352 -8616 -1732 3797 6520 END
START -1784 -20756 -9568 1164 5651 7247 END
START -2444 -20140 -9828 2070 6336 6555 END
START -2776 -20524 -10324 2226 7561 4595 END
START -3656 -17296 -12324 -170 12239 3083 END
START -4732 -17020 -10416 -5363 15497 3970 END
START -5196 -17368 -8452 -2387 15423 5221 END
START -5988 -18452 -10188 4095 19357 4773 END
START -6260 -15192 -6644 294 24805 2533 END
START -8268 -16604 -2460 -9083 27373 1982 END
START -9944 -18676 5112 -988 23991 4213 END
START -10220 -21220 11892 9604 16822 5011 END
START -11864 -24288 14500 4414 12223 1526 END