START -1624 -9152 -20672 -11002 6045 10510 END
START -3352 -13476 -21044 2017 17209 12997 END
START -6628 -13792 -12488 8280 23129 13893 END
START -7180 -17940 -1748 1070 23064 12478 END
START -5516 -22000 8164 -7662 18417 11609 END
START -2492 -25780 12088 -6523 12635 9582 END
START 828 -27292 10776 -4513 5817 8787 END
START 3940 -27092 5992 -4711 3580 7144 END
START 5500 -26352 2956 -6003 4744 3687 END
START 5084 -24580 1188 -4142 4664 45 END
START 5316 -23812 -372 -1405 4055 -2008 END
START 4700 -22420 -348 509 4355 -1829 END
START 3112 -23812 -500 -403 3830 -3826 END
START 2564 -24480 -1808 -785 3856 -7747 END
START 1956 -25568 -2904 -2180 2169 -8056 END
START 772 -23884 -3676 -234 1289 -7911 END
START -504 -22752 -3308 -2221 -318 -8193 END
START -1136 -20188 -3612 -4655 -433 -9156 END
START -2596 -19580 -2308 -3317 -1055 -10523 END
START -3072 -14640 -1292 -2894 -2291 -11866 END
START -2740 -12020 -2392 -4746 -3670 -9599 END
START -2116 -7668 -4876 -6235 -2679 -6873 END
START -2156 -5364 -5288 -5249 -1342 -6003 END
START -1632 -3424 -7292 -4150 506 -4988 END
START -1440 -2596 -8504 -6379 2097 -2899 END
START -2568 -4556 -8948 -4557 2569 -845 END
START -3740 -5300 -10972 -536 3628 -852 END
START -3964 -6396 -13832 -1111 4113 1517 END
START -2412 -9300 -17252 224 7194 2445 END
START -556 -8132 -17920 -1431 10446 4387 END
START 368 -10212 -16960 -1069 13593 6349 END
START 220 -11644 -15376 2051 16423 7419 END
START -1124 -10964 -10456 3264 21122 8564 END
START -2156 -15716 -1472 -1542 21145 9600 END
START -372 -16080 5168 -1405 17567 8851 END
START 1800 -14720 7532 -2270 13184 10161 END
START 2452 -19728 11428 1289 12464 8821 END
START 1744 -20996 14560 -8622 8435 7352 END
START 2148 -23416 13076 -9191 2346 5133 END
START 2380 -22572 9044 -3715 -2085 3187 END
START 2532 -20512 7644 -236 -3669 90 END
START 2824 -17580 6960 -217 -5860 -2924 END
START 704 -14152 7648 1006 -8455 -4900 END
START 852 -13116 3856 -2771 -10707 -1648 END
START -568 -12812 1020 -3201 -11680 -3069 END
START -464 -8492 -1636 -1476 -12248 -3797 END
START -924 -3296 -4100 690 -10455 417 END
START -708 -3516 -6356 -607 -9100 3549 END
START -2764 -6656 -4632 3011 -7162 4149 END
START -5144 -7708 -1340 13750 -8139 5722 END
START -3228 -10180 -4836 10886 -11235 7460 END
START -2976 -16776 -10440 5943 -9003 8578 END
START -3528 -21392 -12624 10973 -4204 9527 END
START -1660 -25596 -14896 11608 -902 8682 END
START -564 -28368 -14676 9317 697 6318 END
START -1208 -27904 -14436 5474 3794 3691 END
START -952 -26576 -13940 -486 7269 1597 END
START -940 -22944 -12356 -3685 7588 -28 END
START -808 -19804 -11148 -4268 5183 -2178 END
START -2636 -16604 -13128 -2060 2984 -1807 END
START -3072 -13112 -17920 -4440 8764 3941 END
START -3500 -11812 -15284 -2891 12254 3835 END
START -2676 -9340 -14028 -347 13868 4818 END
START -3072 -4820 -16208 -3896 17721 5370 END
START -3932 -4272 -17284 -16694 26296 14163 END
START -7536 -13796 -11764 -8771 31567 18367 END
START -10588 -21032 -3952 8629 32767 18891 END
START -12644 -25580 8928 -790 29127 18788 END
START -12276 -32768 16692 -9911 19059 14856 END