START 4856 -14476 -11988 472 6962 682 END
START 4320 -14120 -11956 1201 10700 131 END
START 4176 -12440 -11092 397 12943 891 END
START 4136 -13032 -10068 94 13951 1534 END
START 4648 -12144 -8592 2524 15151 2305 END
START 4020 -12864 -4996 3315 15252 2756 END
START 4940 -12840 -920 2030 14206 2928 END
START 5460 -13844 664 -1887 13284 3848 END
START 5052 -15944 1196 -3716 13180 3995 END
START 3936 -16064 3552 -2371 11800 3598 END
START 3708 -15100 6668 -1831 8826 3196 END
START 4080 -14124 9364 -2689 5808 3274 END
START 4476 -12220 9948 -4453 2659 3753 END
START 4744 -10988 8480 -4366 295 4655 END
START 4528 -9248 6968 -3806 -2713 5570 END
START 3780 -8540 4668 -3138 -4439 6738 END
START 2504 -6584 4088 -1438 -5646 8664 END
START 1244 -7460 3940 472 -7538 11557 END
START 500 -7260 2896 2457 -8779 14274 END
START -932 -7664 1304 1572 -9240 16519 END
START -2076 -7852 -236 2024 -9543 19135 END
START -2084 -10120 -3528 4128 -10080 22527 END
START -2736 -14072 -7468 4854 -7644 24382 END
START -4624 -19584 -8128 6807 -4526 24127 END
START -5740 -24932 -5612 9238 -2549 23124 END
START -5856 -28528 -4436 7815 -3324 21148 END
START -5412 -32768 -7904 2104 -2355 18144 END
START -5592 -32768 -7388 6308 -1415 12111 END
START -3852 -32768 -5404 5502 -2314 5669 END
START -1776 -32768 -5024 -519 -2364 -738 END
START -748 -32768 -5840 -4701 -1315 -6702 END
START -756 -32008 -5260 -4880 -82 -11857 END
START -1260 -29660 -2948 -4577 26 -15936 END
START -2476 -27248 -432 -5705 -1349 -19135 END
START -2432 -22972 -260 -8937 -2055 -21038 END
START -2324 -20328 -828 -10621 -1037 -21811 END
START -3320 -18264 -968 -9007 -596 -22232 END
START -2564 -15924 -1868 -7594 -1330 -21540 END
START -1660 -13440 -3500 -9300 271 -19926 END
START -1644 -12452 -3956 -9793 2635 -18435 END
START -1732 -12308 -3664 -7181 2673 -16545 END
START -940 -11616 -4300 -5575 2193 -14887 END
START -336 -11116 -6452 -7332 3370 -13609 END
START 104 -10536 -8388 -8889 6509 -12519 END
START 84 -9620 -9360 -8601 8719 -10854 END
START 868 -8284 -9368 -5504 9483 -9010 END
START 1452 -7088 -11044 -3553 12211 -7235 END
START 1828 -5384 -9100 -4160 15143 -5170 END
START 1808 -6284 -6768 -3219 15572 -2701 END
START 1604 -5124 -7140 301 15145 22 END
START 2420 -4452 -8524 -1347 16437 2383 END
START 3768 -3096 -9572 -587 20023 4898 END
START 3040 -4420 -7816 625 21679 8781 END
START 2692 -8828 -5476 7008 22476 11171 END
START 2468 -12440 -1216 5453 24494 10877 END
START 428 -21144 6968 345 26155 7538 END
START -1168 -25216 15208 1034 22491 3598 END