START -6348 -21476 2044 -3325 -6 -1939 END
START -6480 -18816 860 -3410 588 -3289 END
START -6624 -19788 -144 -1411 -1073 -3674 END
START -7180 -16768 -1540 1297 -1245 -4762 END
START -6700 -15864 -6880 -1448 4744 -5635 END
START -7700 -13856 -8352 -2314 8469 -6491 END
START -7880 -13548 -9836 -873 7605 -6809 END
START -7420 -11904 -10452 449 8406 -3548 END
START -8320 -12808 -10092 3996 11330 -1634 END
START -8540 -11752 -5592 1822 14035 -1097 END
START -8504 -12472 -1880 -2320 13141 -1637 END
START -7644 -16236 1252 -4485 10957 -16 END
START -7296 -19092 4692 489 9910 532 END
START -5628 -22280 8068 2551 6914 -996 END
START -3688 -23424 8804 -3329 4226 -3357 END
START -2044 -24588 7264 -4759 2041 -6016 END
START -1164 -22884 5820 -2661 -860 -7250 END
START -496 -22656 1672 -1938 -2457 -8909 END
START -1628 -21876 -1228 -2928 -3499 -10294 END
START -2364 -22132 -2404 -2454 -2127 -12276 END
START -2880 -21304 -2196 -3201 -2931 -12555 END
START -2520 -20108 -2720 -4670 -5117 -12629 END
START -3524 -20056 -6112 -3227 -2551 -12720 END
START -3620 -17016 -4000 -2562 1388 -14507 END
START -3480 -15116 -1600 -3368 1096 -13932 END
START -2852 -13192 -1468 -4550 -818 -11901 END
START -2716 -13264 -1548 -3219 -1514 -10531 END
START -2648 -11648 -1220 -2489 -998 -9994 END
START -2560 -10200 -776 -3642 -1539 -9203 END
START -1396 -9696 -3004 -4940 -2279 -7264 END
START -608 -9372 -5660 -4397 -1743 -5736 END
START -920 -8924 -7800 -3059 29 -4662 END
START -860 -9052 -9460 -2777 1758 -3763 END
START -1084 -7884 -9996 -2904 3528 -2155 END
START -856 -8524 -11420 -1864 4584 739 END
START 456 -8384 -12688 -1946 6161 2949 END
START 764 -8700 -12504 -1735 7276 5224 END
START 1264 -9912 -12632 505 11569 5860 END
START 812 -11916 -8528 1111 13998 6792 END
START 1088 -14988 -3028 2893 14032 7299 END
START 516 -18632 3600 3328 12245 8043 END
START -568 -22212 9292 4510 12185 6138 END
START -764 -24104 15736 2332 7506 2233 END
START 1556 -20924 14036 -1134 3307 -1084 END
START 2560 -16376 10376 -2385 -607 -2278 END
START 3088 -12184 4688 -2612 -3624 -2282 END
START 2856 -8312 -1132 -3776 -3947 -1260 END
START 1836 -6516 -3676 -2431 -2282 631 END
START 368 -5448 -3756 -301 -2216 2447 END
START -672 -6028 -2172 2575 -2805 3122 END
START -2596 -3740 232 4669 -1821 4709 END
START -2828 -4584 2408 1289 -3088 8313 END
START -3316 -7236 740 3526 -4971 11225 END
START -3568 -8584 224 7098 -4934 11458 END
START -4392 -8084 -744 8230 -3485 14839 END
START -3152 -14900 -1912 6346 -2717 17440 END
START -4088 -20396 -3480 7944 -2062 18078 END
START -4092 -25048 -4724 12859 417 15945 END
START -4896 -25572 -2768 8264 1856 14765 END
START -5132 -30056 200 4616 379 12710 END
START -5044 -31712 -44 6846 -2028 10047 END
START -4188 -32428 -4792 4385 -1202 6236 END
START -4412 -31152 -7804 -143 -86 2243 END
START -4200 -28356 -9884 -81 1534 -1768 END
START -4512 -22580 -12632 -973 4971 -2754 END
START -4208 -19416 -13556 -1195 8645 -3790 END
START -3732 -15600 -13072 -1258 10883 -4261 END
START -4216 -11948 -12848 -2162 12391 -4911 END
START -5332 -8928 -13716 -6192 16440 124 END
START -6680 -14096 -9848 -1663 21913 3192 END
START -7608 -14740 -4972 -1763 22621 2908 END
START -7672 -15824 -2228 -5390 22497 1116 END
START -8692 -19272 1400 -5144 24002 2483 END
START -8916 -19676 7144 2192 22065 2626 END
START -8528 -21364 9776 150 20970 1767 END
START -8240 -21184 11056 -3448 21137 -1118 END