START -3900 -10828 -18352 -4308 10365 8939 END
START -4732 -13520 -20404 1080 16229 10811 END
START -6392 -15344 -14272 2176 21668 9593 END
START -7672 -16960 -5712 -4031 21364 8651 END
START -7856 -19500 568 -2525 22547 11992 END
START -5924 -21572 8152 -1186 19577 13249 END
START -3552 -26024 11464 -7518 14156 10278 END
START 216 -27624 13312 -11468 9715 5944 END
START 3896 -26888 11892 -6681 6857 5221 END
START 6104 -25704 10884 -1468 4391 3112 END
START 6148 -24944 8804 -1250 1677 830 END
START 5828 -25400 3792 -3109 -139 -2560 END
START 4888 -26880 -328 -1911 -1058 -5647 END
START 4516 -27036 -4156 -419 -1102 -7142 END
START 3172 -27736 -6560 -3142 436 -9521 END
START 936 -27764 -5844 -2449 476 -10440 END
START -724 -25312 -5448 -1807 692 -11131 END
START -1736 -22684 -3444 -2388 836 -11517 END
START -3268 -19408 -1060 -3004 1745 -13037 END
START -3940 -16136 340 -6145 2 -12567 END
START -4424 -11800 160 -8307 -3122 -10702 END
START -3756 -9480 -3124 -8195 -4952 -9610 END
START -3588 -6284 -5748 -7644 -3504 -9785 END
START -3892 -4584 -8552 -6041 -3848 -7368 END
START -2644 -1444 -11004 -4965 -2296 -4725 END
START -3332 -2480 -13896 -3347 1090 -3317 END
START -3876 -2464 -15748 -3353 5749 -972 END
START -4016 -4984 -14512 -2295 8131 828 END
START -3224 -6768 -14244 -1311 8378 1887 END
START -1576 -7720 -15984 -2160 12821 3866 END
START -696 -10088 -13668 -1114 16696 3703 END
START 328 -12176 -8908 5528 16405 6316 END
START 1888 -14948 -2176 5519 16723 7340 END
START 1104 -20428 6736 387 18601 6733 END
START 1456 -25316 17184 1412 16098 3633 END
START 4208 -21720 23036 4290 7829 -24 END
START 5496 -14980 21004 1058 676 -2407 END
START 7152 -9972 13804 -4125 -3684 -2034 END
START 5920 -5020 7088 -4598 -7076 621 END
START 4456 -3684 1528 -674 -8065 2866 END
START 2376 -3368 -1428 -1512 -7764 4570 END
START 200 -4580 -2472 -433 -7501 4904 END
START -1440 -5484 -2088 2916 -6668 5590 END
START -4816 -5712 -140 6810 -6660 7746 END
START -4496 -7668 472 8082 -6375 10429 END
START -4376 -9388 -832 7589 -6177 12250 END
START -2996 -10764 -3128 10279 -5264 12447 END
START -2256 -13560 -6872 11314 -2977 17324 END
START -2108 -17860 -7444 10441 216 19346 END
START -3964 -25272 -6696 6724 1552 18312 END
START -3556 -31228 -7088 5226 1857 13314 END
START -3796 -31048 -11480 536 4631 15083 END
START -3480 -32768 -10828 3508 6686 10335 END
START -2472 -32768 -12376 3887 6613 4005 END
START -1768 -30732 -13532 -502 6999 -4405 END
START -2928 -21972 -20456 -10359 10246 -2380 END
START -2612 -19080 -23704 -10598 17817 -1356 END
START -4488 -11688 -24072 -3147 25877 2245 END
START -5204 -7416 -18552 -85 32017 5600 END
START -8416 -6936 -8896 -4189 32767 8981 END
START -11748 -14056 2160 -8990 32767 13189 END
START -14284 -20132 9388 915 29210 17395 END