START -4816 -12716 -10144 -2631 335 6469 END
START -5616 -16080 -12728 -1299 4967 8990 END
START -6200 -19860 -14860 2672 9112 9353 END
START -6716 -21392 -14832 1727 13846 8104 END
START -7968 -22740 -11688 -583 18083 7048 END
START -7924 -24440 -7764 -3538 18357 7937 END
START -8728 -29392 -4612 -1267 18858 6831 END
START -9084 -32236 -568 -5766 20625 3168 END
START -8916 -32768 3504 -13643 19916 -1403 END
START -7188 -32768 6572 -12234 16431 -4766 END
START -5080 -31992 8228 -7432 13713 -8304 END
START -4128 -27420 9532 -9552 12437 -12675 END
START -3680 -23344 10792 -13752 9383 -14913 END
START -2920 -19140 10664 -13205 5614 -16140 END
START -1812 -14108 9240 -12047 2143 -15718 END
START -996 -10084 6984 -12983 -378 -14803 END
START -528 -7692 4292 -13459 -1550 -13504 END
START -384 -6004 2332 -12012 -2623 -11462 END
START 148 -2820 -1600 -11878 -3384 -8089 END
START 648 -2948 -4932 -13077 -2237 -5919 END
START 172 -2420 -7512 -10457 -1088 -4136 END
START -488 -1764 -8008 -5339 -615 -2714 END
START -404 -536 -8336 -2089 -1463 -297 END
START -336 -372 -9336 -2485 -227 3018 END
START -844 -804 -9892 -1059 2379 5311 END
START -1392 -1308 -7588 1371 3049 7521 END
START -1456 -1640 -5748 3233 2371 9706 END
START -1884 -1408 -3780 3148 2275 12943 END
START -2964 -2060 -3136 1111 2723 17162 END
START -4476 -5376 -2872 357 2764 18347 END
START -5556 -6976 -1044 6574 2352 18361 END
START -6712 -7420 1604 7745 829 19748 END
START -8932 -11944 3376 3082 -629 21820 END
START -9244 -19056 -136 437 -2172 22088 END
START -9608 -26140 20 15033 -4000 19274 END
START -8268 -28688 1492 19105 -6768 16707 END
START -8196 -32768 504 10058 -7610 12971 END
START -7804 -32768 -3048 7681 -8940 7945 END
START -5588 -32768 -4416 12577 -10546 2365 END
START -5268 -32768 -5200 9682 -11312 -2352 END
START -5876 -32768 -9844 4698 -10448 -7013 END
START -6132 -30660 -11324 1626 -9255 -11741 END
START -5644 -23288 -11488 2711 -8316 -13911 END
START -5088 -18124 -11704 3552 -7106 -13564 END
START -5148 -13824 -12180 2419 -4993 -12540 END
START -5516 -11336 -11544 58 -3328 -10688 END
START -5656 -10260 -11308 -81 -2022 -8435 END
START -5384 -8968 -11140 982 885 -5681 END
START -5496 -7240 -10352 1162 4652 -3121 END
START -5448 -8440 -9700 -972 6536 -467 END
START -5556 -10148 -10784 -915 9114 1014 END
START -5508 -11540 -12408 -86 12365 2747 END
START -4808 -12648 -15164 -1513 16309 3976 END
START -3696 -13744 -17196 -2671 20597 4828 END
START -3356 -13692 -16992 -2933 25639 6491 END
START -6984 -18036 -9100 1922 28839 9019 END