START -6612 -17680 -14444 3121 10896 7785 END
START -6644 -21708 -15252 2045 13812 7576 END
START -6928 -24876 -12528 5333 17056 6450 END
START -7444 -28012 -6900 -1907 18510 5387 END
START -7304 -32768 -2268 -12536 16923 4078 END
START -7140 -32768 752 -9589 15601 2090 END
START -7528 -32768 5104 -7957 17916 -3685 END
START -6860 -32768 11384 -18137 15806 -9901 END
START -4924 -31444 12956 -18956 11601 -13876 END
START -3448 -23884 12268 -16848 7701 -15007 END
START -2452 -17808 11616 -16911 4746 -15580 END
START -1728 -12572 9496 -17095 2761 -15340 END
START -1680 -8336 6028 -16865 2392 -13904 END
START -1204 -5280 3560 -15742 1339 -12397 END
START -140 -3480 1092 -10703 127 -10180 END
START -200 -1632 -692 -7000 -1166 -7766 END
START -148 -380 -3680 -7510 198 -5060 END
START -260 -380 -6104 -8160 2012 -2314 END
START -692 -1124 -6332 -5540 1350 -327 END
START -652 -372 -7716 927 521 2178 END
START -1064 48 -8024 1482 2214 4813 END
START -1780 -1112 -6664 2255 2862 7613 END
START -2452 -2200 -4984 4134 2707 10070 END
START -2860 -3396 -3292 4571 2767 12208 END
START -4256 -3700 -1728 4257 3337 14244 END
START -5016 -5348 -304 627 3674 15956 END
START -6012 -8608 1824 2393 2903 17240 END
START -6740 -9688 4276 9601 -93 19151 END
START -7704 -11984 4784 12500 -4132 21921 END
START -8092 -20160 5632 12253 -3682 22484 END
START -7044 -27184 6812 10848 -6040 20041 END
START -6520 -32340 3924 8818 -11248 15816 END
START -6704 -32768 -3624 6295 -13050 11621 END
START -5844 -32768 -9276 8063 -11732 6297 END
START -4980 -32768 -10756 9491 -10031 864 END
START -6160 -32768 -9796 8492 -9666 -3773 END
START -5956 -29852 -11004 2101 -9097 -7547 END
START -6244 -25428 -11732 2876 -7614 -10491 END
START -5244 -19284 -13720 454 -5462 -10845 END
START -5352 -15836 -12448 -136 -2579 -10397 END
START -5088 -12896 -11692 181 -496 -8916 END
START -4988 -9900 -10996 334 1975 -7154 END
START -5068 -7484 -9520 -2172 4534 -4580 END
START -5772 -8408 -7608 -3962 6664 -1764 END
START -6880 -9416 -5440 -197 7483 143 END
START -7184 -10260 -4540 332 7739 1664 END
START -7296 -11784 -5500 -908 9154 3075 END
START -6232 -14024 -8464 -2355 10645 4232 END
START -4204 -16136 -15440 -1907 13905 4517 END
START -2924 -15684 -19684 -3455 19450 4309 END
START -3116 -15476 -19340 -3993 26303 4713 END
START -6384 -16608 -10752 2258 28098 5979 END
START -9812 -19016 684 7940 25020 6448 END