START -1484 -6808 -13244 6543 4819 5604 END
START -3440 -8984 -15376 4671 8544 9303 END
START -6392 -17480 -16612 4919 14404 10009 END
START -9176 -22520 -14116 2896 18114 8386 END
START -7456 -25208 -9464 -2553 20109 6432 END
START -4052 -27956 -3600 -8121 20783 6847 END
START -4736 -32768 2020 -3965 16307 8202 END
START -3660 -32768 8544 602 16695 1578 END
START -3520 -32768 14624 -16313 14293 -6025 END
START -3408 -32768 13360 -18734 8222 -11064 END
START -2760 -31204 9568 -14927 2197 -12673 END
START -2464 -23848 4504 -14496 6107 -17096 END
START -2852 -17668 3544 -18882 7438 -19091 END
START -3564 -12652 3600 -15287 5748 -18713 END
START -2456 -7464 2848 -9625 2758 -15546 END
START -1940 -4212 1792 -8666 4254 -13211 END
START -1492 -2388 2412 -8946 3867 -10664 END
START -648 -948 880 -8356 2985 -7605 END
START -360 -1740 -20 -8590 1234 -4747 END
START -540 -1516 -1124 -2740 -304 -1397 END
START -896 -1256 -1424 -3052 252 325 END
START -616 -2152 -1436 -4408 -195 2051 END
START -816 -3644 -516 -591 -2415 4514 END
START -524 -3860 -152 6769 -4485 7269 END
START -968 -2852 1488 6390 -3327 8729 END
START -1384 -5316 1784 -8 -4825 11290 END
START -1788 -9832 -420 3293 -8816 12863 END
START -1660 -10520 -2948 11650 -10525 14412 END
START -2200 -10784 -3504 8260 -10119 15143 END
START -3560 -14584 -7272 6141 -10173 18124 END
START -2948 -16908 -13944 5614 -8157 19104 END
START -3308 -19532 -20632 920 -1926 19058 END
START -4516 -22200 -24640 -1586 4647 18430 END
START -6252 -27304 -24064 6272 9633 16548 END
START -7784 -28040 -18884 12148 14537 13190 END
START -7944 -27536 -11280 6224 15714 8331 END
START -8636 -27420 -5544 1361 15833 6835 END
START -8420 -27688 -920 325 14978 5676 END
START -8272 -25744 2376 1501 13010 2556 END
START -5984 -22496 4380 -1671 10031 -1203 END
START -4412 -19168 4552 -3873 7864 -3255 END
START -2884 -16444 3988 -2390 5133 -2204 END
START -2160 -15388 2936 -218 3501 -2489 END
START -2300 -14004 2688 -313 1913 -4270 END
START -1700 -12692 1416 956 642 -4212 END
START -1168 -11712 -280 50 -57 -3002 END
START -1064 -12184 -1468 191 -1143 -1992 END
START -1372 -12132 -3260 2189 -2432 -1326 END
START -1864 -13332 -4996 2338 -1660 -1445 END
START -2776 -14068 -5328 875 -489 -1802 END
START -2908 -14932 -4980 2162 -1729 -1337 END
START -3020 -14648 -5804 3200 -2172 -218 END
START -2848 -15572 -5936 1941 -1195 98 END
START -3104 -16576 -6052 2090 -225 -611 END
START -2820 -17304 -6360 2401 1096 -2251 END