START -4584 -12852 -15328 9796 6113 8612 END
START -5784 -14248 -18736 6796 13240 9788 END
START -9088 -20480 -15696 3096 20749 7427 END
START -11144 -22956 -7824 4910 23946 5708 END
START -10868 -25240 -272 1446 24243 4760 END
START -9976 -30224 5928 -9292 22320 4537 END
START -8292 -32768 6472 -11932 18456 2937 END
START -7884 -32768 7428 -9790 17128 -2090 END
START -6544 -32768 9920 -9768 14390 -8659 END
START -4948 -31704 12244 -12025 10927 -12809 END
START -3224 -26388 11200 -15789 8265 -15149 END
START -2844 -21436 9244 -15868 6242 -15689 END
START -3144 -16320 9004 -14997 4987 -17198 END
START -3052 -12044 7624 -14049 2801 -17179 END
START -2016 -8828 6732 -14566 -294 -15830 END
START -1088 -6160 4088 -13745 -2876 -12584 END
START -900 -4220 984 -14077 -2341 -10723 END
START -780 -2936 -1832 -14886 -3258 -8635 END
START -892 -1916 -6084 -13556 -3824 -5241 END
START -1464 -892 -10168 -11582 -1910 -1846 END
START -1852 -1284 -10292 -6585 -611 669 END
START -2068 1372 -8328 -3065 -930 3108 END
START -1232 1308 -6536 -5627 -1400 7079 END
START -1580 1472 -6204 -3819 -757 11272 END
START -1712 -476 -4848 -761 1626 13806 END
START -2660 -432 -2868 1740 1014 15761 END
START -3488 -720 -1016 2450 170 19427 END
START -4584 -3520 -900 2685 -139 21810 END
START -7124 -9528 3176 9913 -969 21674 END
START -8392 -11912 8248 15637 -3912 21819 END
START -8696 -18176 9688 9220 -6968 22400 END
START -8688 -28976 7492 10009 -10406 18997 END
START -8060 -32768 4188 14238 -12605 14197 END
START -7904 -32768 1528 13673 -14076 9128 END
START -7456 -32768 -2444 11229 -15015 1734 END
START -6984 -32768 -6736 9770 -14471 -4782 END
START -7952 -32768 -9240 9473 -12312 -9545 END
START -9044 -29216 -9528 8348 -11610 -12160 END
START -9040 -24784 -9952 4903 -11746 -14002 END
START -7864 -20312 -12596 1758 -9318 -13975 END
START -6740 -17728 -14280 -55 -5469 -14034 END
START -7544 -13620 -13544 2060 -2341 -13545 END
START -6980 -10540 -10912 2921 -363 -10289 END
START -6636 -8552 -8060 1004 -26 -6969 END
START -6448 -8540 -7908 255 2372 -4214 END
START -6832 -8360 -6172 1216 4616 -2787 END
START -6928 -8464 -5020 915 5518 -266 END
START -6356 -9576 -3972 1056 5800 2377 END
START -5696 -10332 -4400 1831 7378 4314 END
START -5732 -12188 -4808 2725 9114 5430 END
START -5576 -13392 -6612 2657 10458 6678 END
START -3884 -15144 -11876 -1001 12196 7489 END
START -2608 -16840 -18996 -3968 18394 7675 END
START -3008 -17304 -21572 -5826 26166 8060 END
START -8120 -21384 -15156 608 31774 8538 END
START -14612 -28520 -4400 6698 32767 8003 END