START -2248 -13164 -10036 -2029 9640 6330 END
START -3768 -14476 -10388 -2271 11764 9384 END
START -6072 -19140 -8276 509 13430 10660 END
START -5848 -22248 -4624 3029 15553 8614 END
START -3944 -24036 -624 -4128 15873 6667 END
START -2664 -27608 1200 -10246 12773 6645 END
START -2116 -32768 1924 -6411 10106 5574 END
START -2168 -32768 2664 -5812 9730 -18 END
START -1860 -32768 4328 -14204 10949 -5482 END
START -1568 -31312 5328 -15201 9481 -9686 END
START -1628 -27672 6568 -11503 5610 -11465 END
START -2540 -23272 5920 -11136 2122 -12566 END
START -2932 -18988 5472 -12838 1511 -14044 END
START -3372 -16604 3900 -12794 457 -14904 END
START -3352 -12428 2184 -11023 -484 -15190 END
START -2848 -9060 -600 -10827 -949 -13464 END
START -2596 -5888 -1660 -10598 -1084 -11199 END
START -1976 -4136 -3912 -10917 299 -8353 END
START -2056 -1580 -5828 -8873 562 -5858 END
START -1592 -12 -8860 -8047 784 -1294 END
START -1216 -1276 -10592 -7097 1582 1831 END
START -1608 -1832 -11532 -5417 3861 3772 END
START -2584 -2048 -10120 -2735 4670 6008 END
START -2892 -3264 -7748 31 4692 8843 END
START -2608 -5072 -5528 600 6116 11427 END
START -3236 -4992 -2908 696 6045 12936 END
START -2964 -6464 -1160 415 5058 15142 END
START -3976 -8120 1264 2472 4736 16826 END
START -4884 -8240 5048 4717 2752 17439 END
START -3884 -10128 6724 4552 -98 18489 END
START -4128 -12376 7880 7963 -2858 19484 END
START -3540 -17868 8912 11308 -5751 19322 END
START -3192 -23112 9364 11841 -8653 17204 END
START -3544 -27724 7852 8121 -10997 14654 END
START -5272 -32352 5216 10094 -14209 11164 END
START -5228 -32768 1884 12202 -17232 6272 END
START -5728 -32768 -2220 9707 -17733 1128 END
START -7092 -32768 -7312 6911 -16608 -3331 END
START -7776 -31744 -10996 5866 -14902 -6806 END
START -7540 -27856 -13352 3525 -12243 -9732 END
START -7756 -24400 -14168 2871 -10064 -11463 END
START -7612 -21300 -13860 2444 -7384 -11677 END
START -7852 -18780 -12636 2979 -4020 -12076 END
START -7828 -14976 -10800 1390 -1050 -11430 END
START -7436 -12300 -8408 20 219 -10345 END
START -6656 -10260 -7436 -302 2327 -8150 END
START -5796 -8420 -6752 -1622 3764 -5441 END
START -5404 -7752 -6232 -1650 4198 -2587 END
START -5236 -8676 -6564 -920 5524 291 END
START -5616 -9960 -6824 -389 8412 2098 END
START -5916 -11364 -6720 143 9686 3537 END
START -5936 -13156 -7808 1740 11502 4899 END
START -5720 -13348 -10212 1099 14528 6104 END
START -5616 -14348 -15648 -2471 19419 7098 END
START -4780 -13800 -18956 -4762 27095 7384 END
START -7592 -17260 -11036 -277 31491 9074 END
START -10928 -22076 1824 1514 28536 9545 END