START -7464 -13896 -13640 3654 9697 6784 END
START -7464 -15904 -14060 5563 11541 7905 END
START -6420 -17100 -13556 6421 15055 9347 END
START -7248 -20884 -9268 5207 17760 11007 END
START -6276 -24480 -4404 -1254 15929 11268 END
START -5360 -32660 -3764 -8054 13787 10236 END
START -7132 -32768 -2040 -5233 17261 4167 END
START -7148 -32768 3012 -8468 15855 -2581 END
START -5760 -32768 5792 -9834 13808 -8785 END
START -4352 -32264 7996 -11499 10967 -13084 END
START -3400 -25044 7932 -12653 8152 -15429 END
START -3028 -19308 6300 -14411 6512 -16004 END
START -3112 -14500 3824 -13834 6699 -16509 END
START -2700 -10392 3776 -12878 5566 -15406 END
START -2196 -7580 3588 -10559 3540 -14018 END
START -1140 -4408 2520 -9117 1431 -11558 END
START -492 -2432 544 -10313 851 -8383 END
START -416 -1852 -928 -10846 1183 -5735 END
START -636 -716 -1312 -9079 -236 -3490 END
START -212 148 -2700 -6964 -772 -639 END
START -8 1000 -2668 -4292 -1509 2587 END
START -696 1636 -3424 -2856 -1864 6096 END
START -1140 1096 -3640 -2348 -1898 9107 END
START -1916 380 -3224 -1276 -2149 11999 END
START -3300 -1628 -1948 828 -2784 14919 END
START -5132 -3960 108 5008 -3874 16544 END
START -6572 -6620 2360 5731 -5659 18422 END
START -7288 -9284 4048 3190 -5830 19620 END
START -7080 -14272 4180 227 -6813 20508 END
START -7696 -22276 1560 9931 -10663 20681 END
START -8128 -28584 -1052 20618 -12731 18026 END
START -6964 -32768 40 21058 -13366 13745 END
START -7092 -32768 -4896 10682 -15029 9425 END
START -8000 -32768 -11552 8486 -12754 2186 END
START -7576 -32768 -12980 10033 -10175 -4059 END
START -6948 -32768 -12128 10647 -8028 -9885 END
START -6480 -27112 -12144 3691 -7074 -11583 END
START -6692 -22608 -13720 -1592 -5110 -13029 END
START -6504 -17460 -14116 -1051 -2479 -13115 END
START -6332 -14260 -12384 153 -252 -12545 END
START -6652 -11588 -9916 2134 1351 -11145 END
START -6316 -8940 -7352 945 2017 -7737 END
START -5676 -7616 -6556 -819 3131 -4480 END
START -5760 -6704 -5648 -998 5524 -2356 END
START -5800 -7316 -5416 -183 6507 174 END
START -5720 -8652 -4768 2152 6484 2508 END
START -5728 -10180 -6432 2827 8020 4240 END
START -5352 -12272 -8424 738 10367 5314 END
START -4472 -14976 -11552 233 12008 6202 END
START -3376 -17184 -17180 -1246 16652 6127 END
START -2800 -17840 -20364 -3900 23324 6060 END
START -5316 -20632 -18732 -2818 29936 5650 END
START -9312 -24952 -10360 4935 31362 4785 END
START -11820 -27552 -1708 12403 29174 2483 END
START -12424 -27748 8232 5342 26817 -908 END
START -12140 -29208 14132 -5989 23267 -5279 END