START -4984 -9572 -15540 182 11787 7351 END
START -7020 -14916 -16100 829 16132 9869 END
START -8604 -19780 -12724 9036 18639 10202 END
START -8724 -23408 -7404 7687 18976 9725 END
START -8328 -28688 -1580 -1379 17946 9175 END
START -7960 -32768 -452 -11122 17250 5694 END
START -7984 -32768 2024 -10363 17353 -328 END
START -7488 -32768 3596 -6546 13991 -5976 END
START -6856 -32768 4968 -10019 11686 -10689 END
START -5852 -28312 6492 -12912 9630 -14142 END
START -4404 -22496 6152 -13616 7846 -15538 END
START -3940 -18408 5768 -11504 8259 -16082 END
START -4144 -14200 6972 -10588 6850 -16600 END
START -4208 -11720 6076 -10759 4628 -16669 END
START -3252 -9468 5444 -9943 2948 -15996 END
START -2284 -5776 3424 -7415 1393 -14091 END
START -972 -3368 1364 -8359 2305 -11869 END
START -244 -1816 920 -8644 197 -8862 END
START 132 -100 -960 -6108 -1749 -5842 END
START 512 664 -3144 -4011 -2515 -2201 END
START 648 840 -4940 -2304 -1237 1405 END
START -104 1552 -4416 -2530 -1391 4548 END
START -176 484 -4896 -1829 -2385 8113 END
START -744 -2140 -5652 857 -2522 11665 END
START -1688 -2328 -5972 3719 -354 14616 END
START -3264 -2648 -2676 1835 991 17271 END
START -6048 -6292 1184 -403 -399 20222 END
START -7756 -11460 4004 7255 -4036 22867 END
START -7904 -16384 4792 14826 -7627 23245 END
START -7608 -23204 4244 15099 -8701 21780 END
START -7276 -27788 5236 12224 -8939 18061 END
START -6168 -32768 1508 9803 -12116 13495 END
START -5248 -32768 -5016 11446 -13256 8253 END
START -5516 -32768 -9964 9892 -11418 2603 END
START -5816 -32768 -12228 7475 -8200 -3845 END
START -5528 -32084 -13008 5275 -6552 -8574 END
START -5180 -25748 -12848 2578 -4470 -11520 END
START -5348 -19404 -11924 1365 -2058 -11968 END
START -5780 -15268 -9840 1293 -835 -10871 END
START -5600 -11888 -7432 4172 -331 -8981 END
START -5804 -8444 -5572 2124 465 -6596 END
START -5320 -8152 -5484 -1968 1708 -4121 END
START -5400 -9108 -4904 -924 3270 -1663 END
START -5244 -8948 -4184 2058 3761 -265 END
START -4220 -9656 -4004 2544 3489 1549 END
START -3968 -10036 -4608 1279 5054 3301 END
START -4104 -12636 -5564 1305 7778 4806 END
START -3976 -13732 -8500 3451 9503 5173 END
START -2276 -14848 -15184 -951 12707 6047 END
START -1972 -15524 -19920 -5663 20090 6073 END
START -2928 -15016 -20452 -884 25916 7630 END
START -6468 -16768 -12920 8088 28857 9131 END
START -10868 -21404 1684 14483 28831 9004 END