START 896 -12540 -2572 4251 2049 2253 END
START -80 -12932 -5212 4069 3445 6360 END
START -1044 -15544 -7784 3363 8013 7430 END
START -2528 -18304 -6424 4430 10436 6813 END
START -2444 -20704 -5228 4584 9407 6862 END
START 464 -20720 -3908 1218 8394 7743 END
START 1404 -25032 -3712 -4231 11017 6512 END
START 2152 -28732 -988 -11345 13399 3342 END
START 852 -32768 1416 -13463 11904 77 END
START -780 -32768 5472 -8946 9500 -1970 END
START -1928 -32684 6980 -9697 8488 -6353 END
START -2756 -29336 9276 -15465 9210 -12673 END
START -3032 -25112 8176 -16901 7969 -15463 END
START -3256 -19972 6844 -15560 5164 -15841 END
START -2784 -15548 5612 -13517 1827 -14025 END
START -1920 -12364 4696 -9832 -1182 -12361 END
START -1516 -9428 2928 -10098 -650 -11685 END
START -1252 -7132 2528 -11091 -663 -9900 END
START -464 -6536 -128 -11382 -1769 -7936 END
START -508 -5220 -3012 -9630 -2377 -5449 END
START 588 -4520 -5732 -9168 2 -3075 END
START -68 -3812 -5840 -7616 1866 -1304 END
START -840 -4248 -6996 -6112 2279 1161 END
START -528 -3976 -7416 -4464 3363 4175 END
START -96 -3800 -6952 -3785 5114 6569 END
START -556 -3404 -4436 -3367 5847 8831 END
START -896 -4632 -2216 -2484 6139 11676 END
START -2256 -5848 316 -1164 5289 14047 END
START -2460 -7580 2012 -952 3587 15701 END
START -2352 -8824 2884 410 3261 17747 END
START -2832 -11704 5556 4005 1928 18102 END
START -2520 -14728 7696 7584 -1762 18599 END
START -2392 -18224 9024 9446 -4282 18855 END
START -2488 -24744 10052 10139 -5721 16959 END
START -2768 -29556 11708 11044 -10010 13244 END
START -1676 -31332 8088 8564 -16724 9702 END
START -1864 -32616 920 4412 -19675 6427 END
START -2428 -32768 -7896 3476 -18568 1676 END
START -3740 -32768 -13320 7220 -14179 -4417 END
START -4152 -32620 -14220 6336 -12362 -9015 END
START -3896 -29132 -14292 2442 -9862 -12113 END
START -4668 -24244 -13740 571 -6624 -13627 END
START -4964 -19664 -13624 -999 -3654 -13861 END
START -5156 -15788 -10928 858 -2021 -12960 END
START -4732 -11372 -8844 1344 -474 -11102 END
START -4216 -9272 -7104 -1885 2134 -8169 END
START -4060 -6944 -5764 -4950 4628 -5800 END
START -4288 -6228 -4168 -3875 4192 -2631 END
START -3956 -6324 -4220 -1318 2890 1846 END
START -3992 -8032 -5248 -258 4807 4525 END
START -4308 -9004 -5836 -666 7374 5823 END
START -4452 -10660 -7516 -359 8939 7545 END
START -3268 -12444 -11496 -1738 11264 9288 END
START -1704 -13916 -16340 -4580 17505 9614 END
START -1284 -12904 -16524 -7101 25300 9724 END
START -4572 -17276 -9760 -2637 29549 12357 END