START -4868 -17848 -16696 -7808 7761 14484 END
START -5756 -22652 -19396 -6290 16864 14417 END
START -9288 -25596 -14400 1169 21005 12065 END
START -10236 -31408 -6576 3826 18838 9250 END
START -12016 -32768 1356 -4659 18508 4909 END
START -14116 -32768 7888 -17086 17342 -1190 END
START -13148 -32768 10508 -13580 15564 -8136 END
START -9392 -32768 11800 -14833 11982 -14845 END
START -6612 -27304 9692 -16938 8856 -18046 END
START -5148 -19240 7408 -17976 7318 -19393 END
START -3936 -14548 6588 -16775 6013 -19121 END
START -3772 -9836 6076 -15041 4342 -17958 END
START -2544 -7392 4948 -14220 1680 -16260 END
START -1984 -5772 2080 -13141 281 -13998 END
START -1372 -4972 -596 -12559 -74 -11282 END
START -1324 -3248 -3536 -11765 440 -8415 END
START -1464 -2504 -4752 -10801 -453 -6885 END
START -1152 -2416 -6828 -8732 -1490 -5070 END
START -640 -1216 -8336 -5371 -537 -2960 END
START 224 544 -8104 -3454 1244 129 END
START 744 1312 -7232 -3467 1358 4026 END
START 468 1176 -7000 -3167 169 7719 END
START 288 -1008 -7540 -1667 542 10937 END
START -620 -1392 -7064 1730 2944 13879 END
START -1972 -1248 -4200 1723 2346 15934 END
START -2980 -3952 -2272 477 1684 18370 END
START -5028 -8868 -680 4228 469 19424 END
START -5928 -11008 348 10681 -1942 19815 END
START -6052 -13408 1228 12555 -3821 19536 END
START -7540 -18324 5176 11823 -3446 18783 END
START -7700 -21592 8672 10251 -6454 17455 END
START -6268 -27416 6488 8311 -12342 15042 END
START -5644 -30888 2300 13960 -15701 10524 END
START -6468 -32420 -4012 12566 -15277 6680 END
START -6132 -32768 -8188 6501 -14523 2287 END
START -6988 -32768 -11128 8303 -14207 -3718 END
START -7204 -31404 -17056 7595 -11355 -7974 END
START -7828 -27036 -17792 5224 -6396 -11018 END
START -7692 -21992 -14636 4817 -4199 -12359 END
START -7264 -17524 -12924 4908 -3866 -12159 END
START -6720 -13056 -13772 2023 -2158 -10295 END
START -6924 -11492 -13472 -118 1681 -8874 END
START -7528 -9896 -11328 775 4788 -6706 END
START -7184 -9836 -8500 1726 5650 -4213 END
START -6356 -9252 -7032 697 5698 -1394 END
START -5940 -10800 -6040 838 7144 -121 END
START -5552 -11432 -5500 2718 8334 960 END
START -4936 -11756 -5536 2565 8307 2661 END
START -4084 -13816 -7504 -1027 9374 4400 END
START -3956 -16376 -11540 -2332 12110 4989 END
START -3796 -17124 -13668 2269 16598 4588 END
START -3468 -15136 -10500 4348 20042 4044 END
START -3168 -14076 -6972 -2603 23019 4823 END
START -4168 -15352 -2008 -5998 23435 6776 END
START -6968 -20544 3472 948 21493 7538 END