START -4384 -9876 -13936 -537 7394 9872 END
START -5488 -13200 -14464 -3576 11223 11965 END
START -7756 -20668 -13736 -1433 14576 14433 END
START -8888 -24600 -11184 577 17910 13821 END
START -7808 -27468 -7800 -8693 19325 11230 END
START -8784 -32768 -4260 -12373 16999 9717 END
START -8524 -32768 -2328 -1778 13979 7253 END
START -7892 -32768 -684 -4244 15694 -277 END
START -7492 -32768 3776 -13197 18674 -8910 END
START -7172 -32768 8888 -13663 15059 -14317 END
START -5840 -26016 8772 -13398 10469 -16955 END
START -5188 -19680 7448 -16102 7659 -17700 END
START -4992 -14864 6172 -15075 5318 -17421 END
START -4628 -8752 4188 -13211 4046 -15982 END
START -3360 -5612 3128 -13583 2075 -13923 END
START -2036 -3084 1960 -11875 473 -11698 END
START -608 -1780 -1408 -9593 978 -8918 END
START -672 -312 -2496 -7955 991 -6460 END
START -504 136 -3168 -7065 -537 -3295 END
START -1080 432 -4240 -4573 -1236 577 END
START -1288 280 -4568 -4223 -1023 3095 END
START -1824 296 -3836 -3581 -1037 5773 END
START -2104 -40 -3384 -2120 -2272 8799 END
START -2260 184 -3508 -572 -3184 11935 END
START -2660 -148 -5236 1066 -2187 14753 END
START -3172 -728 -5972 2739 -931 17756 END
START -4984 -3972 -4860 6986 -547 19743 END
START -7020 -7212 -1692 13649 -601 21482 END
START -8224 -11588 2348 14248 18 23008 END
START -10076 -20012 6184 8183 -1730 22576 END
START -11664 -28144 7264 11595 -6023 20037 END
START -9988 -30944 6876 20260 -10518 16227 END
START -7136 -32768 1724 17729 -13544 11535 END
START -7292 -32768 -2192 12205 -13377 6254 END
START -7920 -32768 -5240 11601 -12702 1433 END
START -8300 -32768 -10112 10189 -12487 -3266 END
START -7844 -29900 -13016 6133 -9647 -7517 END
START -7708 -27040 -12952 5548 -6534 -10431 END
START -7924 -22568 -11176 6697 -4160 -12252 END
START -8120 -19040 -9076 6021 -3537 -12558 END
START -7280 -14880 -9188 3756 -3108 -10475 END
START -6816 -14088 -10176 -991 -1240 -8802 END
START -6620 -12784 -10536 349 1956 -7678 END
START -6672 -10492 -9204 170 3827 -5882 END
START -5936 -9936 -7296 -2103 4153 -3119 END
START -6284 -11840 -6232 -1382 6283 -1490 END
START -5792 -11864 -5308 -546 7320 -137 END
START -5504 -11960 -4644 -1509 7873 970 END
START -5420 -14444 -6772 -1509 9544 2405 END
START -4812 -18060 -10092 2091 11766 2260 END
START -3120 -18488 -17020 5252 16316 1016 END
START -3516 -16948 -16164 7949 23987 -555 END
START -5316 -15632 -8204 8310 28910 -994 END
START -8044 -17876 2572 6754 27960 -831 END
START -8944 -20672 10100 2042 23473 -216 END