START -6060 -16256 -17116 442 10213 9306 END
START -7572 -18272 -16632 1697 14934 9485 END
START -8544 -24516 -13488 -684 17592 8694 END
START -8700 -26584 -8060 -5493 18900 7468 END
START -8540 -32408 -4356 -8639 18695 5606 END
START -7480 -32768 -1196 -5601 17138 2802 END
START -6948 -32768 2556 -8316 15930 -1541 END
START -6300 -32768 6052 -14954 14410 -6980 END
START -5392 -32768 7708 -15486 13270 -12257 END
START -4368 -26180 7852 -13935 10379 -15027 END
START -3444 -19744 7944 -14170 8623 -16272 END
START -2928 -13788 8252 -13501 6564 -16023 END
START -1916 -8732 7420 -13307 4289 -14912 END
START -972 -5080 5068 -12082 1195 -12377 END
START 196 -2552 256 -13071 72 -8384 END
START 532 -2008 -2536 -13588 482 -5939 END
START 252 -1416 -4252 -9802 1631 -4009 END
START -616 -700 -4308 -6752 588 -1346 END
START -596 -528 -4840 -3763 -152 1197 END
START -1296 -1404 -5480 -2705 1005 3721 END
START -2292 -1032 -4364 -1125 1141 5701 END
START -2240 -1700 -3608 739 -612 7672 END
START -1796 -1936 -3500 2400 -1485 10982 END
START -3048 -3680 -2320 4420 -897 13118 END
START -4424 -4364 88 4700 -760 15234 END
START -5212 -6912 3092 3364 -2399 17375 END
START -5268 -11088 5724 5087 -5963 19065 END
START -5876 -14688 6696 9528 -10164 20691 END
START -6556 -22180 5264 11159 -13495 21447 END
START -6216 -31708 2876 11303 -15112 18043 END
START -6756 -32768 68 7831 -17849 10751 END
START -7668 -32768 -5256 10268 -19812 4513 END
START -7508 -32768 -14504 7271 -17887 -1410 END
START -7608 -32768 -19392 4957 -12590 -7331 END
START -7832 -28992 -19484 7494 -8413 -11339 END
START -7932 -24084 -16688 10891 -5378 -13592 END
START -6964 -18992 -14980 9208 -3322 -13907 END
START -6876 -16680 -14160 7581 -351 -13974 END
START -7640 -12864 -12008 6054 2537 -12507 END
START -6584 -9540 -9064 4601 3527 -10079 END
START -5992 -7196 -7680 1892 4170 -6328 END
START -5696 -6840 -6484 2139 5038 -2998 END
START -5448 -6660 -6364 2309 6425 -10 END
START -5652 -6952 -5220 -9 6635 2748 END
START -5536 -8372 -7064 -417 8063 5847 END
START -5188 -10140 -9972 -957 11727 7633 END
START -4932 -12208 -12044 -1039 14845 8632 END
START -4244 -12780 -13640 -673 18223 10511 END
START -5108 -15800 -12456 -714 22226 11521 END
START -7616 -19104 -8836 -3311 25999 10825 END
START -11672 -26292 -2812 -1502 26662 8909 END
START -13424 -29884 3300 6077 25050 6438 END
START -13380 -31264 9204 4312 23439 1425 END