START -9072 -16076 -20108 -4393 11399 8883 END
START -11148 -20448 -19368 3973 20500 9492 END
START -13484 -23608 -10080 7769 28087 6612 END
START -15008 -26888 -1816 -931 27826 3964 END
START -15904 -31644 6780 -8903 25509 2152 END
START -14428 -32768 7848 -9069 23104 -1240 END
START -13728 -32768 13544 -6762 20637 -6817 END
START -10212 -31896 14844 -8825 14998 -11693 END
START -5932 -26044 10156 -15873 11684 -14130 END
START -3836 -22948 6896 -17777 10793 -15169 END
START -3460 -19896 5736 -13756 10168 -16380 END
START -3264 -17064 6964 -12264 8411 -17611 END
START -3036 -14128 7400 -12289 5784 -16722 END
START -2140 -12964 5420 -12831 4981 -15759 END
START -2008 -10392 4120 -12483 4217 -15063 END
START -1792 -6556 3384 -10451 1899 -13893 END
START -460 -4744 1196 -9833 70 -10792 END
START 920 -3344 -1004 -9393 942 -8155 END
START 352 -1436 -1128 -8377 -87 -5357 END
START 392 -656 -1160 -5190 -2218 -2905 END
START 244 1080 -2672 -3509 -3528 1327 END
START -8 -232 -3460 -2626 -3081 4338 END
START -632 -8 -3740 -1016 -3680 7070 END
START -708 560 -3864 776 -3840 10447 END
START -1168 -840 -3640 2025 -3512 13527 END
START -2556 -2148 -3536 4372 -3496 16535 END
START -4304 -5724 -3176 9507 -2495 18033 END
START -5904 -5900 716 12986 -1780 19774 END
START -7996 -9136 3664 11319 -4119 22143 END
START -10516 -13352 5920 10437 -5624 22558 END
START -11616 -17244 6652 11002 -7571 23043 END
START -11548 -22164 5620 14015 -11040 21574 END
START -11456 -25096 5472 14748 -13205 20245 END
START -12380 -28180 6680 14501 -15876 19568 END
START -12716 -32768 2680 11768 -19184 16155 END
START -11180 -32768 -4384 8080 -17488 9099 END
START -10668 -32768 -6576 5719 -14322 3285 END
START -11180 -32768 -4800 5846 -13956 -803 END
START -11168 -28288 -3524 4448 -13545 -5009 END
START -10552 -24700 -5076 -877 -12851 -8077 END
START -11056 -21356 -7300 -3182 -9688 -10156 END
START -11276 -19292 -6456 1509 -7010 -11835 END
START -10956 -15804 -4272 4126 -6356 -12313 END
START -10092 -12024 -3992 36 -4381 -11452 END
START -9404 -10136 -4456 -6492 -1533 -9469 END
START -9124 -9148 -5368 -4907 584 -7701 END
START -8488 -8304 -5516 -623 1661 -5387 END
START -8236 -6920 -4576 -1008 3030 -2368 END
START -8076 -7712 -4304 -3258 5453 779 END
START -8428 -10544 -4132 -1715 7336 3367 END
START -9260 -12208 -3220 2194 8390 3880 END
START -9016 -13692 -2568 1507 8494 4677 END
START -8752 -15080 -4232 -2534 10268 5718 END
START -8340 -17684 -10128 -5777 13345 5965 END
START -8308 -20008 -18100 -8631 18750 4955 END
START -10840 -23652 -18660 -5551 24753 4216 END
START -14136 -27032 -10388 6006 27437 905 END
START -15640 -27792 768 2550 28821 -3486 END
START -15700 -28812 11220 -5065 25286 -6728 END
START -13356 -28352 15716 -1588 19270 -10014 END