START -3992 -16912 -13856 5860 10054 8197 END
START -4920 -17552 -12444 3619 15675 10103 END
START -5148 -20716 -8752 -1728 16764 10483 END
START -4800 -24052 -5852 -3650 13860 11648 END
START -5340 -30204 -6940 -3902 14594 9501 END
START -5820 -32768 -2408 -7288 17468 5364 END
START -4644 -32768 2868 -16642 16341 -410 END
START -4056 -32768 4856 -18285 12058 -3604 END
START -3724 -32768 5832 -10938 7581 -5478 END
START -3340 -30292 4768 -11528 11184 -11855 END
START -4360 -23904 7536 -15415 10781 -15725 END
START -3612 -18728 6344 -14214 6853 -16885 END
START -3092 -12984 5012 -13129 4007 -15607 END
START -2172 -9164 2996 -11357 3695 -13950 END
START -2160 -4904 2312 -11524 3837 -12703 END
START -1144 -3132 -564 -9943 1326 -9446 END
START -688 -808 -2612 -7347 85 -6066 END
START -436 852 -5268 -7184 -34 -3297 END
START -524 -80 -7512 -6834 1415 -487 END
START -1120 -132 -7796 -6025 2511 2379 END
START -984 -232 -7348 -2807 3530 5136 END
START -768 -472 -6360 -1062 3906 8079 END
START -1648 -2120 -5604 -1182 3849 11335 END
START -2624 -4636 -4100 643 4292 13034 END
START -3372 -6584 -1780 3758 3369 14510 END
START -3592 -6940 -156 3289 748 16274 END
START -3152 -8692 -424 2602 229 18391 END
START -3252 -12048 -724 4737 27 19021 END
START -4440 -15828 1724 10199 -1508 18928 END
START -3896 -19672 6056 9385 -3235 18534 END
START -4372 -26432 10972 6780 -6862 17303 END
START -5184 -31636 8772 8606 -13561 14169 END
START -4204 -32768 2092 8163 -16155 9948 END
START -4144 -32768 -2140 4142 -15880 4591 END
START -6176 -32768 -5712 3186 -15757 -966 END
START -6440 -32000 -9284 4034 -16519 -5299 END
START -5792 -29996 -14900 3856 -13861 -9281 END
START -6264 -26140 -13812 6487 -10322 -12919 END
START -6452 -21324 -10728 4630 -8483 -14616 END
START -6156 -16824 -8952 1141 -8024 -14295 END
START -5824 -13900 -10216 -2236 -7492 -12449 END
START -5756 -11724 -13080 -44 -4167 -10751 END
START -5816 -9280 -13312 -266 -1620 -8299 END
START -5652 -8176 -11504 1132 247 -5606 END
START -5624 -8112 -9340 1281 3906 -3463 END
START -5912 -7680 -5788 453 6203 -1226 END
START -5284 -8784 -5276 88 5124 1821 END
START -5464 -9520 -7592 1279 5817 4080 END
START -5508 -10312 -9344 166 8323 6240 END
START -5884 -13044 -12664 1295 11482 7652 END
START -4816 -14188 -17612 2445 16201 7813 END
START -4596 -12336 -21976 1307 23337 7966 END
START -5876 -10484 -20744 -1050 31242 9486 END
START -9376 -13888 -10872 1494 32767 11620 END
START -13204 -20060 20 5137 30356 13201 END