START -144 704 -4368 2724 2061 6835 END
START -304 1252 -3252 2837 513 10119 END
START -660 -448 -2976 2380 -1135 13870 END
START -2172 -2468 -2324 4904 -1120 15930 END
START -4572 -2772 -80 6607 -837 17390 END
START -5308 -5896 4324 3686 -4626 20476 END
START -6156 -10316 4148 4268 -6900 21883 END
START -7852 -18052 1956 6641 -8282 21901 END
START -9008 -25200 2188 13164 -10261 19377 END
START -7764 -29840 5400 16696 -11939 15045 END
START -6376 -32768 4904 11026 -14658 11240 END
START -5668 -32768 -2228 7442 -17112 5393 END
START -5928 -32768 -8472 8639 -15571 -465 END
START -6508 -32768 -9304 10658 -14387 -5987 END
START -7028 -32224 -11212 8552 -14102 -9849 END
START -7456 -26908 -14892 2158 -12682 -12402 END
START -7968 -22808 -18812 -1687 -9551 -13603 END
START -8488 -18664 -20116 1874 -5165 -13832 END
START -8300 -15480 -17816 5906 -1687 -13591 END
START -7804 -11368 -14160 6705 184 -11856 END
START -7468 -9024 -10868 1955 1546 -8581 END
START -7248 -8092 -9848 -1613 5788 -5817 END
START -7432 -8132 -6732 -1827 6604 -3360 END
START -6476 -7932 -4848 1844 4052 -166 END
START -5748 -8812 -6312 995 5012 3138 END
START -5908 -10088 -6572 -1787 8960 4366 END
START -6160 -12104 -7128 -1262 10252 5643 END
START -5184 -12208 -11084 1137 11499 7072 END
START -4596 -12964 -16324 -1076 17138 7863 END
START -5840 -14468 -18936 -2684 24514 8073 END
START -6576 -14668 -17196 394 29803 7922 END
START -7816 -15260 -11340 4120 32226 8972 END
START -10268 -18920 -3000 10196 31278 9598 END
START -11848 -24156 4840 10160 27249 7781 END
START -12864 -32352 8232 7994 29220 2217 END