START -7068 -14648 -11128 5686 9523 5069 END
START -7516 -16172 -12300 1705 12016 7811 END
START -9264 -22276 -11856 1308 16240 9596 END
START -9820 -26784 -8452 6946 18969 8066 END
START -9056 -29160 -3908 -333 22484 4763 END
START -8572 -32768 464 -19960 22070 1372 END
START -8188 -32768 4916 -15298 17124 -647 END
START -7276 -32768 7256 -6925 13303 -3830 END
START -6448 -32768 9044 -12623 15134 -9633 END
START -6744 -30212 10776 -18643 14359 -14303 END
START -6052 -24328 11748 -18555 10676 -18114 END
START -5292 -17216 9768 -18168 6884 -18000 END
START -3800 -12560 8020 -18492 4409 -17124 END
START -2404 -9052 5068 -17437 3277 -16071 END
START -1588 -5376 3028 -16433 3308 -14465 END
START -1120 -3956 1068 -16882 1770 -12144 END
START -428 -3020 -632 -13518 491 -9392 END
START 196 -1428 -2376 -9591 -547 -5827 END
START 204 -888 -4732 -7506 -975 -3038 END
START 396 -132 -6260 -5817 238 -758 END
START 204 872 -5232 -4485 358 1678 END
START -324 1060 -4788 -3300 -763 5486 END
START -392 68 -6024 -1983 -1001 8472 END
START -1180 -140 -6572 488 303 10810 END
START -2456 320 -5500 1688 1072 13902 END
START -4160 -1536 -2492 4081 320 16396 END
START -5444 -3848 184 9129 -1444 18929 END
START -6624 -6820 1740 11584 -3239 20892 END
START -8608 -11616 2748 10788 -3387 21565 END
START -9924 -17132 5176 10925 -5613 20687 END
START -9680 -23808 6312 13171 -8689 19294 END
START -8044 -27812 4764 15684 -11771 17522 END
START -8396 -32304 2372 16000 -13209 14992 END
START -8728 -32768 276 16492 -14956 10955 END
START -6712 -32768 -3616 10901 -14965 5297 END
START -6688 -32768 -7484 7975 -14933 858 END
START -6600 -32768 -11356 8558 -13996 -3104 END
START -7272 -29496 -13308 5402 -11829 -6603 END
START -7604 -25892 -13836 1870 -9365 -9754 END
START -7656 -22216 -13052 911 -6579 -11417 END
START -7428 -16888 -11840 471 -4109 -11774 END
START -7152 -14348 -10672 -656 -1371 -10954 END
START -7088 -11984 -8808 -320 560 -9370 END
START -7632 -10136 -7580 -978 2895 -7552 END
START -7460 -9116 -7016 -2662 3233 -4825 END
START -6984 -10008 -7104 -660 4274 -2649 END
START -6736 -9204 -7064 -91 6862 -690 END
START -6908 -9424 -7728 -1572 8675 1294 END
START -6504 -12220 -10436 -1284 10486 3348 END
START -5772 -13524 -14804 -1043 15091 4163 END
START -4736 -14340 -19008 -3322 20123 4976 END
START -5332 -15224 -19800 -4514 25651 5466 END
START -7616 -18128 -14724 3878 28600 6197 END
START -10860 -21908 -3352 12988 28297 4621 END
START -13080 -28080 6784 5451 26645 819 END