START -6692 -18176 -14432 -3231 7017 8751 END
START -5696 -22468 -17164 -2518 9822 10886 END
START -4568 -26212 -17632 751 18641 8697 END
START -5164 -29272 -12068 -1366 21328 7009 END
START -5676 -32768 -6916 -470 21445 5303 END
START -7532 -32768 240 -3021 19753 3158 END
START -8836 -32768 6396 -11892 19782 -2149 END
START -9964 -32768 12080 -16094 18321 -9536 END
START -7928 -30588 14476 -14093 14064 -14440 END
START -5712 -24288 13852 -14789 9012 -17558 END
START -3484 -17532 10124 -17644 6003 -17602 END
START -2716 -12780 7692 -18453 5334 -17706 END
START -1644 -8884 6128 -16054 3607 -16774 END
START -800 -5620 4316 -13392 272 -15000 END
START 504 -3840 176 -13667 -1257 -11876 END
START 1600 -3168 -2092 -14751 -288 -9350 END
START 1268 -3392 -4716 -10982 189 -8050 END
START 876 -1632 -5832 -6213 253 -6705 END
START 1280 -944 -6008 -3998 -247 -2962 END
START 880 -1428 -6600 -2990 189 -103 END
START 776 -1684 -7332 -2619 418 2075 END
START 760 -1432 -6384 -1416 384 4157 END
START 588 -1712 -5552 1024 -576 7031 END
START 44 -2044 -5560 2340 -738 9978 END
START -1312 -3256 -4740 3010 -1338 11978 END
START -2048 -4856 -4792 2793 -1799 14377 END
START -3044 -6276 -4304 3700 -712 15594 END
START -3964 -6660 -2084 1474 -1653 17222 END
START -5064 -10840 -1488 5782 -4181 18136 END
START -5936 -13624 -1468 13410 -4734 19404 END
START -6016 -16764 1176 14231 -4228 19934 END
START -6684 -23724 2400 8464 -5681 19082 END
START -6536 -32768 124 7688 -7915 14816 END
START -5296 -32768 -1492 14964 -9994 8978 END
START -3028 -32768 -1068 16488 -10971 4509 END
START -3260 -31632 -3144 9527 -12534 1170 END
START -4008 -30960 -9924 2013 -12177 -2527 END
START -4500 -28300 -13228 2946 -9276 -6824 END
START -4328 -23008 -13736 6382 -6685 -8925 END
START -4688 -18728 -11684 6448 -5841 -9374 END
START -4548 -17412 -12964 2970 -4475 -8603 END
START -4584 -15864 -13040 852 -1450 -8257 END
START -4496 -13356 -12676 1365 1753 -7403 END
START -5132 -10900 -11308 1679 4293 -5576 END
START -5492 -10544 -9732 785 6393 -3227 END
START -6148 -11540 -7328 2562 7439 -1413 END
START -6076 -11284 -6220 3866 7954 -109 END
START -5348 -11788 -6640 705 8567 1912 END
START -4876 -13252 -8840 -1053 9951 3423 END
START -3664 -12816 -12228 -1631 12659 4855 END
START -1932 -12088 -16320 -4912 17035 6644 END
START -2772 -13656 -18184 -7393 23318 7957 END
START -6316 -18508 -11764 854 27815 8167 END
START -10556 -23628 -1324 8356 25903 6795 END
START -12256 -28488 9292 5550 21967 3539 END
START -10724 -30244 15396 -33 16562 -1796 END