START -8116 -11236 -10448 5684 4528 7798 END
START -8592 -14072 -12872 4788 7420 9977 END
START -8684 -17916 -16028 373 11682 11292 END
START -8816 -21072 -16236 -2520 16698 10991 END
START -9356 -24272 -12892 913 18023 10525 END
START -9796 -29364 -6984 6399 16769 10090 END
START -10012 -32768 -1292 -924 18004 7539 END
START -9196 -32768 3636 -14662 22312 1115 END
START -8528 -32768 6464 -16681 18609 -4216 END
START -6060 -32768 7168 -13965 14876 -9004 END
START -4816 -29644 7528 -14200 13171 -12759 END
START -3804 -24160 7944 -17054 12662 -15012 END
START -4168 -19684 9868 -18015 9415 -16459 END
START -3712 -14872 10040 -15498 4890 -16150 END
START -2476 -11112 7460 -15910 3570 -15148 END
START -2104 -7940 5572 -16937 1602 -14156 END
START -1124 -6328 4176 -15023 -1694 -12383 END
START -372 -3648 932 -11777 -3401 -9527 END
START 420 -2276 -1468 -12144 -1809 -7526 END
START -104 -1452 -3600 -11768 -2947 -5289 END
START 168 -2044 -8156 -8535 -3101 -3367 END
START -88 -668 -10888 -4317 -683 -1773 END
START -1080 924 -11828 -3764 843 1209 END
START -356 224 -11916 -2796 2644 4025 END
START -960 -852 -11296 1438 4010 6671 END
START -1564 -840 -9292 5884 4408 8568 END
START -2340 -952 -7388 5889 4497 12038 END
START -2888 -2096 -5460 5938 5878 14400 END
START -3828 -3156 -3952 4083 5514 16899 END
START -4616 -6768 -5048 7007 4226 18555 END
START -4892 -8400 -4308 12172 4249 19305 END
START -7408 -10372 316 15435 4227 19725 END
START -8444 -12048 5888 13074 2810 20652 END
START -9024 -17248 8860 7668 -888 22156 END
START -9540 -25440 8440 12731 -6366 20548 END
START -8588 -26256 6924 19287 -9202 17919 END
START -6788 -29476 6028 13617 -11025 14638 END
START -6884 -32768 3112 10565 -15270 10294 END
START -6980 -32768 -5332 10032 -15702 4360 END
START -6820 -32768 -10440 7426 -12055 -2314 END
START -7260 -32768 -11048 7906 -9770 -7850 END
START -7240 -28524 -9636 8990 -8478 -11792 END
START -7068 -22156 -8416 6621 -8490 -13088 END
START -6704 -19148 -9084 3381 -7415 -12818 END
START -6480 -17232 -10432 2095 -5294 -12213 END
START -5892 -13208 -10384 3628 -2604 -11288 END
START -5368 -10580 -9360 -722 -717 -8759 END
START -5132 -10140 -7688 -456 110 -5673 END
START -4720 -10148 -8300 649 2954 -3839 END
START -4860 -9552 -7212 -1323 5465 -1723 END
START -4836 -9792 -6096 -4117 6317 1069 END
START -5116 -11608 -6640 -1464 7237 3554 END
START -5052 -12396 -7332 1681 9805 4402 END
START -4868 -11764 -10216 -1570 13486 5762 END
START -4456 -13684 -14880 -7637 17611 7803 END
START -4288 -14932 -17760 -8930 22440 8979 END
START -5572 -16228 -18140 -5239 26088 10841 END
START -10448 -21912 -10352 2519 32073 11561 END