START -6872 -8572 -8304 3275 1443 63 END
START -7556 -7700 -7992 4676 4789 4679 END
START -7996 -8820 -10168 4433 7094 8791 END
START -9076 -11436 -14300 3774 12134 10139 END
START -9900 -16728 -16704 4466 17490 10818 END
START -10624 -19916 -15420 5960 21503 11444 END
START -11440 -25344 -10872 6413 24394 10975 END
START -12668 -32232 -2120 -1282 26842 7769 END
START -14236 -32768 6256 -3965 25852 2731 END
START -12196 -32768 13056 -1638 21348 -3239 END
START -9820 -32768 16016 -7119 17653 -9808 END
START -7136 -32768 16160 -14359 13205 -15218 END
START -5548 -26024 12276 -15915 9433 -18175 END
START -4724 -20836 9448 -16803 6130 -18381 END
START -4672 -17668 6128 -15670 5238 -17557 END
START -4400 -13680 6688 -16995 4811 -17904 END
START -3676 -11392 4280 -18069 3213 -15753 END
START -3128 -9812 3020 -15362 1254 -14178 END
START -2208 -6380 1380 -14381 1479 -11302 END
START -1900 -5308 1472 -13460 2279 -10040 END
START -1392 -4216 -80 -12287 1925 -7769 END
START -724 -2820 -1328 -12448 1407 -5299 END
START -60 -1188 -2016 -10000 850 -2324 END
START 520 -304 -2024 -7412 494 298 END
START 124 1032 -2024 -4468 -923 2843 END
START 700 1092 -2240 -2197 -2208 6392 END
START 296 784 -2584 -369 -1533 9592 END
START -536 164 -1276 2184 -2776 12346 END
START -1628 440 -260 5353 -3841 16050 END
START -3288 -2148 1732 5758 -4131 19150 END
START -6128 -5152 4248 7844 -5066 21364 END
START -7964 -10376 6044 12834 -8722 22588 END
START -9216 -14628 5420 18102 -9870 23084 END
START -9572 -19996 5768 14378 -9713 21878 END
START -9768 -26128 5288 10032 -11068 20098 END
START -9760 -32768 4616 15216 -15022 16302 END
START -10496 -32768 3120 18214 -17078 12597 END
START -12396 -32768 2432 12013 -17436 8390 END
START -11200 -32768 -3348 5343 -18423 3046 END
START -11172 -32768 -8524 3277 -17164 -2342 END
START -10832 -30804 -9080 2052 -14542 -5916 END
START -10488 -27724 -5896 4759 -12190 -9507 END
START -12464 -22804 -3496 2924 -12407 -11437 END
START -11796 -19952 -5632 -2424 -11500 -11927 END
START -11104 -17420 -7028 -3044 -10207 -12440 END
START -9016 -12808 -8532 -1544 -7836 -11536 END
START -7128 -10228 -9284 -3294 -4926 -9804 END
START -6568 -8524 -8848 -4395 -1460 -7335 END
START -6752 -8004 -7132 -1666 1181 -4639 END
START -6604 -7336 -4840 83 2997 -2065 END
START -6540 -7264 -3544 -421 4932 706 END
START -7192 -8064 -3828 -3357 7106 3425 END
START -7764 -10456 -3904 -214 8587 4994 END
START -8136 -10304 -5200 2210 9550 6779 END
START -8252 -10872 -7976 -55 13407 8150 END
START -7968 -12456 -12204 -3535 17043 9513 END
START -8964 -15692 -17012 -2323 21544 11040 END
START -11480 -20140 -14776 1942 25686 10248 END
START -15620 -26108 -5704 3288 27941 8263 END
START -17948 -31304 5772 -768 26868 4492 END
START -17116 -32768 15940 -2098 20494 -183 END
START -12504 -32768 18180 2996 14317 -5137 END