START -5708 -12424 -13900 2698 10836 9016 END
START -6524 -15560 -13096 6412 14719 10479 END
START -6760 -20128 -10128 4677 17497 11393 END
START -7192 -26968 -5636 1267 16968 10636 END
START -6736 -32768 -2588 -1465 15048 7629 END
START -6624 -32768 -364 -2734 16107 2564 END
START -6468 -32768 3260 -6897 14825 -3874 END
START -5316 -32768 5764 -10475 12375 -9722 END
START -3908 -30856 7244 -11856 8781 -13131 END
START -3380 -23880 6168 -12248 6047 -14096 END
START -3560 -19216 3608 -13718 5749 -14557 END
START -3248 -15936 2716 -13360 6861 -15890 END
START -3512 -11920 3412 -12030 5890 -15558 END
START -2792 -8680 2956 -11008 3438 -13936 END
START -1940 -6276 1840 -9844 1468 -10934 END
START -1564 -5488 224 -8670 1830 -9240 END
START -1592 -4328 -264 -9236 1839 -7284 END
START -1508 -2988 -1100 -8217 210 -4752 END
START -940 -2092 -1652 -7020 -1388 -2212 END
START -544 -1772 -2264 -4490 -1627 227 END
START -536 124 -2040 -4248 -2038 3333 END
START -436 -812 -2912 -4526 -3155 6081 END
START -196 -1424 -4016 -2574 -3847 9199 END
START -768 -2056 -3804 574 -3218 11894 END
START -2164 -2580 -2728 2063 -3282 14137 END
START -3180 -4488 -1904 2728 -3342 16385 END
START -5592 -6284 0 4208 -3637 18456 END
START -7228 -9452 2156 5815 -5097 19518 END
START -8392 -12668 2972 7592 -7591 20071 END
START -8900 -16988 1664 8168 -8855 20637 END
START -8764 -22812 -468 6801 -9433 19577 END
START -9496 -29872 -1492 12543 -10902 16139 END
START -8520 -32648 -2476 17209 -11377 11903 END
START -9228 -32768 -3776 12076 -11587 7903 END
START -8788 -32768 -6716 8390 -11405 2300 END
START -7888 -32768 -8664 7914 -11269 -3099 END
START -7344 -31900 -10348 5801 -10149 -7522 END
START -8084 -28028 -12048 1853 -8380 -10754 END
START -7456 -23644 -12428 -514 -6132 -13173 END
START -6900 -18276 -13092 -1497 -3496 -14069 END
START -6576 -14336 -13444 -1344 -763 -13379 END
START -6620 -12084 -11784 490 1539 -11691 END
START -6676 -9664 -9532 439 3273 -9428 END
START -6696 -8392 -7376 -281 4135 -6677 END
START -6624 -8828 -6336 479 6083 -4461 END
START -6728 -9664 -5468 528 7762 -2643 END
START -6948 -9636 -4060 112 8358 -1086 END
START -6616 -10756 -4704 -2166 8297 1331 END
START -6576 -12624 -8224 -750 10985 2266 END
START -4820 -12708 -13944 -1525 14218 3297 END
START -2972 -12944 -19224 -4415 20566 4053 END
START -3012 -12176 -19356 -5308 27826 4535 END
START -6556 -15160 -13372 3442 31390 6369 END
START -8720 -19320 -2152 13386 31875 6517 END
START -11472 -22892 8804 9426 29455 4845 END