START 572 -10632 -8596 2845 2094 8570 END
START 2344 -7468 -13140 2378 11302 9700 END
START -1660 -13100 -15852 -3340 16580 11866 END
START -6268 -25788 -11972 5944 16205 15405 END
START -6136 -29068 -7236 11712 18712 12060 END
START -4064 -32768 3892 -7761 21108 4500 END
START -312 -32768 9920 -17877 14752 450 END
START 1980 -32768 9632 -10362 6164 1847 END
START 1324 -32768 7020 -10336 6064 -5448 END
START 288 -32768 7528 -17027 6075 -13526 END
START -432 -26900 6436 -14199 3435 -16318 END
START -888 -18952 4040 -13231 1589 -15641 END
START -2168 -15192 704 -12115 2292 -14074 END
START -3136 -10412 -580 -11978 4142 -14644 END
START -3352 -7960 -404 -12505 3957 -13367 END
START -3736 -6440 -3140 -11040 6187 -10810 END
START -3912 -4768 -4036 -10019 6679 -7969 END
START -3536 -3764 -5000 -5775 5498 -5030 END
START -2624 -2888 -5980 -5355 4546 -2217 END
START -2348 -2680 -6604 -5554 7395 -815 END
START -2228 -2780 -3972 -5282 7894 1430 END
START -1372 -2644 -2772 -4214 6247 4353 END
START -1268 -2868 -1620 -5202 4432 7295 END
START -660 -3948 -488 -3911 3695 10401 END
START -1168 -5504 3024 -166 3463 11938 END
START -1372 -7216 5796 2678 72 14749 END
START -1088 -9692 5264 2545 -2734 15825 END
START -108 -10224 4440 -93 -3169 16987 END
START -908 -9888 5620 514 -2773 17400 END
START -1964 -11056 8212 3918 -5125 19565 END
START -2464 -15968 8512 9982 -9057 20345 END
START -3336 -21872 7744 9797 -10241 19666 END
START -5296 -29604 9664 10711 -11174 17367 END
START -5564 -32768 8168 12201 -17225 13426 END
START -4804 -32768 608 12460 -19605 7227 END
START -4332 -32768 -4920 8798 -18214 410 END
START -5908 -32768 -10624 6410 -17371 -6154 END
START -5684 -32768 -14644 5539 -14812 -11875 END
START -5964 -29596 -15304 2952 -11136 -16054 END
START -5944 -24816 -13632 3238 -6837 -18224 END
START -7356 -18556 -10480 1449 -3816 -17944 END
START -7584 -14160 -7264 -1032 -2869 -16441 END
START -6204 -10652 -5812 -647 -3730 -13133 END
START -4760 -7020 -6732 -418 -1810 -9563 END
START -3756 -4312 -6340 -3263 676 -6084 END
START -3732 -3784 -6312 -2673 3529 -1882 END
START -4604 -4516 -4628 -906 4788 1487 END
START -4740 -6848 -3488 938 5598 4013 END
START -4576 -7848 -2748 1067 7373 6471 END
START -5036 -10180 -2840 -458 8872 8208 END
START -5084 -12644 -4732 58 10056 9594 END
START -4868 -14848 -9336 -1014 12444 11731 END
START -4564 -18872 -16852 -3741 17935 11388 END
START -4044 -21432 -24136 -7158 25881 9626 END
START -7008 -25416 -20516 3012 32767 7885 END
START -7520 -24392 -7000 10643 32767 6846 END