START 344 -8900 -9868 2881 3637 10547 END
START -1912 -15592 -11664 4064 10075 11684 END
START -3196 -21936 -11004 4005 13304 12413 END
START -3672 -30328 -7288 -916 14858 10196 END
START -3740 -32768 -4236 -5126 14377 6588 END
START -2660 -32768 -1776 -8429 13697 2643 END
START -2536 -32768 800 -11079 12118 -1717 END
START -1544 -32768 3160 -16640 9812 -4716 END
START -2924 -32768 2816 -19370 8404 -5986 END
START -4584 -32212 6024 -14858 11320 -11198 END
START -5980 -27572 10296 -13783 8787 -15469 END
START -4744 -20756 11924 -17022 4572 -15633 END
START -3804 -15328 9180 -16855 4834 -16023 END
START -3508 -9344 7608 -17314 4471 -15736 END
START -2472 -5240 4792 -15022 2150 -13582 END
START -1500 -1488 1436 -12899 -852 -9309 END
START -380 -416 -1480 -10576 -2046 -5636 END
START 536 1468 -4476 -9670 -931 -3009 END
START -740 2164 -5428 -8354 232 253 END
START -1404 1152 -4376 -4846 732 3895 END
START -2056 196 -4564 -3903 1069 6591 END
START -2424 -356 -3892 -3081 2465 9050 END
START -3664 -1728 -1024 -3271 2431 11012 END
START -3824 -2208 1352 -953 144 13618 END
START -4132 -3232 1344 2772 -2770 16683 END
START -4640 -6420 128 7166 -3123 19595 END
START -4908 -9212 -48 6786 -2395 20704 END
START -6808 -13316 3468 8717 -2143 20996 END
START -6112 -19460 6644 12388 -5014 21724 END
START -5528 -28252 8640 17395 -8077 20163 END
START -5312 -32768 8200 13117 -10123 16059 END
START -5116 -32768 2976 9664 -12306 10475 END
START -4336 -32768 -2032 11160 -14728 4086 END
START -4316 -32768 -6504 11661 -13990 -1476 END
START -5148 -32768 -11008 8852 -11686 -7960 END
START -4728 -32768 -11932 6315 -8029 -13473 END
START -5564 -28824 -10024 3864 -6121 -16754 END
START -6448 -22144 -9672 3412 -5690 -17392 END
START -6032 -17944 -10656 -890 -4711 -16071 END
START -6040 -13336 -13088 -3143 -1368 -14932 END
START -5864 -10024 -12996 -3021 1535 -12621 END
START -5620 -6776 -11192 -261 2527 -8104 END
START -4968 -4992 -10636 1159 5938 -4087 END
START -5808 -5684 -7480 -2638 10282 -1226 END
START -6552 -7680 -4460 -3520 10059 1190 END
START -6196 -8884 -4544 -554 9083 4499 END
START -5164 -11244 -6652 371 11214 6460 END
START -4264 -13224 -8176 -731 13507 7462 END
START -2616 -14736 -11368 -3853 15926 8629 END
START -1232 -15116 -17320 -8441 21056 10242 END
START -2284 -17532 -18564 -16408 28554 9969 END
START -5480 -20768 -13156 -10845 32457 10029 END
START -9348 -24188 -2972 4390 29233 12293 END
START -11344 -25784 9540 363 24056 11560 END