START 2404 -14640 3636 3651 -1835 1511 END
START 2016 -13780 1128 2515 121 2528 END
START 1320 -12844 1588 1485 2799 3437 END
START 456 -12284 2228 3197 3155 2997 END
START 1096 -12012 1484 3341 2705 5599 END
START 908 -12508 0 2385 4929 7488 END
START -516 -13500 -960 2960 8148 9517 END
START -1576 -15144 -520 3353 9059 11209 END
START -1768 -17508 -2152 1151 9832 11559 END
START -1852 -20088 -1688 -2574 12254 10465 END
START -704 -22104 -488 -6301 13638 8738 END
START 128 -25640 876 -7306 14645 7882 END
START 136 -28732 3992 -4457 13192 7738 END
START -32 -29796 6504 -6607 11473 3664 END
START -948 -32524 10448 -12714 9820 -1109 END
START -1392 -32688 12216 -13136 7326 -6402 END
START -1032 -30780 11892 -12912 4475 -11071 END
START -1748 -27052 11072 -13250 2470 -15381 END
START -1564 -22560 9788 -13109 760 -16974 END
START -1872 -18288 9064 -13731 -554 -17559 END
START -1636 -14932 8868 -11369 -2566 -16613 END
START -1628 -12500 7180 -9390 -4995 -14781 END
START -1872 -10636 3420 -8529 -5353 -13749 END
START -1400 -9356 280 -11316 -4476 -12195 END
START -484 -9176 -3396 -12360 -3472 -11125 END
START -244 -9756 -7272 -12622 -2684 -8958 END
START -152 -8860 -11484 -10460 -505 -7141 END
START 356 -7688 -13084 -7578 3248 -5009 END
START 516 -6948 -11900 -5020 6461 -3350 END
START 256 -5744 -10280 -4035 7868 -872 END
START 996 -5356 -8748 -3696 8758 2278 END
START 1052 -5872 -7004 -3608 9923 5688 END
START 720 -7360 -5776 -1050 12642 7152 END
START -412 -6500 -2596 -541 12823 8345 END
START -656 -7652 232 -3758 12457 10467 END
START -1224 -9220 2748 -5354 11290 12099 END
START -2236 -10044 4536 -2010 9438 14084 END
START -3136 -11444 6512 91 7893 14563 END
START -3428 -11848 9748 -45 5076 15578 END
START -2612 -15268 11840 -1904 1446 16400 END
START -2344 -17012 13336 3400 -4256 16770 END
START -1424 -19472 10636 7864 -9059 17021 END
START -1292 -22908 9388 8949 -11185 16069 END
START -1608 -26832 9312 5044 -14152 13144 END
START -1844 -30448 5948 2120 -18607 8735 END
START -2260 -32768 -88 5392 -20582 5102 END
START -1556 -32768 -6824 7561 -19317 560 END
START -1032 -32768 -11612 8720 -15253 -4353 END
START -1504 -30204 -12808 6883 -11511 -8680 END
START -2252 -25284 -13016 1573 -10283 -11213 END
START -2560 -20992 -12480 511 -9265 -11365 END
START -2888 -17700 -11732 4043 -6393 -9977 END
START -3480 -13960 -9984 3538 -2802 -9163 END
START -3560 -11980 -8428 597 -431 -8231 END
START -3308 -9472 -6968 -1364 1688 -6127 END
START -3104 -8260 -5504 -3740 2140 -2807 END
START -3424 -8936 -4956 -1223 3292 595 END
START -2988 -9112 -4876 629 5442 2387 END
START -4032 -9656 -5156 -1170 7075 4199 END
START -3992 -11784 -7064 -2952 7822 6778 END
START -3600 -15096 -11276 -678 10792 8386 END
START -2476 -17104 -15504 -1469 16119 8328 END
START -1068 -17256 -19144 -6156 23114 6487 END
START -992 -16740 -20512 -11993 30500 5809 END
START -5872 -20016 -14696 -3194 32767 8124 END
START -11232 -23244 -3676 7562 32767 8759 END
START -14180 -25828 10920 471 30922 4874 END
START -14532 -31476 16028 -9244 24935 -171 END
START -10820 -30072 17748 -6477 19863 -5200 END