START -8188 -5608 -6236 4729 8330 4010 END
START -3708 -19584 -5328 9592 13982 10508 END
START -4612 -23760 -3768 15277 14725 8945 END
START -3112 -26088 -4200 13238 15667 8060 END
START -3640 -31900 -1576 1868 19359 3544 END
START -4032 -32768 4340 -4573 17057 -859 END
START -4780 -32768 9160 662 11967 -5870 END
START -4472 -32768 9200 2844 7604 -10471 END
START -3716 -32768 8744 -6598 8481 -16954 END
START -4580 -31360 10136 -17576 6401 -21357 END
START -4372 -26844 9052 -16958 4420 -23364 END
START -3860 -21820 8376 -13658 3055 -23366 END
START -3792 -18640 8124 -10634 1787 -22898 END
START -3044 -16092 6160 -9721 37 -21637 END
START -2700 -13912 4836 -10823 20 -20809 END
START -2780 -12684 6532 -9444 447 -20528 END
START -2856 -10472 6588 -5949 -1675 -18707 END
START -2124 -8604 5244 -4465 -3929 -17012 END
START -1128 -6836 4252 -4935 -5465 -15443 END
START -376 -5404 2068 -7072 -5295 -13607 END
START 16 -3656 532 -7913 -3977 -12433 END
START 648 -1868 -768 -8863 -4413 -10140 END
START 456 -792 -808 -5769 -4617 -7923 END
START 972 740 -1396 -955 -4357 -4924 END
START 828 1504 -1504 1089 -4718 -2099 END
START 308 1296 -1444 2312 -5326 1587 END
START 660 -296 -2432 1871 -5238 4344 END
START 184 -2072 -1892 3410 -5608 6988 END
START -352 -3264 -1348 6873 -6255 10021 END
START -864 -6084 -2268 9298 -6423 12707 END
START -1716 -8276 -3672 9503 -5666 14226 END
START -780 -8704 -3216 8695 -3622 15457 END
START -1908 -8844 -172 7926 -2846 17235 END
START -3100 -11620 -700 11805 -4185 20824 END
START -4336 -13320 -1632 15530 -2924 22632 END
START -4968 -14272 -1308 17109 -688 24065 END
START -5260 -14928 -972 16772 1516 26437 END
START -5692 -18604 -2036 15132 1247 28297 END
START -6348 -23352 -5728 14011 3826 28327 END
START -8112 -25676 -5392 13566 10395 26071 END
START -9452 -30556 -892 14993 12527 26076 END
START -7764 -32768 -1608 12249 11650 23470 END
START -7080 -32768 -572 1885 12291 17814 END
START -7148 -32768 484 -5291 11546 8255 END
START -5376 -32768 3936 2118 10135 -23 END
START -3888 -32768 5396 2460 7242 -7278 END
START -3296 -32768 6092 -6553 5101 -14320 END
START -3780 -31084 7940 -12395 3880 -19185 END
START -5768 -27980 11120 -7898 1135 -22278 END
START -6048 -23092 12412 -2152 -3344 -23651 END
START -5432 -19172 10972 -5822 -6459 -24236 END
START -5904 -17300 11484 -9223 -7885 -25214 END
START -5976 -15964 10928 -6912 -10355 -25260 END
START -5248 -12748 9348 -4849 -13438 -24030 END
START -3604 -10452 6096 -5927 -14749 -22293 END
START -2936 -10476 5904 -4710 -13116 -20736 END
START -3736 -9548 5896 -2675 -15412 -18651 END
START -2984 -8568 2816 -2153 -17723 -16225 END
START -2152 -7572 -832 -3681 -17115 -13751 END
START -1792 -6808 -3444 -4641 -15584 -11589 END
START -1484 -7236 -5956 -3310 -14961 -9056 END
START -1588 -6472 -8136 -980 -13273 -5954 END
START -1188 -7236 -11240 -163 -10439 -3151 END
START -1740 -9284 -12568 533 -6335 -1302 END
START -2304 -10460 -14472 73 -2760 335 END
START -2320 -11948 -15912 -727 1031 749 END
START -1556 -12580 -17732 -406 5280 1960 END
START -1496 -12572 -19276 911 10092 3529 END
START -1220 -13784 -20792 732 15092 4816 END
START -1520 -13744 -19400 1154 20868 5780 END
START -1724 -13868 -15924 2047 25989 6460 END
START -1884 -13900 -11544 866 30593 7835 END
START -996 -16644 -5448 -941 32767 8108 END
START -412 -17408 2872 -1333 32767 7065 END