START -3608 -25628 -5476 -1583 13403 5894 END
START -6468 -24344 -6612 4899 15083 6114 END
START -6148 -26552 -7364 5403 15375 4837 END
START -5828 -30948 -5012 -75 16740 2916 END
START -7432 -32768 -2432 -5203 18158 -1641 END
START -9944 -32768 1968 -4901 17539 -7523 END
START -9376 -32768 4780 -4462 15179 -12940 END
START -9420 -32768 6780 -7303 13434 -17829 END
START -8912 -30392 7404 -9623 12047 -21321 END
START -7944 -25508 6884 -9203 10166 -23944 END
START -7016 -19784 7068 -8597 9491 -25131 END
START -5580 -15628 7820 -10183 7238 -24538 END
START -4764 -13592 7712 -9234 3630 -23603 END
START -3204 -10396 5736 -8495 1161 -21871 END
START -2384 -8316 4400 -7984 -316 -20244 END
START -1196 -6548 2696 -6418 -1141 -18967 END
START -160 -5204 1892 -4897 -1341 -17736 END
START -152 -3084 2064 -4487 -2152 -16203 END
START 1440 -1496 660 -5406 -4221 -13145 END
START 2448 -568 -400 -4176 -4752 -10852 END
START 2712 980 -1040 -1912 -4897 -8123 END
START 2592 1512 -672 -392 -5424 -5711 END
START 2560 972 -976 500 -6970 -2832 END
START 2396 840 -2312 1924 -7526 -36 END
START 2652 128 -3372 1443 -8021 2418 END
START 1840 132 -3920 2180 -7393 5098 END
START 384 -1876 -2188 5415 -6561 7187 END
START -1180 -2512 -1408 9026 -6979 9699 END
START -1624 -3760 -2836 9767 -7277 12493 END
START -1220 -5012 -5272 9081 -5767 15048 END
START -2360 -7752 -6372 9854 -4417 17108 END
START -3680 -10488 -6528 15995 -1915 19361 END
START -4772 -12632 -5780 22728 2054 21029 END
START -4896 -13976 -5416 20691 5326 22910 END
START -4568 -17888 -4600 18657 8907 25371 END
START -4716 -24884 -2500 21207 11545 25853 END
START -4428 -27920 632 22380 13935 24752 END
START -4016 -32768 4464 10955 11077 23692 END
START -3648 -32768 1820 1324 6835 21372 END
START -3552 -32768 368 -320 5811 15170 END
START -2852 -32768 396 -837 4235 7721 END
START -1232 -32768 660 -3003 2275 -430 END
START -284 -32768 -508 -5644 1784 -8043 END
START -132 -32768 -88 -8529 1871 -13787 END
START -2020 -32360 3476 -8031 2146 -18348 END
START -3204 -28892 7640 -6325 -578 -21085 END
START -3672 -24480 9740 -6182 -4519 -22889 END
START -3752 -20380 9012 -7956 -7195 -23848 END
START -3924 -16728 7692 -10466 -8875 -23784 END
START -3364 -14880 7264 -10655 -10656 -23077 END
START -3272 -12124 6288 -5565 -11524 -22351 END
START -2356 -8224 3840 -4609 -13058 -20434 END
START -1064 -6332 1300 -7452 -12549 -18020 END
START -744 -5548 652 -7154 -12353 -15691 END
START -352 -4808 -1804 -4019 -13178 -12769 END
START 260 -4120 -4568 -1105 -12766 -10176 END
START 4 -3216 -7496 -1265 -10483 -7140 END
START -108 -5124 -9212 -3221 -8409 -4684 END
START -100 -6400 -10332 144 -6367 -3017 END
START -364 -7108 -13452 1062 -4766 -942 END
START -560 -9060 -17708 -198 -879 724 END
START -492 -11072 -20384 -1648 4308 1689 END
START -728 -12256 -21056 -1863 8691 2085 END
START -1240 -12836 -21704 661 12390 2936 END
START -1336 -13220 -21492 2373 15777 4203 END
START -2312 -13536 -20260 3489 20826 5120 END
START -2180 -11888 -19760 1836 26137 6501 END
START -1524 -12184 -17264 -1691 29904 8934 END
START -2628 -15680 -12096 1517 32293 9492 END
START -4564 -19512 -3996 3687 32767 8362 END
START -5164 -23784 6380 -4302 32767 5238 END
START -3400 -26960 19908 -1319 30031 1433 END
START -160 -24588 30716 3425 22590 -1873 END
START 4700 -18676 32767 1918 10506 -4106 END
START 7484 -12920 28512 -2709 -1343 -3059 END