START 1132 -14348 -4564 -341 2138 4888 END
START 284 -15760 -6056 2578 4690 5193 END
START -548 -16456 -7544 -1246 5556 5870 END
START -1612 -19812 -10816 -2647 8480 4503 END
START -700 -21308 -10236 -1316 11394 2747 END
START 648 -21296 -5940 2676 13214 2195 END
START 588 -21240 620 2074 13406 2132 END
START 172 -22528 7496 -637 11896 1772 END
START -768 -22212 10928 -2720 10016 -432 END
START -276 -21712 11508 -5074 8025 -2770 END
START 860 -19200 11020 -4881 4654 -3462 END
START 1032 -16976 8780 -5452 2105 -4770 END
START 1304 -14812 6992 -5080 631 -5247 END
START 896 -12000 5620 -3906 -677 -4793 END
START 636 -10496 4812 -2761 -1737 -3681 END
START 648 -9644 3368 -1157 -2199 -1950 END
START 528 -8996 2256 660 -1502 -1405 END
START 508 -8616 1956 1441 -2307 -346 END
START 648 -8756 684 2782 -1813 1841 END
START 156 -8876 624 2715 -1731 2878 END
START -520 -9020 560 2494 -1728 3685 END
START -1164 -9816 1240 4810 -1325 3652 END
START -2528 -4500 856 3201 -1139 8042 END
START -3168 -8024 1184 1409 -2047 12291 END
START -4748 -9312 -884 769 -4880 14821 END
START -6908 -9304 -6020 -130 -4563 15170 END
START -8208 -9224 -12212 -10693 1036 21460 END
START -8584 -12656 -14428 -13730 5268 22119 END
START -9332 -13560 -18536 -12881 10046 23526 END
START -12644 -14596 -20484 -10478 17073 26599 END
START -15848 -19776 -15648 -4623 23055 28227 END
START -18392 -25900 -9932 3573 27126 28249 END
START -19612 -27980 -3352 4944 30250 25378 END