START 1672 -10804 -2140 2711 3183 4176 END
START 984 -9864 -4832 5062 5012 6556 END
START -584 -11212 -4352 4726 7146 8303 END
START -2404 -13236 -5600 2935 8362 9701 END
START -1420 -18976 -4760 2987 9905 10349 END
START 28 -23764 -3824 2186 12182 10220 END
START 1112 -28976 -224 -1289 12616 8459 END
START 1456 -32768 4308 -2466 11012 6217 END
START 944 -32768 7496 -4583 9085 2426 END
START -536 -32768 8944 -8971 8303 -3134 END
START -1892 -32164 10484 -8767 6912 -8681 END
START -2560 -26240 10904 -7306 3441 -11819 END
START -2224 -19260 9728 -8026 -179 -12942 END
START -1936 -15364 6580 -9346 -1743 -13445 END
START -1568 -11928 3536 -7560 69 -13498 END
START -1836 -8744 2872 -5960 399 -12747 END
START -788 -6712 2392 -3994 -546 -10341 END
START -76 -5644 1796 -1251 -1047 -7352 END
START 548 -5260 1780 56 -356 -5957 END
START 324 -4884 2264 210 -306 -4344 END
START 684 -5276 2228 1907 -1352 -2083 END
START 1260 -5452 2336 3338 -2314 446 END
START 1760 -6200 2072 3495 -2375 2926 END
START 2604 -7000 516 2684 -1676 4707 END
START 2560 -8640 -1036 3132 -1386 6380 END
START 1436 -10136 -1812 3705 -164 7633 END
START 192 -10992 -1440 3491 76 8293 END
START -880 -10740 -972 5095 538 10415 END
START -1980 -11512 -64 4077 163 12058 END
START -3116 -12364 -2296 1270 -1602 13296 END
START -3752 -13256 -7416 -2058 -813 15709 END
START -3832 -14560 -12208 -7380 3397 16474 END
START -3768 -18744 -16556 -11285 5827 16229 END
START -3524 -22748 -21388 -6160 9007 18248 END
START -3964 -20572 -28484 -8826 17885 22785 END
START -7872 -28328 -26668 -4962 30088 20528 END
START -11568 -31144 -19596 2158 32767 16802 END
START -15444 -32120 -11876 13183 32767 11467 END