START -1000 -15760 -6992 -1386 6672 4065 END
START -1928 -18368 -7568 -713 7474 4560 END
START -1828 -19792 -8596 -95 7917 5077 END
START -1368 -20632 -9448 -454 11517 4458 END
START -1720 -20860 -6412 766 14043 3356 END
START -732 -21636 -3100 1468 13835 3249 END
START -412 -21692 320 -3453 13676 2609 END
START -612 -24956 3376 -6516 13145 1357 END
START -152 -25080 6600 -1681 12459 122 END
START 384 -23868 9940 -1377 10104 -1749 END
START 64 -22184 11372 -4263 7245 -4543 END
START 196 -18288 10500 -5811 4740 -7072 END
START 816 -14716 8924 -4481 2490 -7792 END
START 1344 -10248 7020 -1787 -241 -6524 END
START 1476 -8548 4404 -2024 -1143 -5736 END
START 1376 -6496 2776 -3149 -565 -4667 END
START 1424 -6044 2092 -3153 -711 -3067 END
START 1180 -5576 648 -223 -1151 -211 END
START 944 -5932 -452 3187 -1145 1927 END
START 728 -5692 -1708 2983 -283 3842 END
START -204 -7160 -1948 2237 403 5541 END
START -1432 -8652 -1876 4006 -347 6929 END
START -3168 -8280 -3736 5157 6 10742 END
START -4344 -9720 -4564 3636 -393 11888 END
START -4048 -12284 -7220 -1818 -1259 10892 END
START -5332 -10544 -12448 -7929 125 10941 END
START -5772 -9448 -19216 -15571 4061 18261 END
START -6476 -13544 -22432 -13711 11380 25173 END
START -8884 -15604 -23468 -7244 17473 29764 END
START -11164 -22624 -27632 -5054 23519 30963 END
START -13856 -27452 -26152 -1278 32767 29657 END
START -15076 -31800 -19912 -363 32767 26923 END