START -3636 -5840 -8620 870 32 1614 END
START -492 -6576 -9880 -805 2582 4267 END
START -644 -9728 -13992 326 5837 7458 END
START -2960 -14292 -14224 3342 10482 8182 END
START -5592 -18312 -9484 529 13699 8972 END
START -5864 -20376 -4244 -5202 14817 9279 END
START -6132 -26296 -216 -4183 13500 9775 END
START -3492 -28220 1532 -1987 14004 8808 END
START -2340 -31424 5052 -5132 12103 6493 END
START -1212 -32768 6184 -7929 10551 2204 END
START -28 -32448 6308 -8011 8316 -967 END
START -84 -30152 6508 -9076 7434 -5096 END
START -1028 -27040 6824 -8287 7293 -9695 END
START -876 -22532 6256 -8901 5548 -12348 END
START -1156 -17852 4752 -7894 4494 -13037 END
START -576 -14680 4560 -7695 2998 -12712 END
START -1132 -12176 4472 -4520 812 -11158 END
START -1632 -10724 3048 -2914 -277 -10452 END
START -1864 -8500 3240 -5273 -1202 -10061 END
START -972 -7776 1944 -4045 -841 -8857 END
START -896 -6360 2328 -611 -1773 -7030 END
START -764 -3388 2060 1087 -3281 -4530 END
START -280 -3076 1084 -301 -3884 -2397 END
START -780 -3984 1072 -428 -4147 -31 END
START -2160 -5008 840 4359 -5009 2514 END
START -1356 -4544 -860 5484 -6222 5301 END
START -68 -5680 -4060 3906 -5772 8457 END
START -520 -7048 -7100 4014 -2888 10147 END
START -2504 -7156 -6876 3913 -1140 12095 END
START -3444 -9544 -7876 6287 -1691 14578 END
START -4920 -8916 -13316 4709 353 17874 END
START -4968 -12424 -19280 -1984 7881 20387 END
START -5688 -13232 -20492 -6941 14690 20493 END
START -5308 -13516 -25044 -10305 17930 22004 END
START -7360 -17832 -27512 -9016 24216 23817 END
START -8844 -21016 -25140 1463 32767 22704 END
START -12300 -31892 -14508 7230 32767 22454 END