START -6040 -18248 16 4413 7534 849 END
START -5924 -18932 -1232 2993 8765 318 END
START -7208 -21552 -992 1229 9909 25 END
START -6284 -26636 -2672 1686 8943 -1090 END
START -5224 -30408 -3208 4024 9218 -3328 END
START -4228 -32768 -3216 3079 11585 -8153 END
START -5496 -32572 -656 -5012 12815 -12065 END
START -6380 -32768 2464 -14687 11448 -14366 END
START -7400 -32768 5044 -13308 9826 -16989 END
START -8712 -31060 6380 -8670 9739 -19815 END
START -9408 -27172 8140 -7174 11358 -24780 END
START -8316 -23240 10412 -10353 10073 -26827 END
START -7008 -17352 11896 -12195 8540 -27749 END
START -6500 -14556 11504 -12870 4038 -25481 END
START -5672 -11020 9660 -11147 969 -24111 END
START -3540 -8420 7320 -8702 -1283 -21988 END
START -2556 -4256 5400 -7673 -2689 -20247 END
START -1456 -1664 3128 -10146 -4665 -16790 END
START -68 -480 1052 -9874 -4249 -14037 END
START 436 1228 -100 -7489 -4165 -10491 END
START 1192 1144 -1508 -5090 -4047 -7743 END
START 876 1328 -1488 -2900 -4209 -5139 END
START 348 1728 -1428 -924 -4799 -1550 END
START 784 1452 -1348 729 -5200 1495 END
START 500 352 -1160 2465 -5576 4098 END
START -188 -252 -1768 5639 -6126 7362 END
START -268 -2292 -2552 7760 -5728 10955 END
START -1320 -4512 -2364 7408 -4759 12980 END
START -3168 -5704 -892 7267 -4178 14749 END
START -3528 -8412 -676 9964 -4825 17074 END
START -2496 -9832 -1464 13523 -3927 19612 END
START -3296 -11300 -1724 11577 -2851 22539 END
START -4904 -15800 -1032 13333 -1666 23964 END
START -6300 -18864 -2016 17771 -627 24570 END
START -6600 -19092 -2232 16831 2609 24668 END
START -7284 -21272 -2540 11759 5580 25382 END
START -7908 -25832 -2824 8626 7033 24673 END
START -9004 -31216 -3236 13308 8014 22615 END
START -7744 -32768 -516 20839 9328 19589 END
START -6008 -32768 1172 13554 9107 16111 END
START -4108 -32768 904 -215 7140 11990 END
START -3836 -32768 500 -3470 5729 5698 END
START -2584 -32768 456 -593 4226 -1483 END
START -1500 -32768 1032 -2214 3918 -7522 END
START -2048 -32768 3164 -5606 3795 -13375 END
START -3212 -30912 5388 -7851 3097 -18012 END
START -4400 -27568 7920 -8042 1319 -21714 END
START -5796 -23896 9764 -6553 -1477 -23827 END
START -6212 -20644 10760 -7191 -3973 -25189 END
START -6180 -17660 10080 -9044 -6331 -25539 END
START -6120 -14236 9268 -8007 -8079 -25774 END
START -6084 -11184 8064 -5822 -10082 -24309 END
START -5264 -10428 8020 -3023 -12162 -22190 END
START -4332 -7492 6284 -1403 -14019 -20106 END
START -3104 -5816 3692 -3054 -15940 -17146 END
START -2596 -4904 -128 -2892 -16887 -14238 END
START -2148 -4072 -2908 -954 -15851 -10723 END
START -1620 -4240 -6352 2861 -14909 -7629 END
START -1084 -3544 -10456 2834 -12572 -3534 END
START -1488 -6164 -12712 1577 -8707 -738 END
START -2108 -8836 -14800 2473 -4119 1153 END
START -2524 -11596 -15968 3724 -1126 3205 END
START -2412 -14204 -20544 4237 4499 4363 END
START -3080 -16440 -22468 1069 10651 3943 END
START -3468 -18316 -22104 420 18478 3196 END
START -3800 -17216 -18664 1025 24315 3289 END
START -3204 -16804 -15044 -64 28353 4112 END
START -3140 -17284 -9680 -367 32036 4774 END
START -1764 -18308 -2112 459 32767 5043 END
START -1044 -20304 6472 -4687 32767 5160 END
START -2532 -24748 17484 -7913 32767 3162 END