START -6928 -27092 -6132 3122 9486 -438 END
START -7324 -22448 -6724 3926 10728 2513 END
START -7264 -24204 -7532 4120 11597 2253 END
START -7268 -25344 -9020 1983 15521 -12 END
START -8468 -27036 -6780 3486 18861 -2390 END
START -7732 -28836 -4068 3576 19230 -5397 END
START -7504 -29880 -2584 -726 20206 -7216 END
START -8856 -32376 1224 -6266 20334 -9517 END
START -8944 -32768 5308 -6160 18937 -13107 END
START -8884 -32504 7880 -5047 16214 -16794 END
START -8632 -29744 8964 -6877 14466 -20038 END
START -7488 -26768 9568 -9980 12601 -22559 END
START -6740 -24236 9760 -10438 10184 -24301 END
START -5776 -20300 9040 -9319 8283 -25360 END
START -4256 -16348 8544 -8739 6167 -25323 END
START -2740 -13244 7328 -8846 4297 -24492 END
START -2144 -10640 7168 -8677 2656 -23557 END
START -724 -7796 5856 -9023 318 -21062 END
START 1184 -6080 4132 -8487 -1240 -19175 END
START 2116 -4052 2856 -8138 -1966 -16724 END
START 3076 -2848 1912 -7596 -2450 -14912 END
START 3064 -1496 724 -8502 -3532 -12585 END
START 3632 -1072 -100 -7312 -3383 -10122 END
START 4304 -132 -208 -4426 -3827 -8313 END
START 3928 1424 -72 -2718 -5506 -5394 END
START 3248 1732 -1032 -1587 -6635 -2163 END
START 3644 2036 -2144 -2781 -7393 350 END
START 3868 988 -2268 -1613 -8186 1765 END
START 3100 356 -2676 2746 -9079 3654 END
START 1844 524 -3448 4493 -8873 6161 END
START 1188 -2660 -3280 4967 -8295 8109 END
START 628 -3204 -2984 5936 -8640 9651 END
START -876 -4040 -3396 7498 -8321 11793 END
START -1788 -3600 -3608 8877 -6791 13835 END
START -2464 -2928 -2400 8731 -5037 16588 END
START -2044 -5208 -1836 10734 -5108 20152 END
START -3640 -8132 -3012 15363 -5646 23851 END
START -5924 -12420 -5528 17473 -4004 26307 END
START -8688 -16256 -6848 20000 212 28020 END
START -9168 -19492 -6352 18397 4231 29338 END
START -10680 -22976 -4384 16691 7678 30006 END
START -12196 -29236 -5236 15029 8416 29824 END
START -12204 -32768 -4064 16084 10427 27090 END
START -11224 -32768 1020 22308 12216 22297 END
START -8032 -32768 3848 15212 9898 16777 END
START -4672 -32768 1988 -1982 7130 11539 END
START -3236 -32768 2288 -5930 5003 4615 END
START -2380 -32768 1404 -1197 1738 -4001 END
START -2572 -32768 40 -2311 1578 -11657 END
START -3532 -32768 2084 -8155 3202 -18078 END
START -5284 -32768 6568 -9773 2877 -23555 END
START -6900 -31088 10612 -6805 -110 -27507 END
START -7120 -24612 10512 -7677 -5244 -29970 END
START -6808 -20284 8796 -11151 -7208 -30791 END
START -6232 -16436 8056 -13003 -8533 -31067 END
START -5804 -12360 7228 -10737 -10032 -30303 END
START -5096 -8804 6600 -6846 -12161 -27927 END
START -3692 -4920 4544 -7627 -15080 -24641 END
START -2948 -3052 1996 -9892 -15892 -21050 END
START -2216 -2288 -1332 -9153 -15536 -18094 END
START -1948 -1340 -4796 -7507 -15010 -14216 END
START -1592 -1700 -6872 -4119 -14982 -10665 END
START -1464 -2176 -10032 -591 -12932 -7300 END
START -1064 -3604 -12692 200 -8934 -4734 END
START -1632 -5664 -14008 85 -5566 -3077 END
START -1712 -7716 -17360 605 -2558 -1571 END
START -864 -9020 -20668 816 2328 -160 END
START -396 -10092 -23232 85 8673 570 END
START -768 -10568 -24824 -1260 14790 1030 END
START -1224 -11232 -26912 -2157 21534 2201 END
START -2492 -10940 -26572 -14 28662 3804 END
START -3220 -10916 -22152 4586 32767 4761 END
START -2684 -7872 -19232 7379 32767 7304 END
START -1132 -5056 -11384 -457 32767 9969 END
START -2336 -11832 4584 -4376 32767 11714 END
START -4076 -19328 21240 2915 32767 11541 END
START -6588 -24588 32228 648 30609 9912 END
START -6008 -29044 32767 -2674 13033 7113 END
START -568 -26220 27124 -4347 2962 1250 END