START 4812 -16804 -13712 4906 7004 1856 END
START 2460 -13052 -17244 6823 9797 4693 END
START 3096 -14596 -15600 4831 12950 5547 END
START 3052 -17172 -11880 -992 14962 5910 END
START 3512 -19936 -6160 -1946 15287 5801 END
START 3104 -22716 1576 2760 14279 5959 END
START 3040 -24564 8616 2638 12829 4444 END
START 3176 -25348 12252 -3435 10917 716 END
START 3684 -22744 14076 -5741 7937 -2593 END
START 4060 -18708 13000 -3250 3911 -3743 END
START 4660 -15024 8828 -2034 157 -4137 END
START 4488 -13012 4876 -1929 -1485 -4099 END
START 4104 -11136 1592 -2174 -1806 -3096 END
START 4316 -11648 276 -1982 -1898 -2566 END
START 3700 -11780 140 1191 -2579 -1828 END
START 3952 -12044 -872 1732 -2449 -867 END
START 3404 -12116 168 1333 -1751 -671 END
START 2992 -11948 2056 731 -2616 -323 END
START 3052 -11016 3740 1796 -4118 435 END
START 2424 -9848 4676 1847 -6039 1641 END
START 1752 -10420 3164 186 -7831 2833 END
START 1140 -9040 1152 -804 -8027 3521 END
START 304 -7328 180 -1866 -6933 4524 END
START -836 -6384 396 -2738 -6910 7019 END
START -1544 -6488 436 -476 -8155 9275 END
START -1744 -6820 -2724 238 -11170 11883 END
START -3024 -8720 -7868 2474 -10921 13927 END
START -3684 -10728 -13636 1541 -7743 17720 END
START -5832 -13712 -15696 1671 -4374 18559 END
START -6072 -16376 -19920 3044 -1252 19778 END
START -5912 -16896 -26104 4123 6325 21009 END
START -7060 -15608 -26832 -855 16244 22188 END