START -1212 -18544 -348 4038 4551 1567 END
START -1744 -18144 -5452 3860 6944 7205 END
START -1724 -22928 -8204 6480 9701 6952 END
START -2560 -26908 -9244 5586 12025 6046 END
START -3888 -32768 -7652 1131 13629 3776 END
START -4964 -32768 -4904 -1888 14298 -98 END
START -6584 -32768 -444 -2889 14925 -4894 END
START -7676 -32768 2868 -7024 13254 -10173 END
START -7184 -32768 4672 -8062 12348 -15078 END
START -7488 -31972 7036 -6617 11062 -18726 END
START -6980 -26804 7692 -7567 8799 -21554 END
START -5552 -21684 8400 -9994 7061 -22976 END
START -5140 -17364 9424 -9311 5715 -23089 END
START -4460 -14116 8732 -9401 3259 -22343 END
START -2432 -11296 6488 -9544 783 -21362 END
START -748 -7996 4568 -8820 -76 -19563 END
START 864 -5940 4108 -9234 -1013 -17496 END
START 656 -4596 4272 -8785 -2241 -14964 END
START 1248 -4028 3624 -9238 -4609 -12525 END
START 1816 -4372 2824 -7187 -5878 -10685 END
START 1948 -2864 940 -6416 -6215 -8681 END
START 2456 -3040 -876 -5710 -5376 -7618 END
START 2480 -1784 -1068 -5091 -6238 -5980 END
START 2776 -988 -2164 -2756 -7142 -3931 END
START 2528 88 -3164 91 -6971 -2093 END
START 2616 -444 -3220 2141 -6625 -57 END
START 2400 -148 -3436 3608 -6666 1821 END
START 2052 -176 -3784 3253 -6969 4723 END
START 1424 -1276 -4544 3043 -6975 7617 END
START -132 -3964 -4300 6779 -6211 8947 END
START -1444 -6172 -4976 12721 -5696 10767 END
START -1128 -7416 -6200 16317 -4138 12435 END
START -1952 -8264 -6284 14046 -1933 14495 END
START -3512 -11472 -6272 10834 561 16403 END
START -4724 -16344 -4472 14440 2434 16709 END
START -2984 -16348 -2764 22132 4211 17238 END
START -3616 -15564 -1620 20771 4530 19894 END
START -3584 -19876 -2804 15633 5528 21771 END
START -3768 -23100 -3416 12107 8468 21906 END
START -3736 -27512 -904 13468 9123 21735 END
START -3348 -32768 -1716 14981 7506 20107 END
START -2980 -32768 -3804 10618 9146 17051 END
START -2088 -32768 -3400 244 10068 14075 END
START -1552 -32768 -2368 -3195 9086 10664 END
START -2088 -32768 -2412 -2924 8467 5936 END
START -3784 -32768 1500 -5186 9773 -391 END
START -5048 -32768 7884 -9760 8898 -7677 END
START -4476 -32768 12352 -11308 5614 -14670 END
START -4060 -31744 12644 -10992 1688 -19012 END
START -4788 -26380 12404 -10640 -1652 -21745 END
START -4780 -22648 12228 -9923 -4607 -24353 END
START -4976 -18092 11240 -8806 -7700 -25374 END
START -4744 -14144 9524 -8046 -10877 -24798 END
START -4428 -11720 7740 -5390 -13423 -23825 END
START -3832 -8612 5140 -2784 -13829 -22726 END
START -3316 -5704 4124 -4116 -15483 -20158 END
START -2424 -5132 756 -5124 -16745 -17560 END
START -1528 -4528 -2620 -3038 -16668 -14920 END
START -416 -4316 -5392 2189 -15846 -11636 END
START -452 -4216 -9216 4782 -14514 -8231 END
START 264 -6388 -12940 3109 -11590 -5912 END
START 964 -8320 -16368 -1455 -8199 -3776 END
START 316 -9788 -19496 -3811 -4288 -2444 END
START -956 -11040 -22260 -2364 1010 -1236 END
START -1088 -11556 -22096 445 6348 348 END
START -1228 -10464 -22172 -57 10661 1739 END
START -1456 -10820 -23240 328 16309 2859 END
START -1808 -9940 -23072 595 21738 4737 END
START -3152 -10084 -23816 -45 27500 6288 END
START -4092 -9836 -22420 1066 32767 9147 END
START -3884 -13776 -16188 4724 32767 10139 END
START -6176 -17612 -4636 13748 32767 9647 END
START -8812 -18848 9816 12592 32767 6576 END
START -10116 -23248 25888 -3374 32767 2060 END