START -9640 -9680 -3868 2157 8065 -982 END
START -4568 -19736 -2356 3888 10423 4185 END
START -5112 -23344 -3556 -161 12761 3050 END
START -5708 -26752 -1844 -2357 15599 829 END
START -5732 -29896 1508 -754 16191 -1759 END
START -5932 -32168 3844 -542 13661 -4457 END
START -5552 -32488 5592 -3112 9788 -6854 END
START -6560 -32768 5728 -7572 9151 -10696 END
START -7340 -32768 6300 -10850 10487 -15524 END
START -8168 -30676 7336 -10646 10166 -19527 END
START -7244 -27488 8452 -10640 8636 -21928 END
START -6932 -23488 9628 -10039 6959 -23698 END
START -6372 -20500 8968 -8084 5036 -24416 END
START -5096 -16172 8956 -7051 3238 -24652 END
START -3516 -12684 7920 -8526 1339 -23338 END
START -2192 -11556 7508 -7715 -170 -22709 END
START -1380 -8348 6524 -4529 -2431 -21523 END
START 576 -6420 3816 -5722 -5395 -17765 END
START 876 -6924 2596 -3626 -4713 -16648 END
START 1160 -4336 2164 -2892 -4413 -14890 END
START 1280 -3656 2172 -4542 -6327 -13083 END
START 1960 -2392 860 -4231 -7141 -9970 END
START 2200 -1560 -196 -2291 -6141 -8183 END
START 2520 56 -356 -1206 -5714 -5849 END
START 1836 772 -488 -1858 -6779 -2574 END
START 2088 -720 -1324 -1588 -7362 108 END
START 1812 -744 -1804 1538 -7171 1797 END
START 2312 -1324 -2772 3136 -7070 4179 END
START 1296 -1384 -1928 5655 -7018 6321 END
START 1196 -2832 -2388 7463 -6708 9171 END
START 92 -4684 -2456 8917 -5260 11538 END
START 172 -6332 -2028 11801 -3949 13356 END
START -116 -7932 -2016 14142 -2614 15223 END
START -676 -8976 -1752 12493 -1174 17946 END
START -1556 -13308 -928 12919 -337 19591 END
START -2624 -15124 4 19322 1403 20922 END
START -3408 -15616 396 22947 4113 22203 END
START -4244 -18280 -1604 17017 6053 24821 END
START -5244 -24180 -3356 9254 7968 24166 END
START -6860 -28028 -3088 12650 11240 22516 END
START -7256 -28024 -844 15568 14840 20686 END
START -5924 -30840 4760 17229 17120 19393 END
START -4472 -32768 5740 3748 12461 17010 END
START -4552 -32768 4020 -3628 10237 12580 END
START -3996 -32768 4788 383 9261 7107 END
START -2176 -32768 6376 3058 7314 670 END
START -540 -32768 6164 -108 5594 -6158 END
START -512 -31984 5992 -6942 5006 -11302 END
START -584 -30280 7644 -11627 4419 -15063 END
START -2900 -28992 11232 -6718 1951 -18908 END
START -3156 -24896 11580 -2833 -2516 -20920 END
START -3344 -21192 10492 -5898 -5544 -22288 END
START -3400 -18952 9956 -9979 -6985 -23271 END
START -3920 -16324 9740 -9036 -8570 -23363 END
START -3156 -12928 8496 -7478 -11067 -22909 END
START -2456 -10216 6696 -7278 -12509 -20726 END
START -2064 -9132 5104 -8263 -13720 -18466 END
START -1660 -7652 3564 -5198 -14445 -16359 END
START -996 -6320 1416 -2621 -16095 -13360 END
START -648 -5324 -1952 -1171 -15774 -10047 END
START -356 -5404 -3852 -2956 -14529 -7211 END
START -20 -6652 -6584 -2582 -13080 -4888 END
START -288 -7820 -9512 -1693 -11236 -2737 END
START -528 -9404 -13092 -1691 -7642 -623 END
START -808 -11464 -15352 -350 -2546 148 END
START -1016 -13336 -17080 1063 2271 383 END
START -880 -14708 -19324 340 7039 1189 END
START -1072 -16840 -20920 -475 12687 1107 END
START -1096 -16208 -20456 -82 19665 714 END
START -1608 -14952 -18308 -1401 25100 1117 END
START -1556 -13528 -16032 -3247 29984 2914 END
START -1536 -13440 -12216 -6328 32767 5377 END
START -1332 -16028 -4996 -4016 32767 7289 END
START -1304 -18028 3364 1911 32767 7351 END
START -2620 -20156 12792 1182 32767 6104 END
START -2772 -23236 21600 -3443 28448 3421 END
START -2716 -25612 27660 -3036 19115 -133 END
START -384 -22972 28184 3467 10098 -3464 END