START 1348 -10240 -16392 4816 3086 5677 END
START 2196 -11772 -18636 3387 8737 5897 END
START 744 -13412 -16384 2333 12317 5988 END
START 1312 -14812 -14596 1989 13857 6809 END
START 1232 -15476 -12372 -802 15485 6707 END
START 888 -16900 -10664 -1760 17617 7149 END
START 168 -17136 -5552 2132 18748 7614 END
START 1076 -17808 -1164 -2692 18374 7500 END
START 780 -20132 2976 -5557 17646 7264 END
START 1300 -21504 8736 -1446 16767 6228 END
START 1220 -22544 14276 -98 13585 3907 END
START 2304 -22192 15468 -3157 8789 1260 END
START 4508 -20304 13828 -3051 5353 -1253 END
START 4944 -17388 12624 -1545 2103 -2117 END
START 5988 -16532 9232 -750 -1288 -2159 END
START 5828 -15752 4976 90 -2795 -2852 END
START 5824 -14088 1968 -153 -3190 -2822 END
START 5328 -14240 412 -395 -3662 -2344 END
START 4508 -15204 -48 874 -3841 -1727 END
START 3816 -16100 152 1893 -4480 -1774 END
START 3648 -16324 836 4455 -4485 -2084 END
START 4020 -15184 2288 4741 -4353 -2756 END
START 3640 -14556 4844 2565 -5621 -3152 END
START 3408 -13732 7444 3155 -7664 -3419 END
START 3168 -12096 6332 3958 -11332 -2464 END
START 3856 -11676 2256 1713 -12645 -1667 END
START 2308 -11832 -400 604 -13315 -1006 END
START 1584 -10604 -1760 697 -14123 -22 END
START 308 -9448 -4632 719 -14669 1793 END
START 312 -8540 -7860 -1496 -13829 3313 END
START 376 -8356 -12164 -3436 -12202 5394 END
START -684 -8900 -14472 -2452 -10271 7182 END
START -1736 -8812 -18108 -1426 -7040 9335 END
START -1716 -9620 -19988 -1448 -2841 11669 END
START -2400 -10508 -19932 -971 1003 13450 END
START -3060 -11792 -21280 1289 5939 15466 END
START -4876 -14372 -19812 3095 11614 17425 END