START -7748 -29672 -3428 -221 11525 -342 END
START -9024 -29516 -3524 -77 12461 -3905 END
START -8700 -29188 -3356 800 14690 -6640 END
START -8412 -28688 -1352 -1689 15919 -9419 END
START -8452 -29720 1084 -3048 15726 -12659 END
START -8640 -28120 3072 -4327 14642 -14314 END
START -7896 -28320 5636 -6828 14219 -15593 END
START -8808 -28400 8140 -9176 12690 -17673 END
START -8496 -27076 8948 -9703 11560 -20237 END
START -8364 -23588 10968 -8943 10663 -22540 END
START -7124 -17568 12840 -8082 9348 -23145 END
START -6004 -17212 12224 -8792 4186 -23067 END
START -5124 -13272 10668 -9152 1905 -22360 END
START -3132 -11672 8908 -9713 143 -21539 END
START -2244 -9004 6776 -6741 -1722 -20609 END
START -484 -6680 4340 -7962 -2709 -18116 END
START 436 -4784 4288 -9961 -2480 -16693 END
START 868 -3656 4224 -8246 -4186 -13923 END
START 1704 -2472 2748 -5513 -6577 -11131 END
START 2000 -1100 1328 -3302 -7494 -8355 END
START 2212 -200 276 -3304 -7734 -5189 END
START 1628 -524 632 -2194 -8049 -2961 END
START 900 -900 -812 -1503 -9898 370 END
START 760 -2284 -1464 1849 -10197 1521 END
START 248 -2616 -2916 4737 -9976 3424 END
START 316 -3476 -3284 4723 -8469 4972 END
START -360 -3476 -3488 3882 -7514 7426 END
START -756 -6240 -3720 3140 -7123 9431 END
START -1848 -7260 -3392 7824 -6236 10184 END
START -2448 -6876 -3412 11665 -5559 12596 END
START -2948 -8056 -3436 13461 -3621 14926 END
START -3852 -10816 -3996 13343 -2200 16830 END
START -5168 -12812 -3200 21254 21 17233 END
START -5772 -13300 -3704 27612 3830 19074 END
START -5508 -15236 -1136 26752 7361 20401 END
START -6608 -18580 544 24541 8727 21732 END
START -7436 -22848 580 22113 9808 21889 END
START -8568 -25852 -1280 18973 14227 21117 END
START -8460 -30200 2560 15343 19013 18485 END
START -7692 -32704 9040 13240 18146 15847 END
START -6508 -32768 10076 6717 14561 14182 END
START -6172 -32768 9272 -1956 13936 8839 END
START -5620 -32768 11244 -7367 11272 1486 END
START -4308 -32768 11120 -7122 6441 -6212 END
START -2724 -32768 10700 -5837 4145 -13132 END
START -2900 -31932 10440 -7849 1872 -17549 END
START -3712 -28980 10336 -13020 -141 -20911 END
START -5244 -25292 11996 -13027 -1933 -24076 END
START -6384 -21284 13104 -11742 -5330 -25322 END
START -6392 -16996 13184 -10208 -8408 -25633 END
START -5552 -13144 12112 -11324 -10514 -24733 END
START -4800 -10828 11236 -14048 -12765 -22921 END
START -4728 -8568 8556 -12798 -13136 -21360 END
START -3868 -7844 5528 -11624 -15190 -19561 END
START -2104 -6176 2816 -7651 -15477 -17616 END
START -1468 -5380 828 -4631 -15066 -14318 END
START -972 -5088 -1084 -3807 -15417 -11247 END
START -776 -6028 -3900 -4053 -14946 -9113 END
START -416 -7592 -6088 -914 -12840 -7192 END
START -560 -7692 -8052 150 -11079 -5164 END
START -656 -9100 -11172 -924 -8827 -3562 END
START -400 -10656 -14648 -1938 -5061 -2293 END
START -948 -11560 -16956 -1851 -146 -1714 END
START -1256 -13444 -18036 106 3409 -743 END
START -744 -14444 -18688 3353 7816 -493 END
START -704 -14460 -18352 2194 12540 72 END
START -1016 -15124 -17480 -895 16660 833 END
START -1576 -15556 -15276 -1701 20414 1386 END
START -1964 -16616 -11292 693 21598 1860 END
START -720 -18212 -7844 8331 21800 2416 END
START 872 -16496 -4492 8247 21571 2396 END
START 1384 -17124 -412 2993 22450 1919 END
START 2720 -16572 4204 -3051 24009 2359 END
START 3776 -17396 11432 -9725 22880 2182 END
START 3368 -19960 19612 -4572 19590 593 END
START 4544 -18964 24204 2882 12989 -2560 END