START 1392 -12796 -5980 4718 6882 7018 END
START -516 -13812 -6976 6741 8097 11107 END
START -1924 -15648 -8488 11134 10969 11320 END
START -364 -18944 -7880 6361 11325 11082 END
START 484 -19816 -6400 2506 14340 7966 END
START 632 -21676 -3088 -3846 15231 6201 END
START 252 -26168 -40 -3471 13516 6575 END
START 688 -29488 3604 -958 13042 5653 END
START 372 -32700 6488 -5009 12633 1046 END
START -952 -32260 9948 -7995 9721 -2863 END
START -1708 -29544 10252 -6247 5617 -7830 END
START -416 -24260 8856 -6236 3534 -11035 END
START -28 -18532 7896 -7262 2316 -12337 END
START 96 -14232 6272 -7225 1029 -12466 END
START 116 -10104 4252 -3290 588 -10459 END
START 292 -7216 2816 -3180 -133 -8762 END
START 500 -5804 1972 -2815 288 -7824 END
START -100 -5024 1644 -2504 -67 -5724 END
START -272 -5580 1664 -201 -1462 -3580 END
START 636 -5032 988 3094 -2286 -784 END
START 520 -6024 680 3752 -2039 1205 END
START 1412 -6700 -44 3450 -1966 3405 END
START 1488 -8640 -700 3916 -2144 5851 END
START 652 -10692 -1056 5471 -2810 7095 END
START -692 -12304 -172 5911 -2704 7517 END
START -1744 -14484 176 5227 -2499 7636 END
START -1728 -13528 -1392 2982 -2589 8718 END
START -1688 -13096 -3332 2259 -2433 9340 END
START -2776 -10316 -5804 349 -3347 11949 END
START -2608 -10844 -10964 -5459 -3643 17029 END
START -2692 -13600 -17124 -7906 -320 19745 END
START -4060 -16664 -22444 -7540 4507 19122 END
START -5164 -11856 -26592 -9531 11487 26464 END
START -6052 -14788 -27332 -12962 20108 30305 END
START -10292 -22724 -26052 -14825 28935 32333 END
START -18020 -32212 -16820 4480 32767 26198 END
START -20356 -32768 -3624 14019 32767 20568 END
START -22020 -32768 10336 2784 32767 13726 END