START -644 -12920 -10924 -1343 4518 -5591 END
START 12 -17100 -8724 537 6711 2118 END
START 420 -17328 -9556 -1732 7062 2676 END
START -864 -17632 -9460 -2418 9337 2491 END
START 128 -18516 -7980 -2029 11365 1714 END
START 1524 -18020 -4680 -3821 12544 2372 END
START 1952 -18284 -408 -4710 12294 2720 END
START 2860 -19100 3160 -2048 12430 3301 END
START 4392 -19332 7520 -1171 12211 3380 END
START 4340 -19396 11948 -5484 10519 1299 END
START 4108 -20312 14492 -6607 7336 -119 END
START 3828 -19356 14204 -4669 3527 -1496 END
START 4880 -16792 11864 -5422 797 -2984 END
START 5032 -14532 9240 -5275 -1085 -3808 END
START 4696 -12840 6516 -2974 -2071 -4069 END
START 4728 -11148 4292 -920 -2371 -3364 END
START 4512 -10776 2700 -859 -2192 -2902 END
START 3748 -10752 2924 595 -2519 -2627 END
START 2160 -10684 3164 3306 -4309 -2142 END
START 3708 -10024 1688 4330 -4501 -71 END
START 3796 -9736 1480 748 -4509 1315 END
START 3580 -10460 832 -431 -4430 2188 END
START 1924 -12100 1300 2978 -5637 3102 END
START 1600 -11592 -260 3867 -7515 4442 END
START 1700 -12488 -1672 3185 -6795 3683 END
START 444 -11232 -3044 2994 -5685 4316 END
START -300 -10320 -5628 403 -5279 8152 END
START -360 -12504 -7064 388 -3835 10260 END
START -2512 -12404 -8384 269 -2713 12002 END
START -3724 -11980 -10480 -2468 -2398 13360 END
START -4272 -14460 -16380 -5250 323 16537 END
START -4736 -13816 -21232 -6143 7011 18470 END
START -5660 -14684 -22720 -9159 13397 19736 END
START -7772 -17596 -20920 -3268 20067 21043 END
START -7988 -18904 -18252 5728 26254 25967 END
START -7596 -21000 -12396 10886 32767 26302 END