START -6204 -20724 -5856 7195 4176 391 END
START -6412 -17428 -7988 11073 6865 4355 END
START -6840 -17660 -11224 5368 11154 4122 END
START -8148 -21956 -11188 -70 15481 3026 END
START -9508 -25200 -8844 3470 17403 1271 END
START -7632 -25928 -8316 7609 18131 -111 END
START -6900 -27964 -6460 3436 19367 -1394 END
START -6252 -31900 -3688 -819 20683 -4041 END
START -7612 -32768 -88 -50 19858 -8238 END
START -7792 -32768 3428 -383 18983 -12367 END
START -7672 -32768 8128 -5406 18854 -16601 END
START -8652 -32644 12804 -10621 16006 -20378 END
START -8044 -28940 14440 -9000 11940 -23273 END
START -6980 -23636 13236 -9068 8134 -24908 END
START -4992 -19784 11052 -10651 4945 -24947 END
START -3836 -16948 8508 -11192 2881 -25087 END
START -3712 -13608 6200 -10473 2342 -24490 END
START -1608 -10120 5212 -8707 2253 -23407 END
START -1024 -7544 4200 -9075 680 -21360 END
START 8 -5960 3280 -7982 -314 -19088 END
START 936 -4556 3000 -3864 -1418 -17198 END
START 1776 -2944 1936 -2984 -3469 -14482 END
START 3376 -2116 528 -4288 -3782 -12061 END
START 3060 -912 412 -6150 -4217 -9778 END
START 2884 -568 260 -5210 -5392 -7569 END
START 2440 260 -832 -2902 -6444 -4834 END
START 2260 1428 -1752 -2100 -6992 -2591 END
START 2876 1444 -2440 -1120 -6652 -366 END
START 2728 1588 -2568 1355 -6920 1674 END
START 2300 1572 -3704 2050 -7431 4465 END
START 1900 376 -4408 2079 -6872 7014 END
START 596 -976 -3536 1649 -6667 9609 END
START -368 -3944 -2520 5439 -7332 11210 END
START -208 -5164 -3500 10406 -7800 12929 END
START -1248 -6136 -6332 9608 -5560 15777 END
START -2744 -9600 -5800 8932 -2231 16830 END
START -4888 -11236 -1712 12417 -889 17439 END
START -4456 -9848 884 19166 -717 20357 END
START -4376 -12300 100 20814 -2048 25215 END
START -6292 -17652 -1124 21665 15 27546 END
START -6268 -20964 636 24628 4722 28797 END
START -4064 -25080 -2108 14453 6388 29887 END
START -5560 -32768 -5268 1296 8811 28125 END
START -7308 -32768 -1580 9494 11564 23092 END
START -4328 -32768 -1772 14424 8907 17604 END
START -2168 -32768 -2316 5116 8071 12300 END
START -1744 -32768 -2692 -5472 5560 5115 END
START -1916 -32768 -4028 -4046 5020 -3330 END
START -1760 -32768 -3004 -5460 5848 -10891 END
START -1880 -32768 588 -7938 6973 -16909 END
START -2796 -30756 5012 -9179 5615 -20995 END
START -4108 -26552 8048 -8399 2016 -22545 END
START -3956 -23596 9164 -6797 -891 -24065 END
START -3892 -20436 9052 -7600 -3667 -25283 END
START -3964 -17212 10044 -7375 -6586 -25792 END
START -3100 -13980 9328 -7405 -10032 -24228 END
START -3268 -12796 8004 -6283 -12485 -23018 END
START -2268 -10008 6172 -7022 -14481 -21149 END
START -2064 -8508 5496 -7187 -15077 -19692 END
START -2104 -6876 3672 -5552 -18236 -17466 END
START -1312 -5244 -188 -220 -19436 -14302 END
START 240 -3808 -4428 -335 -18212 -11479 END
START 948 -3044 -8076 -3235 -15735 -8759 END
START 936 -4176 -10532 -3418 -12670 -6582 END
START -8 -4688 -12624 -673 -10316 -4268 END
START -488 -6988 -14620 3071 -7904 -1967 END
START -1168 -8480 -16252 5981 -4163 -432 END
START -1520 -10076 -19408 2797 203 699 END
START -2476 -12100 -21896 -945 5067 1196 END
START -2852 -12772 -24472 -1893 9885 1764 END
START -4160 -13700 -24236 1430 14875 1670 END
START -4816 -13516 -22956 6904 19528 2166 END
START -4292 -12748 -20912 8971 23856 3577 END
START -3860 -12704 -17748 4684 28404 4707 END
START -2736 -12628 -13084 -2937 31659 5315 END
START -1560 -13276 -6756 -5345 32475 6616 END
START -244 -15728 -384 -1279 31876 9277 END
START -20 -18080 6432 -490 31598 9815 END
START -1204 -22832 15380 -7068 29330 8500 END
START -812 -26760 23828 -10262 24298 5128 END
START 2232 -25900 28552 -4772 16495 940 END
START 5500 -20600 27700 -2403 7558 -2738 END