START 640 -14088 -4632 632 3457 1967 END
START -40 -14404 -5856 -933 5144 3347 END
START -820 -16308 -6584 1164 8166 4683 END
START -1576 -16804 -6296 2764 8951 5531 END
START -712 -18472 -5868 3892 9593 6102 END
START 1320 -20696 -4608 -518 11141 5924 END
START 1740 -24240 -2552 -3684 11856 3706 END
START 2888 -26632 1480 -2597 11678 2859 END
START 2972 -25492 6048 -2485 10082 1436 END
START 1924 -26860 9676 -4565 7464 -1038 END
START 1216 -23688 9664 -6304 7975 -4725 END
START 584 -20188 10504 -7786 5607 -7242 END
START 500 -15616 8544 -2465 2092 -6628 END
START 2020 -11904 6092 -4292 -11 -6271 END
START 1708 -10416 3468 -3716 217 -6645 END
START 1232 -8388 2968 8 838 -6345 END
START 1072 -5960 3004 1465 271 -4084 END
START 944 -6008 3500 1240 -495 -2490 END
START 1488 -5764 4088 925 -857 -1096 END
START 952 -5644 4116 2860 -1813 410 END
START 1280 -7236 3296 4154 -3965 3158 END
START 1816 -7592 1864 5017 -4300 4783 END
START 1164 -9316 1256 3200 -2729 4543 END
START 392 -9544 2312 2679 -1610 4579 END
START -556 -9604 2368 1641 -3369 5225 END
START -500 -11276 408 617 -6098 6941 END
START -1584 -12184 -2584 4472 -5316 7891 END
START -3288 -11776 -4032 3592 -2530 9282 END
START -4496 -13224 -5372 -3519 -3253 13073 END
START -4724 -18196 -9352 -2636 -4298 16135 END
START -5804 -20592 -14688 107 704 16514 END
START -6992 -22508 -16560 -2452 6079 15075 END
START -5852 -25048 -20832 -9748 9072 17620 END
START -5856 -32768 -23764 -4567 15624 16763 END
START -6876 -30668 -20772 3696 23376 14638 END
START -6876 -31056 -13592 -1923 29414 11666 END
START -8448 -30924 -5416 -6861 30884 5553 END
START -8316 -26512 1388 -11034 29026 -303 END
START -8048 -26280 5784 -19158 25321 -1004 END