START 3956 -12848 -13316 544 8806 7094 END
START 1156 -17196 -9656 4633 13464 8098 END
START -2664 -19984 -4620 3298 14871 8335 END
START -3620 -24592 -44 -5573 15110 6666 END
START -2860 -26076 2068 -5187 15093 5487 END
START -420 -26048 4064 -2663 12987 4137 END
START 532 -26468 5980 -2987 10457 2049 END
START 620 -26996 7976 -6217 9949 -1068 END
START 1124 -26888 10276 -6701 7966 -3964 END
START 1420 -24832 10196 -4207 5641 -5802 END
START 2288 -21760 9856 -6557 4219 -7451 END
START 2372 -19180 9048 -5752 2513 -8806 END
START 2096 -15224 7720 -4055 -712 -7610 END
START 2200 -14248 5672 -4556 -724 -7520 END
START 1392 -12716 4732 -5925 -1205 -7959 END
START 1656 -11880 4380 -3629 -2209 -7561 END
START 1084 -9400 3436 -1287 -3396 -5723 END
START 1588 -7352 2528 -974 -1964 -4684 END
START 960 -6716 2728 -1648 -2813 -4030 END
START 912 -5908 1408 -1944 -3746 -2210 END
START 1516 -5048 116 918 -3554 -18 END
START 1300 -5112 -608 1605 -3323 2304 END
START 1080 -5744 -1068 2033 -2228 3924 END
START 508 -6304 -612 3057 -2669 5935 END
START -288 -6960 -1584 4492 -3134 7520 END
START -1680 -5628 -2644 3055 -944 9632 END
START -2780 -7984 -2064 1305 -653 12220 END
START -3536 -10052 -5184 3397 -1986 14263 END
START -5336 -8260 -8556 3595 -1073 14482 END
START -6320 -6996 -11820 -5738 1501 17415 END
START -7096 -10156 -16088 -11610 2911 23552 END
START -8836 -13576 -21328 -7009 6871 26970 END
START -10940 -17300 -21464 -5850 12446 28486 END