START -272 -7964 -18612 2297 5522 3112 END
START -1096 -10332 -18516 -739 9645 4329 END
START -2128 -14332 -19748 -2644 12186 6170 END
START -3048 -15700 -20348 2238 15272 7277 END
START -2808 -15904 -21792 4581 19881 8343 END
START -2888 -15912 -20584 3993 25885 7442 END
START -3588 -16604 -16132 4520 31247 7555 END
START -4004 -16516 -9648 7411 32767 6832 END
START -4228 -16540 -1076 8078 32767 7192 END
START -5472 -21396 12028 -1539 32767 4308 END
START -5996 -27460 23032 -6620 32767 -189 END
START -4944 -28840 30288 -1021 24433 -4664 END