START -4500 -21912 -2916 10691 13100 1299 END
START -5312 -18184 -4004 6876 13523 6272 END
START -5848 -21128 -3476 2238 13453 5779 END
START -6120 -24320 -3608 -1862 12912 6051 END
START -6788 -30804 -4084 -4038 12338 4455 END
START -7680 -32768 -2440 -416 15196 -425 END
START -8716 -32768 1012 -2888 17381 -5238 END
START -8684 -32768 4916 -9028 16046 -9663 END
START -9452 -32768 8032 -8473 13108 -14619 END
START -8412 -30544 9428 -4496 11207 -19026 END
START -7088 -24836 9132 -5546 9219 -21973 END
START -6108 -21328 8864 -8819 6847 -23171 END
START -6256 -18036 8696 -7444 4898 -24004 END
START -4468 -14236 8476 -6737 2224 -24163 END
START -3628 -11284 7440 -6071 -52 -23033 END
START -1864 -9612 5488 -6235 -2382 -21796 END
START -1424 -7668 3836 -5733 -3376 -20375 END
START 212 -5440 2524 -5480 -3604 -18892 END
START 1348 -3372 1164 -5960 -3789 -16294 END
START 2108 -2156 376 -5058 -4154 -14388 END
START 2528 -628 -536 -4323 -4928 -11293 END
START 3248 316 -1340 -4116 -5516 -8131 END
START 2988 936 -888 -2567 -5637 -5667 END
START 2640 1352 -1328 -320 -6225 -2267 END
START 2372 448 -1192 2502 -6802 524 END
START 2092 192 -1408 4262 -7497 2927 END
START 1376 -952 -1908 4383 -7758 6081 END
START 880 -3080 -2536 4411 -7927 9118 END
START 632 -4972 -2776 6921 -7388 10627 END
START 76 -6476 -3424 9320 -6614 13072 END
START -508 -7024 -4716 10063 -4207 15364 END
START -1232 -8208 -3900 8665 -1765 17785 END
START -2672 -9304 -1376 10671 -405 19769 END
START -4024 -12232 -424 15978 -1313 22715 END
START -5256 -15408 -1112 21736 -1212 24511 END
START -5768 -19020 -1132 25160 1789 25153 END
START -6760 -20704 1940 21673 5238 25219 END
START -6356 -25784 3224 11446 3413 26073 END
START -5588 -31724 680 11647 2510 25083 END
START -4940 -32768 -1840 16483 3285 22391 END
START -5436 -32768 -3180 10812 6013 19304 END
START -4612 -32768 -2476 -4364 6808 13110 END
START -4768 -32768 -1532 -5879 6231 5692 END
START -5472 -32768 1956 135 4486 -2345 END
START -4448 -32768 3108 511 3468 -9992 END
START -4384 -32768 4816 -7310 3590 -15439 END
START -5408 -31600 8036 -11373 2376 -19746 END
START -5620 -28012 10592 -10721 -974 -22705 END
START -6036 -22792 11072 -8895 -3839 -24892 END
START -5236 -18524 9956 -10128 -5893 -25559 END
START -4628 -14528 9064 -13536 -7960 -25340 END
START -4756 -12560 8376 -12702 -9822 -24647 END
START -3876 -9520 6644 -8043 -11040 -22832 END