START -940 -8016 -19800 326 -3120 737 END
START -1248 -9832 -23572 -359 4072 1520 END
START -2212 -11512 -25500 -4400 8922 2371 END
START -2228 -13836 -27424 -723 14504 3538 END
START -1980 -13784 -28404 5225 21942 3985 END
START -2900 -14156 -25948 6738 28450 4741 END
START -4680 -16252 -20000 7886 32767 3333 END
START -5584 -17500 -10444 8208 32767 2400 END
START -3856 -16460 -376 2718 32767 1319 END
START -3484 -17800 8408 -10327 32767 1302 END
START -2056 -21268 17516 -7886 30379 1642 END
START 52 -20940 24824 1981 23538 -573 END