START 4860 -16276 -1348 923 -580 128 END
START 4036 -15248 -3552 -3782 243 3097 END
START 2376 -12380 -5504 -6094 3241 3893 END
START 136 -12592 -6000 -7589 5782 4990 END
START -2856 -16180 -3192 -731 6994 6250 END
START -4020 -18168 -4196 4639 6695 8068 END
START -2152 -20308 -4272 5249 7343 7778 END
START 352 -22976 -1052 4197 9058 5787 END
START 940 -24392 4004 3472 10094 2943 END
START 1272 -23864 8924 2116 7580 781 END
START 2412 -23744 10572 -667 5390 -878 END
START 1324 -23368 10832 -4670 2315 -3046 END
START 1276 -20300 8472 -5311 -9 -4360 END
START 1348 -17360 6240 -5880 -1551 -5405 END
START 1308 -14004 3920 -6272 -2594 -5425 END
START 1688 -12168 2312 -5677 -2076 -5390 END
START 1316 -10372 804 -4985 -1022 -4350 END
START 1072 -9968 984 -3169 -748 -3973 END
START 588 -9740 1028 86 -1206 -3494 END
START 636 -7692 1096 2921 -1998 -1345 END
START 1012 -7900 724 1631 -1431 1132 END
START 1200 -8532 196 1396 -1187 2643 END
START 804 -9112 -100 2689 -428 4166 END
START 36 -8968 192 3680 -431 6577 END
START -1156 -9640 532 3048 -1285 7934 END
START -2184 -11536 -1372 2249 -987 7949 END
START -3364 -12104 -2552 3044 -328 7357 END
START -3692 -11044 -4548 2654 1164 9420 END
START -5220 -10640 -3424 263 3447 13212 END
START -4716 -12088 -7632 -2463 4590 13512 END
START -5048 -14612 -12168 -6409 7353 14379 END
START -7376 -17672 -14300 -2305 11416 15402 END
START -9272 -21292 -14832 576 16683 17468 END
START -9384 -22380 -11708 3750 22394 15661 END
START -10352 -22056 -8964 -1669 26629 14760 END
START -13164 -25988 2764 -2305 28210 12106 END