START -464 -20904 -6664 5360 6846 5375 END
START -4000 -22148 -6964 6720 11364 5228 END
START -4736 -25780 -6772 7664 12754 3510 END
START -5404 -28568 -7316 3847 14106 471 END
START -5592 -31100 -5416 -526 16145 -2684 END
START -6372 -32768 -1860 -1020 16081 -6578 END
START -6544 -32768 1160 1880 14527 -9646 END
START -6148 -31600 2852 -2354 13279 -12572 END
START -6548 -31568 5692 -10036 11883 -15656 END
START -6540 -29204 6944 -12186 11003 -19287 END
START -5936 -26472 7432 -12095 9004 -21161 END
START -6740 -22324 7572 -9826 8808 -22849 END
START -4988 -19684 9776 -9619 5629 -23070 END
START -4836 -15960 9624 -7937 3549 -23151 END
START -3624 -12792 8860 -7833 1187 -22123 END
START -1956 -10756 8020 -6709 -791 -21043 END
START -1120 -8096 6368 -6863 -2986 -19241 END
START -132 -6308 4388 -6415 -4325 -17924 END
START 784 -3884 2168 -6056 -4331 -15811 END
START 1520 -2292 1076 -7423 -4374 -13594 END
START 1524 -1784 576 -7145 -5523 -11155 END
START 1536 -1432 -604 -1521 -6577 -8212 END
START 1624 340 -1748 2487 -6629 -5153 END
START 1684 664 -2984 226 -6366 -2296 END
START 1780 300 -2728 -541 -5493 353 END
START 1216 -772 -3088 1476 -6115 3404 END
START 716 -1376 -3872 6161 -6263 5992 END
START 300 -2420 -4724 7761 -6273 9621 END
START 476 -4176 -4576 9815 -4573 12156 END
START -12 -5456 -3488 9595 -2745 14472 END
START -1208 -7412 -2600 7890 -2159 16395 END
START -2880 -9904 -3296 8514 -753 18490 END
START -3988 -11612 -3120 10245 2188 19579 END
START -3476 -11220 -520 9653 3429 21636 END
START -4652 -13016 196 9822 1973 24611 END
START -5964 -16656 -3236 11407 1773 26829 END
START -6916 -21504 -5444 13306 4896 26743 END
START -6316 -25568 -4540 17523 8271 26432 END
START -5668 -29532 -2668 15363 10204 25272 END
START -5332 -32768 -1544 7758 12939 22018 END
START -5472 -32768 1872 2553 12952 17836 END
START -5352 -32768 5040 6265 9293 11250 END
START -3716 -32768 6872 9586 5038 4736 END
START -1020 -32768 6056 748 2358 -1756 END
START -188 -32768 5176 -11185 655 -7560 END
START -1040 -32304 4364 -12499 -826 -12464 END
START -2480 -28788 4624 -8348 -2272 -15752 END
START -3292 -26020 5908 -7087 -3648 -18993 END
START -4028 -23220 7268 -7365 -4924 -21471 END
START -4548 -19676 7912 -8482 -7116 -22587 END
START -4636 -16248 7544 -9034 -9021 -23101 END
START -4404 -14328 7400 -8247 -11549 -22262 END
START -4364 -12836 6484 -4958 -13593 -21333 END
START -4120 -10040 4804 -2270 -15205 -19848 END
START -3408 -7736 2808 -3019 -15812 -17651 END
START -3204 -6720 1616 -5002 -16172 -15310 END
START -3716 -7320 -60 -3331 -16419 -12690 END
START -3412 -6436 -3200 -436 -17303 -9874 END
START -2616 -6272 -7052 17 -16897 -6873 END
START -2176 -6864 -10916 280 -13752 -4230 END
START -2172 -8788 -14300 1009 -8908 -2725 END
START -1988 -9992 -16172 1141 -5276 -1214 END
START -1448 -11120 -18392 2896 -1014 625 END
START -1144 -12224 -21144 2244 4790 2009 END
START -1360 -13696 -23264 473 12230 2743 END
START -2664 -15068 -22460 -1344 18375 3253 END
START -3992 -15164 -21040 615 23677 4545 END
START -5676 -15984 -18260 2752 28911 4872 END
START -6096 -16296 -14056 3903 32722 5176 END
START -5312 -16436 -9216 4397 32767 5573 END
START -4432 -16676 -4028 1265 32767 5419 END
START -4256 -18496 2880 -4500 32767 5467 END
START -4728 -21780 11864 -7109 32767 4214 END
START -4532 -24476 21712 -3685 32767 1936 END
START -3528 -25916 26912 258 24307 -733 END
START -116 -22056 28012 4196 15038 -3998 END