START 4288 -17196 -7372 -605 777 -1657 END
START 2592 -15076 -8360 -1802 4553 3519 END
START 1460 -16416 -8612 -2351 6505 3378 END
START 1876 -16992 -7868 308 7808 4784 END
START 2752 -17844 -6952 683 9801 5359 END
START 2996 -19144 -5328 1485 12364 5854 END
START 3264 -19080 -944 -532 13815 5434 END
START 3296 -21880 3372 -4279 13800 3860 END
START 3460 -22944 8184 -2184 11537 2783 END
START 3512 -22364 11752 -901 8583 880 END
START 3128 -20560 12160 -4133 6053 -1444 END
START 3536 -19060 11440 -9388 3039 -3744 END
START 3740 -16692 9312 -9423 738 -5019 END
START 3736 -13776 6524 -6599 -1398 -4633 END
START 3768 -11460 3788 -4231 -2174 -4112 END
START 3640 -10740 2032 -2494 -1918 -3358 END
START 2432 -9592 804 -1707 -1983 -2610 END
START 2528 -10208 408 -1238 -2352 -1240 END
START 1992 -10564 32 2620 -1965 165 END
START 2196 -10112 -192 4125 -2298 1757 END
START 2236 -9600 -444 4435 -2068 2429 END
START 708 -8832 -320 2987 -2548 4069 END
START -632 -9016 280 2186 -2974 4933 END
START -1816 -8496 -36 1716 -4210 6301 END
START -3088 -8100 -1348 1271 -6711 7912 END
START -5772 -6832 -5052 -636 -9263 12234 END
START -7492 -9164 -10864 -5429 -9803 20024 END
START -8280 -14728 -16152 -4979 -7726 22207 END
START -7796 -17716 -21988 -4117 -3451 22413 END
START -7932 -18472 -28744 -5990 4192 23785 END
START -5972 -21156 -32768 -12526 14987 25409 END
START -7404 -25032 -27320 -8238 25973 25229 END
START -10068 -26704 -17904 6341 32767 26043 END