START -8952 -25152 -7172 5232 14649 -1202 END
START -9848 -25976 -6112 5363 18511 -4016 END
START -8596 -27220 -2736 693 19398 -5608 END
START -8132 -28928 244 -4435 18745 -6932 END
START -8104 -31152 1804 -7187 17420 -8637 END
START -9200 -32324 4224 -5161 15326 -10032 END
START -9432 -32004 7372 -3727 13944 -13770 END
START -10160 -29112 9272 -7726 14405 -17448 END
START -9788 -27784 10880 -12810 13072 -20328 END
START -8420 -23932 10964 -12008 10130 -22867 END
START -8076 -17296 10112 -8706 8423 -23087 END
START -4992 -14784 10260 -10509 4936 -21667 END
START -4820 -12220 7228 -8346 1892 -20722 END
START -4200 -10636 5260 -5058 823 -19746 END
START -3272 -8268 4804 -2581 1243 -19737 END
START -2328 -5516 4108 -7045 -686 -17441 END
START -1360 -5080 4244 -9628 -1333 -15858 END
START -640 -3604 3100 -7144 -3088 -13383 END
START 688 -2760 1844 -4780 -5176 -11506 END
START 400 -1032 812 -3117 -6550 -8905 END
START 852 -584 236 -4164 -6745 -5940 END
START 100 -812 868 -3220 -7063 -4246 END
START 420 -376 -304 -2824 -8597 -1500 END
START 908 -144 -848 -472 -10130 1049 END
START 1576 -868 -3708 310 -10079 3700 END
START 1160 -1964 -4664 970 -8387 5364 END
START 800 -3796 -6188 1415 -7272 7771 END
START -92 -5208 -6684 5817 -5577 9721 END
START -752 -6024 -5360 10630 -3737 11154 END
START -2056 -5208 -3824 9912 -2622 13909 END
START -3804 -8088 -2828 8448 -931 16426 END
START -4996 -8580 -776 12141 964 18419 END
START -5416 -7400 1044 12577 1535 21168 END
START -7372 -8408 1116 8940 801 25823 END
START -10364 -11368 432 10184 1589 28763 END
START -12908 -14324 -232 10975 3093 31490 END
START -13552 -21208 -1116 13326 2873 32767 END
START -14384 -29424 -3164 16117 3743 32767 END
START -14984 -32768 -5124 13277 5510 29892 END
START -13184 -32768 -5620 5445 6684 23776 END
START -11840 -32768 -7756 -368 6342 15766 END
START -10424 -32768 -7336 4105 6901 4901 END
START -7320 -32768 -6172 3874 6489 -5828 END
START -5900 -32768 -4468 -366 7810 -14303 END
START -6820 -32768 108 -4643 7932 -20909 END
START -8956 -32648 5432 -2755 6131 -25605 END
START -9456 -26692 7808 -2940 3175 -28632 END
START -9584 -22288 9440 -7965 528 -30143 END
START -9104 -19136 9168 -8843 -1473 -31213 END
START -8412 -14916 8772 -5382 -3666 -30661 END
START -7932 -11892 8384 -3699 -6309 -29154 END
START -6508 -9252 7188 -4469 -8132 -26954 END
START -5572 -7028 6376 -5286 -8970 -24671 END
START -5256 -6024 5928 -2053 -11566 -21955 END
START -3956 -4404 3664 1060 -13899 -18527 END
START -2516 -3356 1344 409 -14944 -14876 END
START -2220 -3440 -560 -153 -13548 -12060 END
START -1648 -4184 -2612 1558 -13557 -9452 END
START -696 -3408 -5588 3025 -13809 -5921 END
START 112 -4448 -8808 2761 -12759 -2489 END
START 256 -5772 -11616 3746 -8900 247 END
START 552 -7680 -13780 4255 -4961 2034 END
START 808 -9768 -15628 2486 -1419 3824 END
START 584 -12524 -18196 -149 3164 5656 END
START -268 -16892 -19696 485 9123 5786 END
START -1752 -19876 -18804 3893 14182 4609 END
START -2924 -21044 -18020 5474 17576 4109 END
START -3596 -22176 -17352 6024 23617 1887 END
START -3980 -19992 -13644 2409 28193 167 END
START -3392 -18656 -7912 -634 31175 -846 END
START -876 -17480 -404 -586 32607 -654 END
START 340 -18336 8824 -3850 31724 -1313 END
START 972 -20788 19152 -7054 28117 -3199 END
START 1828 -20360 26632 -6374 19689 -4602 END