START -9340 -13780 -8416 5042 9072 1698 END
START -5608 -23168 -9044 9150 12381 8009 END
START -5860 -25664 -10132 8059 14575 6065 END
START -6940 -28276 -9328 4833 17705 3286 END
START -8380 -32072 -3928 -1142 19667 -492 END
START -9576 -32768 424 -4813 17905 -4018 END
START -10912 -32768 3796 -807 16562 -8461 END
START -10608 -32768 5432 -1360 14406 -12342 END
START -9780 -32768 6900 -8587 13225 -17611 END
START -9412 -30252 7872 -11856 11829 -20876 END
START -8532 -26068 7392 -11137 10126 -23123 END
START -7260 -21904 7636 -8030 8966 -24628 END
START -6788 -16904 8980 -7169 6852 -24704 END
START -5688 -13540 9908 -8780 3664 -24007 END
START -4528 -11164 9228 -8202 535 -22955 END
START -3612 -8568 7512 -6967 -1774 -20976 END
START -2716 -5832 6016 -6207 -3339 -19725 END
START -920 -3260 3804 -8570 -4785 -17345 END
START 552 -1640 1260 -9618 -5458 -14832 END
START 1100 -368 -32 -6203 -5286 -12406 END
START 1572 1588 -776 -3420 -5425 -9842 END
START 1500 1984 -1360 -2666 -6119 -6548 END
START 1508 1232 -1196 65 -6351 -3462 END
START 872 716 -644 2720 -6738 -1108 END
START 884 124 -1532 2840 -7753 1543 END
START 1288 -452 -3044 2511 -7867 4740 END
START 1364 -2316 -4096 4567 -6856 7168 END
START 884 -3196 -4800 6444 -5808 9360 END
START -432 -3864 -4544 7199 -4716 12003 END
START -1320 -5408 -4752 6575 -2805 14888 END
START -2248 -8388 -2352 9400 -1109 16437 END
START -2972 -8100 -308 16394 -1282 18977 END
START -3300 -8796 -144 18928 -1527 22826 END
START -3272 -10828 -2352 16059 -238 26353 END
START -4060 -14344 -3216 11519 2398 28391 END
START -5836 -19516 -896 15188 5730 29232 END
START -7732 -23420 -2616 11661 5701 30918 END
START -9096 -29432 -5084 3860 8361 29165 END
START -10968 -32768 -3268 3195 10212 25402 END
START -11760 -32768 -1504 5591 7112 21954 END
START -11520 -32768 -3648 4838 4407 16490 END
START -11060 -32768 -3324 900 3421 8091 END
START -9400 -32768 -3384 -2503 2479 -1298 END
START -6704 -32768 -3652 -3410 2409 -9322 END
START -6180 -32768 -2552 -3622 2946 -15016 END
START -7084 -32500 308 -4002 2848 -19510 END
START -8248 -30832 4008 -3002 1535 -23621 END
START -8628 -26088 6064 -3516 -1136 -26925 END
START -7976 -21408 5824 -6973 -3316 -28612 END
START -6568 -16416 6172 -8328 -4067 -29211 END
START -5716 -13244 6996 -9219 -5826 -27840 END