START -2724 -22932 -2824 8133 11272 3275 END
START -5512 -23268 -2852 4265 12064 3328 END
START -6560 -27256 -2608 5026 11319 1757 END
START -6528 -29980 -2144 6014 11900 -1252 END
START -5688 -32112 -1696 1622 12326 -4781 END
START -6212 -32768 468 -3892 12304 -8218 END
START -5976 -32768 2024 -6947 11157 -11691 END
START -6816 -32364 2692 -6318 11434 -15385 END
START -6748 -29220 4196 -6393 11628 -17583 END
START -7212 -27256 6540 -7952 11370 -19929 END
START -7728 -24780 8928 -7964 9341 -21796 END
START -7288 -20948 9920 -7242 6121 -22301 END
START -6512 -15788 8256 -8513 4671 -20952 END
START -4808 -16556 7888 -9789 3036 -20995 END
START -5480 -12680 7508 -10599 2490 -21066 END
START -4008 -10472 7072 -9422 1116 -19216 END
START -3604 -7500 6852 -6163 -1236 -17420 END
START -2432 -5180 5664 -6394 -3973 -15008 END
START -1368 -3256 3016 -7654 -3152 -13909 END
START -624 -2508 1920 -8264 -3589 -11867 END
START 428 -624 -268 -6120 -4045 -8865 END
START 1064 472 -1816 -5138 -3764 -6856 END
START 976 1292 -1964 -2220 -3378 -5057 END
START 600 2504 -2112 1236 -3319 -2022 END
START 776 2552 -1532 1691 -3058 1051 END
START 8 964 -752 2040 -3005 3851 END
START -312 -228 -1348 2053 -3233 6629 END
START -412 -1740 -2256 4600 -3171 8882 END
START -924 -3500 -1236 8476 -3490 11283 END
START -1472 -4100 -956 11018 -2334 14392 END
START -2736 -6636 -960 11355 -1301 17304 END
START -3756 -8976 -980 11211 -1139 19965 END
START -4000 -12872 88 15035 112 22592 END
START -4784 -14468 340 20492 1138 25435 END
START -5892 -19084 -1720 18848 1262 27461 END
START -8544 -25436 -4860 14823 6546 26477 END
START -10444 -29240 -4196 11299 11270 23246 END
START -9412 -31000 -1828 13181 14315 21103 END
START -8328 -32768 1532 15019 14991 19059 END
START -7448 -32768 4540 9772 13537 16657 END
START -6868 -32768 5908 3727 12223 11806 END
START -5528 -32768 10020 2899 10206 6043 END
START -3484 -32768 12548 2022 5386 112 END
START -1112 -32768 11760 -2327 2054 -5908 END
START -680 -32768 10792 -6742 482 -11502 END
START -1624 -30140 11860 -8871 -2309 -16068 END
START -3044 -27836 12704 -7076 -5941 -19195 END
START -3936 -23972 12284 -5958 -9273 -21808 END
START -3892 -20024 10268 -8504 -11753 -22862 END
START -3588 -17684 9952 -8607 -12386 -23617 END
START -4448 -14108 8772 -8683 -14893 -22549 END
START -4120 -11956 7780 -7986 -17442 -21025 END
START -2680 -10496 5120 -6218 -18029 -19048 END
START -2656 -8344 3984 -3631 -16940 -16953 END
START -3112 -6528 3044 -3772 -18029 -14127 END
START -2260 -5432 1024 -5216 -19284 -10743 END
START -2260 -5128 -1284 -4177 -17232 -7865 END
START -2080 -5936 -2820 -3332 -15428 -5637 END
START -1504 -6464 -5172 -4737 -14928 -2426 END
START -1148 -8824 -6760 -3127 -12756 -355 END
START -2464 -10920 -8852 240 -9176 407 END
START -3324 -12040 -11348 -370 -5595 593 END
START -3304 -13728 -13152 -1855 -1789 628 END
START -3844 -14092 -15932 -364 2792 812 END
START -3364 -15040 -18144 -187 7222 886 END
START -3312 -15356 -19548 -427 11223 1683 END
START -2624 -16040 -20240 -1088 16230 2491 END
START -2968 -17108 -19136 -503 22059 2782 END
START -3788 -17504 -15944 481 27860 2758 END
START -5052 -19040 -10268 802 30937 2616 END
START -5828 -19756 -4736 2088 32481 1989 END
START -5340 -18576 1060 -1286 32381 1024 END
START -1028 -17644 6604 -4755 31349 1313 END
START 228 -18064 11820 -6510 27946 1949 END
START 1076 -20208 18144 -2607 22831 1497 END
START 3628 -19284 20840 1325 16805 -453 END
START 5748 -16512 22024 -755 11321 -1964 END
START 6948 -15664 21876 -4936 5359 -3614 END
START 7240 -13608 19808 -5108 -1035 -3812 END