START 448 -10112 -17084 -3860 9797 -2685 END
START 1196 -12420 -16488 -2616 13012 6143 END
START 1968 -15800 -17624 3466 16535 6978 END
START 1212 -15820 -12624 6300 20626 7959 END
START 1800 -18032 -6120 -379 22074 7317 END
START 1188 -21640 2876 -4401 20175 6285 END
START 888 -24824 11272 2790 17283 6105 END
START 2260 -25684 16564 2902 14240 3662 END
START 3396 -25952 20188 -2466 9404 -1019 END
START 4820 -22824 18864 -5092 4410 -4595 END
START 5672 -18336 15320 -5489 -923 -5786 END
START 5540 -14804 9564 -4082 -4421 -5552 END
START 5332 -12968 4396 -4264 -6320 -5652 END
START 4416 -12032 1684 -3719 -6511 -5170 END
START 4156 -11856 788 -1319 -6094 -4143 END
START 3256 -11832 1780 1852 -5754 -3371 END
START 2568 -10516 3716 2814 -6827 -2577 END
START 3260 -9492 3584 1410 -9177 -1478 END
START 2852 -8848 2388 1823 -10421 -7 END
START 2096 -8288 1908 1416 -11375 1770 END
START -8 -8720 2880 1592 -12816 3085 END
START -1180 -8064 2408 -2134 -15777 4580 END
START -1296 -8884 -1592 -5408 -18227 6080 END
START -1832 -8812 -7684 -4279 -17278 7088 END
START -2520 -8336 -12296 -3165 -14698 9508 END
START -3580 -8940 -16108 -2321 -12724 11568 END
START -3452 -10956 -19596 -1289 -10605 12664 END
START -4528 -11356 -24300 1127 -4638 13497 END
START -5156 -12484 -26800 2263 2685 17263 END
START -6108 -13784 -25216 4618 10060 19290 END
START -7420 -14144 -24436 1776 15169 20771 END
START -8664 -17440 -24688 1706 22309 21320 END