START 2140 -11356 -6640 -533 3768 2194 END
START 1860 -13520 -9772 -471 8092 6848 END
START -44 -15104 -8204 -1447 12861 7859 END
START -60 -17052 -6560 -1633 13856 8774 END
START 1932 -18916 -4816 1604 13223 9020 END
START 3256 -20268 -696 58 13772 7324 END
START 2232 -24068 3808 -4119 13623 3970 END
START 2040 -27360 7168 -2833 12028 1695 END
START 2184 -26884 10220 -1841 8248 -779 END
START 2668 -25240 10652 -3802 4908 -3197 END
START 2672 -22592 8976 -4513 3350 -5991 END
START 2436 -18820 7532 -3278 1258 -7473 END
START 2868 -15492 5456 -2757 -852 -7317 END
START 2752 -12748 4156 -3878 -1335 -7257 END
START 2452 -10760 2468 -3816 -1781 -5910 END
START 2508 -8512 1648 -2808 -1195 -5176 END
START 2360 -7068 1856 -1302 -1992 -3279 END
START 1936 -6576 1624 360 -2621 -953 END
START 1956 -7012 564 39 -2276 472 END
START 1520 -7768 -148 -996 -2268 1871 END
START 1844 -7744 -44 1353 -2866 3381 END
START 1736 -8668 -424 1999 -2323 5655 END
START 1416 -10204 180 2272 -1800 6645 END
START 328 -12152 52 1871 -2169 6364 END
START -900 -9944 -1132 5587 -1770 6190 END
START -1096 -10476 -2164 2196 -212 8896 END
START -1780 -10040 -3512 1761 113 10562 END
START -3428 -10584 -5204 2008 -188 11537 END
START -3824 -10132 -9468 -635 410 11749 END
START -4012 -9560 -19760 -13555 5916 19560 END
START -6740 -15452 -24152 -11176 12407 19981 END
START -5616 -17884 -27736 -7646 17827 21041 END
START -5908 -21352 -26148 1087 26169 21313 END
START -7484 -22208 -22712 -4533 32767 25034 END
START -12376 -27988 -12028 -6519 32767 22289 END
START -17776 -32768 -1516 -3631 32767 18347 END
START -21260 -32768 8968 -5280 32767 13760 END