START -380 2216 -7320 -2483 2925 -3760 END
START 4120 -13660 -3560 -3303 2490 4454 END
START 4368 -14616 -5584 -2103 3559 6033 END
START 4496 -16204 -6628 -2517 4928 6261 END
START 5788 -18780 -5004 -1668 8149 4991 END
START 6336 -19436 -3584 -82 9894 4773 END
START 7756 -20112 -1052 -39 9777 4617 END
START 8548 -22200 2464 -174 8394 3774 END
START 7716 -23736 5348 166 7384 2394 END
START 6892 -24832 8188 98 5984 -1000 END
START 6176 -22804 10076 -1697 3952 -3978 END
START 5764 -19648 9372 -4226 1535 -6625 END
START 4644 -15660 7780 -5972 -945 -7980 END
START 4372 -12452 6048 -4898 -2891 -8158 END
START 4464 -8632 3436 -2976 -3746 -6468 END
START 4264 -6952 900 -3060 -3192 -5040 END
START 3748 -5552 -464 -3855 -2893 -3202 END
START 3108 -6088 -280 -2069 -2374 -1464 END
START 1944 -5776 -680 790 -2343 1378 END
START 1952 -6028 -1136 1651 -1021 3320 END
START 1348 -7012 -236 1521 -633 4818 END
START 1308 -7656 352 3100 -1285 6981 END
START 1876 -8096 -416 2385 -2868 10003 END
START 1904 -9884 -2176 2296 -2727 12650 END
START 1564 -12256 -3196 1381 -2459 14139 END
START -252 -14564 -6428 1183 -2554 15523 END
START -584 -18240 -11028 958 -2519 17750 END
START 968 -22592 -17196 1730 2927 17863 END
START 1252 -25452 -22972 -3036 9677 15516 END
START 1312 -26792 -25660 -8428 17267 12067 END
START 1036 -27008 -24872 -8712 25684 12290 END
START -1868 -25976 -19644 -3487 32767 11128 END
START -4824 -24868 -10592 -4048 32767 9716 END
START -8060 -26188 740 -5571 32767 6961 END
START -8912 -26932 7868 -16874 32767 2004 END