START -4364 -20580 -2672 4246 8805 1261 END
START -7980 -19916 -2880 7367 11320 2486 END
START -8912 -23112 -2108 6066 12104 1128 END
START -8036 -25776 -2448 2682 12588 -1131 END
START -7044 -26904 -3204 -2066 14425 -3898 END
START -7736 -29100 -1308 -2805 14640 -6048 END
START -7576 -29920 196 -3731 13400 -7813 END
START -6924 -30032 2608 -4985 11953 -9698 END
START -7796 -30688 3404 -6326 11250 -12630 END
START -9128 -29568 4676 -8490 11588 -15636 END
START -9476 -27904 7048 -10426 12021 -18859 END
START -9264 -24168 9548 -10157 10897 -21037 END
START -8560 -20208 11284 -8818 8093 -22541 END
START -6800 -16860 11208 -9316 4871 -21674 END
START -6168 -14360 8000 -9303 2552 -21594 END
START -4368 -11680 6424 -9477 1597 -20961 END
START -2924 -9424 5344 -6930 519 -20225 END
START -2680 -6592 4040 -6742 -1367 -18676 END
START -1072 -5240 3160 -7590 -1968 -16339 END
START 44 -4056 3056 -6792 -2873 -14062 END
START 428 -3368 1068 -5182 -4843 -11154 END
START 1228 -3020 -568 -3690 -6211 -9021 END
START 1516 -1448 -1852 -3534 -4825 -6353 END
START 1424 -808 -424 -3283 -3540 -4795 END
START 1416 160 -184 -2279 -6058 -1530 END
START 1520 1600 -1472 742 -7240 2441 END
START 1436 912 -2220 3969 -6701 4915 END
START 424 -112 -1860 5300 -6529 7891 END
START -628 -1768 -1468 7347 -6249 10442 END
START -2192 -4828 -1008 8837 -6427 13191 END
START -3252 -6840 -2112 9584 -6286 14906 END
START -3548 -9208 -3244 11823 -4023 15765 END
START -3564 -9324 -2212 12724 -1651 17281 END
START -5472 -11176 -1036 12834 -932 19398 END
START -7048 -13732 -920 14041 -96 20954 END
START -8000 -13648 -1512 13788 2282 22160 END
START -8628 -15468 -2108 10764 4219 24390 END
START -10428 -21652 68 17229 6017 25154 END
START -11464 -23752 -296 21287 6792 24410 END
START -12140 -25332 196 17344 10566 22502 END
START -11508 -28380 2432 12702 12120 21211 END
START -10536 -32768 6488 13186 10291 19971 END
START -9008 -32768 6144 10670 7188 15956 END
START -8952 -32768 4764 797 4910 9958 END
START -6176 -32768 4272 -3280 3548 2293 END
START -4116 -32768 1792 -4390 2216 -5342 END
START -4412 -32768 1680 -4952 2824 -12129 END
START -5872 -32768 4236 -7086 3202 -18191 END
START -6572 -31284 7352 -11162 1922 -22514 END
START -7536 -29416 10036 -9958 -733 -26361 END
START -8628 -24420 9940 -8206 -3770 -29015 END
START -8124 -19116 8904 -10593 -5196 -29779 END
START -8240 -16588 8976 -13748 -5927 -29349 END
START -8172 -13880 9744 -11141 -7315 -28962 END
START -6660 -9632 8036 -10283 -10054 -26531 END
START -5400 -7084 6164 -10920 -11763 -23670 END
START -4760 -5868 5316 -7600 -12725 -21079 END
START -3488 -3756 3692 -5101 -14429 -17034 END
START -2592 -3036 396 -5235 -15571 -13242 END
START -2072 -2428 -2352 -4974 -14995 -9816 END
START -1964 -3232 -4804 -1659 -14001 -6543 END
START -1924 -3188 -7656 980 -13133 -3222 END
START -1508 -5008 -13568 -563 -9631 -372 END
START -2388 -7844 -16456 -881 -3685 1137 END
START -2516 -10284 -19268 1293 965 2755 END
START -2612 -11960 -22252 2764 6062 3409 END
START -2992 -14164 -22116 4503 12811 3322 END
START -2540 -13976 -20188 1955 18852 3983 END
START -2636 -14400 -18864 -2678 23106 5709 END
START -2868 -17468 -16492 -2411 26810 6827 END
START -3704 -19728 -12812 5102 29693 6479 END
START -3852 -21328 -7256 9084 31736 4973 END
START -4596 -19440 -880 1191 32767 2696 END
START -5104 -21708 9356 -7273 32767 467 END
START -3384 -22276 20652 -3703 32767 -1893 END