START -8720 -21164 -12476 -2026 11525 883 END
START -7740 -24896 -9192 12799 14066 6070 END
START -7740 -23880 -10236 12264 16441 5108 END
START -7872 -24820 -9504 -1158 18938 2464 END
START -8564 -29540 -7128 -5099 20641 761 END
START -7748 -31972 -4160 687 19853 -1891 END
START -7212 -32768 -2608 3981 18861 -4334 END
START -7324 -32768 -276 -4418 19027 -7122 END
START -7628 -32768 3872 -9905 20265 -13488 END
START -8440 -32768 7000 -9369 17610 -17448 END
START -8412 -31328 8908 -4972 16486 -21501 END
START -7836 -25528 11568 -5584 13899 -24039 END
START -6784 -22720 12700 -10289 9826 -25234 END
START -6040 -19004 12328 -9692 6047 -25719 END
START -4360 -14652 10768 -7861 2716 -25470 END
START -2924 -10896 8044 -6554 1746 -24268 END
START -1396 -7796 6472 -8699 595 -22748 END
START 1352 -5648 3856 -11245 -1530 -20747 END
START 2128 -4840 2648 -8139 -2136 -18621 END
START 2396 -2876 884 -3864 -3367 -15820 END
START 3200 -1784 -604 -2354 -3795 -12013 END
START 3536 -664 -876 -2202 -2918 -9744 END
START 2612 -108 -596 -5465 -3971 -7180 END
START 2844 -740 72 -5611 -4965 -5008 END
START 2668 -652 -36 -2633 -6106 -3147 END
START 1760 -376 -384 -10 -7814 -1469 END
START 1468 296 -1404 1000 -8891 711 END
START 1768 -96 -2992 -290 -9323 2398 END
START 2108 -964 -3540 -66 -9261 3055 END
START 668 -532 -3340 3931 -8871 5206 END
START 972 -188 -5312 3230 -8668 7948 END
START -256 -1276 -4572 6072 -6736 10337 END
START -1508 -1416 -4024 7178 -5629 12574 END
START -3068 -3984 -3524 5997 -4403 14497 END
START -4528 -8264 -4280 8479 -2097 15804 END
START -5796 -11168 -4436 12717 391 16913 END
START -4096 -10336 -2848 21225 2642 20534 END
START -2904 -11004 -1832 21594 2975 25448 END
START -5712 -14464 -4440 13423 1806 30107 END
START -7976 -20176 -8744 10383 5086 31689 END
START -7780 -24548 -9304 14658 10992 32767 END
START -9016 -30476 -7532 17062 13467 32650 END
START -9644 -32768 -5752 17081 13715 30542 END
START -7772 -32768 -8044 7691 14110 24960 END
START -7208 -32768 -2992 6511 15533 18327 END
START -6140 -32768 1200 7547 11830 8762 END
START -4308 -32768 3648 1121 8997 -880 END
START -2836 -32768 7156 -4046 6546 -8790 END
START -2216 -32768 8404 -5667 2931 -15622 END
START -3492 -32768 9088 -5219 -774 -21141 END
START -4528 -29536 9104 -5279 -3600 -24843 END
START -5204 -26116 9608 -7599 -6540 -27185 END
START -5756 -22028 9392 -7575 -8482 -29111 END
START -6244 -17936 8732 -8083 -11401 -29084 END
START -5780 -14728 7940 -6652 -13663 -28052 END
START -5488 -12048 5920 -5019 -15045 -26544 END
START -4700 -10916 4632 -3999 -15477 -25770 END
START -4624 -7544 4232 -1831 -16498 -23482 END
START -3116 -4636 1076 -1270 -17013 -20093 END
START -2200 -3040 -2284 -4851 -17825 -16254 END
START -1088 -3352 -5252 -5627 -16854 -12977 END
START -1320 -2664 -7776 -1458 -13910 -10027 END
START -1012 -3176 -9324 399 -12687 -6574 END
START -624 -3648 -12500 248 -10216 -2816 END
START -788 -7360 -15364 -1040 -6795 -523 END
START -1680 -9028 -18580 422 -2859 2 END
START -2024 -10588 -22040 275 2104 1528 END
START -2880 -12024 -24008 -327 8030 1787 END
START -2268 -13264 -24404 -2202 13445 2259 END
START -2256 -14184 -24924 -3126 18595 2695 END
START -3024 -15404 -25436 -1445 24202 3198 END
START -3712 -16300 -23268 4049 30911 3126 END
START -4988 -18048 -15996 11095 32767 2680 END
START -4968 -15208 -6152 8848 32767 1486 END
START -3200 -13732 2804 -10666 32767 811 END
START -1972 -17600 15508 -20094 32767 2829 END
START -28 -21196 25700 -5757 28781 4327 END
START 2324 -21288 27784 5059 15301 3229 END
START 4508 -18856 24984 1612 6121 851 END