START -7932 -27040 -5620 -5542 11530 -1323 END
START -8488 -27056 -4772 -1587 11747 781 END
START -8116 -28752 -4616 3928 13114 -1611 END
START -8240 -29428 -5036 -662 15864 -4130 END
START -8728 -32768 -2728 -13184 18209 -7477 END
START -9860 -32768 484 -14383 17355 -11262 END
START -10336 -32768 332 -8722 16102 -15617 END
START -10328 -32768 1344 -7990 15561 -20556 END
START -9756 -29028 2420 -9675 15617 -24079 END
START -8864 -24304 4960 -12206 14590 -26169 END
START -7912 -19668 7208 -11981 12314 -26710 END
START -6184 -15120 7744 -10562 9296 -25798 END
START -4584 -11032 6212 -10916 5730 -24480 END
START -2448 -9164 4624 -11913 3841 -22937 END
START -1308 -6596 3836 -9570 2757 -21136 END
START -484 -3964 2768 -8633 1374 -19328 END
START 976 -3144 1924 -7264 -202 -17689 END
START 1392 -3116 2048 -3274 -1986 -16310 END
START 1252 -1700 1196 -255 -3994 -14207 END
START 2688 -920 208 -685 -5781 -11789 END
START 3240 -220 -892 -3983 -6650 -9486 END
START 3104 288 -1604 -4426 -7052 -7143 END
START 2592 532 -1024 -2091 -7727 -5517 END
START 3264 856 -1292 1224 -9291 -3210 END
START 3460 1220 -2084 4852 -10553 -916 END
START 3776 892 -4176 3372 -11985 2714 END
START 2596 -1480 -5132 4938 -10179 4519 END
START 784 -1560 -3772 7292 -8419 5959 END
START 116 -2396 -1824 10726 -9284 8085 END
START -660 -4508 -3004 13583 -11386 11840 END
START 112 -6676 -7292 14051 -9948 14572 END
START -520 -7656 -9684 13484 -5702 15355 END
START -2428 -9604 -7832 16166 -1188 17592 END
START -2776 -13464 -7700 22716 438 19584 END
START -3300 -15236 -8528 24034 2494 21404 END
START -3820 -17640 -7300 23061 6910 22822 END
START -5484 -21512 -5328 18661 8939 25036 END
START -4248 -29204 -2596 21540 8842 24952 END
START -3040 -32768 -1428 23538 10376 23386 END
START -1836 -32768 -1548 10023 9662 19584 END
START -1716 -32768 -1720 1461 9145 15223 END
START -1328 -32768 1160 4445 7489 8583 END
START 596 -32768 1344 3033 3486 37 END
START 1608 -32768 -512 -6874 2099 -7723 END
START 1712 -32768 -72 -13421 2301 -13795 END
START 556 -32104 2236 -10255 2359 -18486 END
START -364 -27016 4172 -7492 944 -21022 END
START -1552 -23652 6680 -8551 -1701 -23519 END
START -1896 -19416 8112 -9765 -4382 -24208 END
START -2376 -15740 7772 -8462 -6794 -23745 END
START -1452 -11596 6840 -7908 -9128 -22554 END
START -1584 -8784 5740 -7712 -11580 -20225 END
START -1760 -7864 2888 -6036 -13136 -17955 END
START -1004 -5556 -512 -3800 -13164 -15185 END
START -160 -4376 -3064 -2724 -12163 -12034 END
START -304 -3520 -4656 -2283 -11414 -9435 END
START -336 -3540 -6788 -3932 -10952 -5936 END
START -1268 -5624 -10052 -2215 -8626 -3835 END
START -1400 -6936 -14464 557 -5268 -2487 END
START -2200 -7376 -18536 1562 -1211 -108 END
START -2356 -8888 -21044 812 3324 1713 END
START -2080 -10328 -24484 -1433 10104 2745 END
START -3000 -11672 -26116 2203 17628 3088 END
START -4004 -11816 -25004 8380 23937 3638 END
START -2412 -12000 -23240 8720 29809 5966 END
START -4068 -14232 -19792 3612 32767 5194 END
START -5704 -18664 -12276 -183 32767 4855 END
START -5772 -20540 -2756 2208 32767 4695 END
START -2536 -20560 7060 -7717 32767 3914 END
START -2388 -23276 16868 -10468 30351 3669 END
START -752 -25936 28956 83 23115 3115 END