START -720 -12168 1028 4182 -845 2090 END
START -1932 -12652 -1696 5829 1057 2895 END
START -1880 -12228 -3348 2034 1876 4367 END
START -1232 -8896 -6280 1638 5236 5240 END
START 72 -11216 -9788 -937 9221 8140 END
START -1396 -13860 -10400 3514 12807 10317 END
START -1900 -18680 -4772 4196 14112 12183 END
START -2704 -25080 792 -3986 13949 11453 END
START -5052 -32768 7436 -10098 12896 8702 END
START -5912 -32768 12100 -3824 10325 3416 END
START -3200 -32768 13876 -1330 6237 -2747 END
START -724 -32768 12652 -5278 3272 -8792 END
START 244 -27444 10368 -9024 623 -12864 END
START -448 -21788 8052 -8994 10 -14201 END
START -1180 -17000 6516 -8967 -41 -14222 END
START -1740 -14316 5960 -7989 -392 -14397 END
START -1780 -10424 4348 -7689 -1252 -12900 END
START -1592 -7708 3292 -5375 -1955 -10548 END
START -1048 -5812 2284 -4788 -1333 -9056 END
START -1028 -4924 1940 -2834 -586 -7560 END
START -1304 -3332 2356 -916 -794 -4507 END
START -1264 -2656 2536 -18 -2229 -1888 END
START -800 -2728 1648 -318 -2065 876 END
START -920 -4192 1460 -439 -1385 3185 END
START -808 -5496 1352 1003 -1437 5590 END
START -860 -6540 400 2862 -1923 8049 END
START -776 -7980 -1560 3952 -812 10290 END
START -1216 -9936 -2076 2796 130 11774 END
START -3740 -11828 -2464 4323 567 12705 END
START -4856 -12516 -3944 3905 58 13302 END
START -4396 -15408 -10932 -3971 506 17338 END
START -3944 -19176 -18244 -7847 6021 16722 END
START -4156 -21628 -23456 -10027 12456 15687 END
START -5264 -19576 -26004 -4355 20060 16674 END
START -6712 -22500 -22576 -4788 27193 20494 END
START -8980 -26860 -16780 2851 32365 18233 END
START -12284 -26096 -9384 -2401 32767 12122 END
START -16096 -26468 -4956 -18040 32767 7423 END