START 4776 -16732 -11508 -2212 3464 139 END
START 2664 -13328 -15764 -2754 5318 1561 END
START 2348 -12440 -18028 24 7741 3754 END
START 2232 -12840 -17744 4268 11283 5004 END
START 2328 -12932 -15168 7785 13634 5288 END
START 1844 -13088 -12816 3298 16567 6203 END
START 1184 -15272 -8000 -7385 20411 6120 END
START 372 -19096 -712 -7081 18994 6464 END
START 972 -21096 5920 3361 15471 7731 END
START 1440 -22608 9412 5435 12530 6473 END
START 2476 -23772 11376 -2483 11873 2367 END
START 2660 -22328 13996 -6453 8805 -825 END
START 3944 -19700 14380 -3022 3772 -1925 END
START 5448 -17464 11352 -898 -260 -2413 END
START 5344 -16068 7600 -1301 -2279 -2700 END
START 5292 -14560 3960 -1963 -2935 -3219 END
START 5000 -13848 1944 -1493 -3782 -3149 END
START 5040 -13268 720 773 -3945 -2349 END
START 4292 -13332 540 1824 -4178 -1346 END
START 3612 -13712 2772 2003 -5180 -1409 END
START 2556 -12600 5536 1536 -6801 -1153 END
START 2164 -11608 5968 -911 -10364 24 END
START 1492 -10908 3476 -2263 -12686 476 END
START 232 -9884 1816 -3321 -14052 1025 END
START -1220 -8904 144 -1661 -15036 1594 END
START -1852 -7956 -3900 -1861 -15896 3969 END
START -1980 -8268 -8580 -2971 -15635 4920 END
START -2408 -7812 -12444 -2525 -13785 6216 END
START -3180 -6680 -15968 -2910 -10664 8794 END
START -3352 -8032 -19984 -1720 -7255 11136 END
START -3740 -9588 -22316 3219 -1358 12857 END