START -4956 -17688 -3184 7037 8150 2363 END
START -5960 -18744 -3544 9499 9301 2107 END
START -6164 -21092 -3556 8775 11714 327 END
START -6368 -23704 -3552 6267 12748 -1708 END
START -6272 -26784 -3772 5968 14084 -4275 END
START -4828 -28688 -2936 3030 14870 -5837 END
START -3820 -30756 -156 -794 15584 -8608 END
START -4428 -31344 2084 -3804 13774 -11557 END
START -5564 -31308 3832 -5015 12055 -13601 END
START -5748 -29536 6672 -4732 10828 -15823 END
START -5688 -27240 7644 -8323 9109 -17366 END
START -6096 -25236 8824 -10282 9700 -20593 END
START -6108 -21768 10552 -11699 7642 -21604 END
START -5348 -19584 10028 -10104 4679 -21843 END
START -4204 -16576 9392 -6433 2738 -21683 END
START -2964 -13288 8448 -7953 854 -20702 END
START -2624 -12572 7236 -10182 -154 -20554 END
START -1920 -9496 6172 -10302 -534 -19664 END
START -1008 -7160 5680 -8354 -1833 -17901 END
START -84 -4528 4484 -6121 -3691 -15996 END
START 844 -2372 2640 -5891 -5124 -12750 END
START 1304 -1240 988 -6314 -4740 -10258 END
START 1736 -584 240 -7421 -4859 -8052 END
START 1388 -128 -8 -3913 -5039 -5927 END
START 1304 872 36 -581 -5942 -3037 END
START 1352 328 676 1533 -7298 -175 END
START 940 -860 316 3539 -8932 2474 END
START 524 -2840 -976 4715 -9687 4890 END
START 732 -3636 -2204 5984 -9409 6527 END
START 1204 -4132 -2796 6557 -8528 8545 END
START 552 -4864 -2852 7508 -6859 10667 END
START -576 -7716 -3072 6598 -5720 13277 END
START -992 -8948 -3040 12965 -4257 15057 END
START -1448 -8032 -1952 18096 -2568 17688 END
START -3116 -9912 -1140 19604 -1131 20203 END
START -4860 -12868 -596 22129 743 21667 END
START -5488 -15348 -516 26163 2291 22964 END
START -7260 -17896 -268 29306 5645 23544 END
START -8052 -21912 1936 27591 9001 24557 END
START -8388 -27848 1684 21703 11338 23175 END
START -8340 -32012 1644 17037 14349 19550 END
START -7696 -32768 4316 15059 16728 15922 END
START -6336 -32768 8600 14923 15753 12828 END
START -5156 -32768 10584 8521 13948 8698 END
START -4832 -32768 12992 -1118 12338 2222 END
START -3624 -32768 14252 -4345 8498 -4870 END
START -1648 -32768 13308 -4868 4688 -9700 END
START -1100 -29772 12932 -6606 3282 -13838 END
START -2532 -27000 15468 -8123 1248 -17758 END
START -3324 -22364 16704 -9193 -3531 -19588 END
START -3104 -19804 16644 -9096 -7499 -20994 END
START -3916 -16768 16120 -8077 -10028 -21742 END
START -3952 -13428 14020 -10106 -12976 -21308 END
START -3536 -11808 12496 -8786 -14409 -20557 END
START -3196 -9576 11184 -5170 -16688 -19371 END
START -2648 -7648 8744 -4611 -19637 -16608 END
START -2084 -6184 5796 -2654 -19731 -14050 END
START -1988 -5060 3292 -4283 -19461 -10911 END
START -1684 -5684 1524 -2424 -18566 -8090 END
START -1012 -6060 -948 -1449 -18861 -4753 END
START -892 -7696 -3820 1323 -17849 -2574 END
START -1188 -8288 -6904 2860 -14023 -281 END
START -1096 -9272 -9656 -329 -9955 1544 END
START -1612 -13068 -12120 -1529 -4757 2093 END
START -2528 -14992 -12668 1194 -720 2624 END
START -2660 -18024 -14424 5284 2623 2971 END
START -3408 -19164 -15672 5975 9005 1710 END
START -3724 -20416 -16232 1583 14836 1031 END
START -4488 -21636 -16196 -1695 20188 -103 END
START -5056 -22156 -15808 810 24982 -679 END
START -6056 -22112 -12376 4304 30770 -2195 END
START -6140 -19360 -6764 1850 32767 -3007 END
START -4484 -16388 -1512 -6751 32767 -3314 END
START -4720 -16564 4180 -16511 32767 -1587 END
START -4212 -17516 15360 -9384 32767 492 END
START -3448 -18896 24864 2214 30198 1699 END
START -3464 -21108 31152 -1640 21707 -1581 END