START 1076 -10972 -6152 1287 3620 3358 END
START 2360 -12748 -6580 1194 5088 5445 END
START 2272 -16096 -6936 2253 5811 6249 END
START 1964 -18168 -7676 1278 7018 7143 END
START 88 -22248 -5328 -201 9996 5923 END
START 164 -24512 -628 -1958 10132 4191 END
START 2280 -26204 3716 -1240 9664 2555 END
START 2836 -26348 7584 -533 8581 513 END
START 2232 -26296 9460 -2612 6549 -2581 END
START 2704 -24336 9640 -5436 3600 -4805 END
START 2976 -22180 6624 -5631 1503 -6435 END
START 2928 -18808 5100 -4863 -120 -7902 END
START 2588 -16308 3156 -4111 -1043 -8316 END
START 2556 -13720 1504 -4050 -1043 -8019 END
START 2400 -12612 720 -1930 -409 -7631 END
START 2460 -10408 1200 -465 -431 -7157 END
START 2188 -8516 1512 -578 -811 -5360 END
START 2120 -8164 1288 -759 -583 -3910 END
START 1712 -7740 1760 412 -886 -2721 END
START 2032 -7068 2060 644 -1679 -1143 END
START 2248 -6988 1584 658 -2634 982 END
START 2416 -7356 196 1238 -2612 2733 END
START 2888 -8220 -344 1901 -2272 4789 END
START 2632 -8632 -944 930 -1173 5619 END
START 1060 -9768 396 2452 -733 6320 END
START -500 -8280 916 4260 -978 8337 END
START -736 -8632 -272 2673 -248 8828 END
START -1176 -8544 -732 4528 -318 10267 END
START -1516 -8704 -2084 5480 -421 12753 END
START -1808 -10840 -4712 6755 -53 13971 END
START -3888 -11348 -7032 3804 1820 15283 END
START -6880 -9872 -11332 -3070 4612 18858 END
START -6744 -16936 -14628 -4683 7644 20124 END
START -7508 -23332 -17096 6273 10947 20974 END
START -6424 -23388 -16156 6483 17131 17673 END