START -5008 -25684 -1672 938 7959 4200 END
START -7460 -24640 -2152 5355 11185 5043 END
START -8292 -28564 -4016 5336 13925 2310 END
START -9056 -31444 -3260 1378 17051 -2067 END
START -9268 -32768 -928 -3305 17490 -6431 END
START -10076 -32768 2184 -4683 15885 -11061 END
START -10532 -32768 5416 -1314 12609 -14489 END
START -10904 -32768 6796 -1856 10312 -16419 END
START -10548 -31644 7244 -10133 9935 -20553 END
START -10340 -27160 8484 -15263 12178 -24220 END
START -9624 -23596 9984 -15249 10653 -24815 END
START -9244 -19716 9432 -12901 8770 -24621 END
START -8160 -17840 9956 -10118 7185 -24725 END
START -7528 -14008 10132 -8396 5649 -24482 END
START -5720 -10756 10456 -9130 3233 -23886 END
START -4368 -8764 9668 -9186 286 -22214 END
START -3072 -6656 7528 -6779 -2398 -20235 END
START -864 -4808 4820 -7405 -3712 -18040 END
START 96 -2696 2428 -9341 -3429 -15792 END
START 1364 -2096 1084 -10811 -3909 -13417 END
START 1540 -516 224 -7607 -3400 -10664 END
START 1772 860 -200 -4506 -3690 -7120 END
START 2400 1456 184 -1936 -4410 -3854 END
START 2520 1452 224 -980 -5556 -1214 END
START 2592 1212 -648 -18 -6764 1527 END
START 2712 376 -1724 1642 -6948 4055 END
START 1492 -1564 -2828 3211 -6795 6985 END
START 240 -3360 -2932 4643 -5403 8500 END
START -900 -4860 -1236 6733 -4342 9809 END
START -604 -5948 -832 9433 -5146 12292 END
START -668 -7876 -1732 12974 -4708 13992 END
START -1784 -9204 -2472 12261 -2647 15366 END
START -3340 -9932 -1648 10297 -843 17096 END
START -4688 -10820 588 13412 -321 19286 END
START -4268 -12640 -688 14610 -3286 23337 END
START -5140 -16956 -4316 19289 -2910 25129 END
START -6040 -18408 -8268 19656 4721 25975 END
START -6904 -23036 -5096 13151 11431 25966 END
START -7564 -30892 -652 13715 11313 25404 END
START -7200 -32768 564 14742 10115 22563 END
START -7460 -32768 1524 8389 11207 17185 END
START -6780 -32768 4076 -1123 10801 10778 END
START -5216 -32768 6056 -6159 7862 2836 END
START -3728 -32768 6180 -5723 3879 -4939 END
START -2552 -32768 5096 -4132 1694 -11540 END
START -3112 -32768 5364 -6069 340 -16233 END
START -3648 -29188 6888 -9127 -763 -20178 END
START -4504 -26388 9396 -8698 -3010 -23439 END
START -5440 -22356 10324 -6453 -6437 -25390 END
START -5468 -18672 9968 -6645 -9041 -26049 END
START -5120 -14836 8704 -10204 -10887 -25826 END
START -4240 -12652 7404 -10185 -11394 -25984 END
START -3596 -9412 5496 -8078 -12645 -24664 END
START -2744 -6696 3124 -8539 -13896 -21457 END
START -1412 -6344 1388 -6679 -13160 -18842 END
START -992 -5532 -504 -6440 -13740 -16183 END
START -444 -5740 -1984 -3402 -13215 -13460 END
START -552 -5264 -4008 599 -13125 -10623 END
START -16 -5688 -6088 3254 -12453 -7763 END
START 224 -5400 -9060 968 -11004 -4466 END
START 620 -7844 -12176 -1355 -7994 -2627 END
START -56 -8928 -15196 -1027 -4416 -683 END
START -216 -10728 -16448 2182 -1049 844 END
START -488 -11020 -18028 2674 3779 2280 END
START -1456 -13284 -18756 152 7950 3826 END
START -2132 -16144 -19148 -538 12289 4005 END
START -1904 -16552 -19908 -722 16270 5009 END
START -2028 -16804 -18772 45 20944 5077 END
START -1820 -15396 -16972 -1591 25157 6411 END
START -1144 -14948 -13648 -4701 30251 7600 END
START -52 -13404 -7984 -8812 32767 8440 END
START -2564 -18108 2340 -8225 32767 9486 END
START -2456 -23348 17268 4173 32613 8666 END
START -352 -21752 23568 2182 24163 6095 END
START 2228 -23704 25596 -12188 16226 2946 END
START 3792 -22872 24488 -12005 10988 -910 END