START -5048 -20128 -2936 6557 12887 5874 END
START -7428 -25344 -1340 8285 15187 5814 END
START -7852 -31704 2056 7729 15091 2594 END
START -8008 -32768 5020 1536 12800 -2085 END
START -8440 -32768 7336 -4529 11823 -9306 END
START -8700 -32768 8628 -9455 9438 -14156 END
START -9496 -32768 9840 -8298 7860 -18703 END
START -9280 -30264 10336 -9297 6709 -21727 END
START -10280 -25844 11408 -10703 4557 -23622 END
START -10264 -22448 11960 -9810 2778 -24433 END
START -10232 -19884 11100 -9297 -80 -23854 END
START -9420 -19172 10116 -6744 378 -25269 END
START -9708 -14584 10748 -5229 1715 -26603 END
START -7184 -12216 13336 -8751 -1369 -25897 END
START -6980 -8936 12256 -9353 -5535 -23472 END
START -5128 -7724 9868 -9129 -8801 -20639 END
START -3904 -5624 6332 -7125 -9767 -18789 END
START -2340 -4280 3648 -7594 -9093 -16514 END
START -1148 -3368 2744 -7282 -9215 -14952 END
START -340 -1408 1308 -6155 -9674 -11932 END
START 1092 -472 -940 -5387 -8922 -8935 END
START 1340 496 -3244 -6589 -7477 -6246 END
START 716 36 -2008 -3775 -5980 -4501 END
START 500 1608 -1780 678 -6233 -741 END
START 528 1676 -2536 1370 -6110 3077 END
START 480 -932 -2188 2538 -5706 5670 END
START -476 -1796 -2216 5663 -6483 8715 END
START -948 -3648 -2596 7754 -5837 11825 END
START -1560 -4048 -2124 9066 -4505 14840 END
START -1660 -6216 -2204 9001 -2862 17388 END
START -2744 -7920 -2624 7357 -1743 20202 END
START -4000 -10440 -2192 11258 346 22086 END
START -5396 -12132 -416 18229 2398 23999 END
START -6176 -14052 2072 22322 3947 25947 END
START -8380 -16976 520 14441 4154 28699 END
START -9060 -24520 -2540 9619 7824 27078 END
START -9644 -26104 -3208 10239 11752 24594 END
START -9136 -27280 1136 16064 15080 23106 END
START -7368 -27180 3700 11875 14833 21405 END
START -7336 -30768 680 -496 12939 19576 END
START -9464 -32768 3256 740 14229 14985 END
START -9952 -32768 7472 8825 11720 10666 END
START -6856 -32768 8448 6712 8530 4916 END
START -6140 -32768 8480 -3598 6328 -1834 END
START -5400 -32768 8500 -8070 3997 -7879 END
START -5296 -32768 8848 -5492 1995 -13150 END
START -5924 -29272 9300 -3036 -869 -16570 END
START -6704 -26908 10132 -4155 -3131 -20559 END
START -7088 -23764 11072 -6341 -5590 -23290 END
START -7048 -20548 11220 -7661 -7956 -24718 END
START -7440 -17696 10944 -6082 -10588 -25266 END
START -7120 -15140 10676 -5143 -12789 -24977 END
START -5836 -11664 8592 -7015 -13617 -23817 END
START -5336 -8508 7340 -8790 -14486 -21989 END
START -4536 -7384 6468 -6494 -16266 -19722 END
START -4192 -5944 4216 -256 -17064 -16112 END
START -3480 -5132 2260 2016 -18270 -12050 END
START -3220 -5800 520 923 -18350 -9503 END
START -3052 -5096 -3532 -1765 -17167 -6539 END
START -2588 -5852 -6772 -2730 -14875 -3792 END
START -1884 -6716 -9624 -1091 -11181 -1496 END
START -2420 -8048 -11560 1810 -7646 594 END
START -2888 -9940 -13680 1486 -5216 3117 END
START -2528 -13252 -17116 978 13 4267 END
START -3568 -15756 -18180 -232 6040 4211 END
START -4196 -17372 -17736 -904 10926 4314 END
START -4480 -19188 -16336 -450 15793 4103 END
START -4540 -19788 -14644 1378 19438 4253 END
START -4752 -20532 -13600 1722 23480 3288 END
START -5204 -19748 -11196 -727 27404 2423 END
START -5600 -18916 -8456 -4895 30557 2354 END
START -5964 -19168 -3376 -5785 32173 2248 END
START -4548 -16852 1456 -4328 31312 3351 END
START -3992 -14704 5484 -8625 30120 4130 END
START -4236 -17148 14084 -12372 25738 5938 END
START -2956 -22080 23984 -4667 19981 4374 END
START -728 -23664 30964 6066 13064 821 END