START -12712 -12096 -6508 4772 6439 -1866 END
START -8348 -23756 -2664 1222 9487 3358 END
START -7020 -23832 -3752 457 10581 2008 END
START -7260 -26192 -3972 1094 11944 -153 END
START -7844 -29908 -3024 3581 14472 -2841 END
START -7712 -30712 -636 2370 16039 -6605 END
START -6840 -31900 1492 -2291 16247 -10607 END
START -8272 -32480 5204 -3820 16316 -14032 END
START -8108 -32336 8504 -3942 14061 -17724 END
START -8112 -29684 10568 -4591 12625 -21245 END
START -8104 -26324 11472 -10627 9815 -22763 END
START -7548 -24832 11696 -11903 7925 -24884 END
START -7116 -20824 12132 -10209 6042 -25850 END
START -5476 -16920 11064 -9602 3792 -25571 END
START -4764 -15340 9900 -9842 1849 -25667 END
START -3872 -12292 9260 -8373 20 -25030 END
START -2028 -9172 8184 -8597 -1752 -23523 END
START -824 -6756 7056 -9093 -3350 -20891 END
START -636 -5524 5940 -9263 -4638 -18817 END
START 664 -3644 4380 -7575 -5353 -16451 END
START 1432 -2344 2520 -5623 -5902 -14142 END
START 2096 -2084 780 -4990 -6694 -11320 END
START 2452 -1456 -612 -3286 -6069 -9684 END
START 2728 492 -596 -2853 -5490 -6800 END
START 2148 444 584 -1496 -6113 -3793 END
START 2572 748 -276 879 -6933 -699 END
START 2740 368 -592 1983 -7519 1723 END
START 1892 72 -1668 3469 -7758 4404 END
START 1664 -884 -2204 4131 -6385 7588 END
START 936 -2528 -1820 5363 -5782 10105 END
START 208 -4196 -3248 6063 -5363 12638 END
START -928 -5988 -3860 8113 -3537 14969 END
START -820 -6588 -2160 10636 -1161 16663 END
START -1024 -6348 184 12106 157 19480 END
START -2764 -10576 -172 13699 -1218 24156 END
START -3520 -14880 -2892 19355 526 26114 END
START -5360 -17684 -3588 22357 5766 27174 END
START -7372 -21140 -752 21790 10406 28134 END
START -6428 -23164 -84 13957 12328 27698 END
START -8004 -27368 -424 6212 12627 28158 END
START -8396 -32768 204 6254 9841 26902 END
START -7360 -32768 1356 15729 8927 22130 END
START -5316 -32768 2124 12996 8484 16692 END
START -3544 -32768 3960 -3933 6818 9103 END
START -2632 -32768 3368 -10008 4428 1309 END
START -1580 -32768 2984 -5256 4223 -6367 END
START -920 -32768 5076 -3613 3932 -13350 END
START -1660 -32092 7700 -4869 2541 -18237 END
START -3476 -28852 10428 -7298 -231 -21674 END
START -4044 -24728 11236 -9463 -3155 -24516 END
START -4744 -21044 11148 -9577 -5407 -25498 END
START -4348 -17008 10176 -8755 -7236 -26399 END
START -4532 -14036 9760 -7530 -9113 -25751 END
START -4124 -11256 9020 -4294 -10889 -24268 END
START -3620 -7464 7464 -3819 -12551 -21798 END
START -2248 -5008 5852 -4348 -14109 -18716 END
START -1780 -3320 4128 -4344 -15047 -15128 END
START -1332 -3864 2436 -2815 -15038 -11795 END
START -1616 -4044 -408 -1033 -15686 -8347 END
START -1596 -4568 -3072 -387 -15379 -5434 END
START -1784 -5296 -6216 568 -13515 -2704 END
START -1484 -6512 -9984 -443 -10358 -242 END
START -1104 -8324 -12168 -133 -7059 1608 END
START -812 -11108 -14564 3330 -3713 3213 END
START -316 -13864 -17636 6051 1243 3486 END
START -1252 -15552 -18280 5153 6242 3760 END
START -2020 -17444 -17520 795 10742 4288 END
START -2668 -18796 -15924 -1547 15390 4280 END
START -3272 -20252 -14400 1185 18503 4078 END
START -2976 -20768 -13844 3196 21799 3029 END
START -2244 -21148 -11552 4241 25370 2403 END
START -1208 -20076 -9080 482 28582 1736 END
START -1508 -19584 -7500 -7790 31278 1104 END
START -2980 -20228 -4056 -12661 32767 1493 END
START -2628 -22200 5128 -5548 32767 1041 END
START -2120 -20096 14280 36 32767 -1018 END
START -2056 -20240 21644 -9320 30176 -3143 END
START -1440 -23152 26368 -13709 23042 -6025 END
START 1360 -19220 25984 -6622 14887 -8381 END