START -5140 -23528 -1696 4650 6899 1010 END
START -6728 -24944 -3896 3604 8774 465 END
START -7692 -27312 -3684 6929 12552 -3108 END
START -6872 -27548 -2836 2654 12939 -5277 END
START -7480 -29512 -1464 -3909 12495 -7980 END
START -8596 -31428 1352 -6678 10814 -8915 END
START -10528 -32768 3664 -7407 8638 -10917 END
START -11840 -32768 5612 -5610 11310 -15803 END
START -11928 -31684 8088 -10630 12616 -20638 END
START -11408 -27492 9932 -15138 11849 -24068 END
START -10100 -23024 10456 -14627 9916 -26051 END
START -7768 -15708 9200 -11803 9109 -26635 END
START -6396 -12756 9664 -9834 6082 -25410 END
START -6024 -10116 9068 -9079 3888 -23422 END
START -4412 -8404 8452 -6717 1032 -21845 END
START -3460 -4964 7304 -5644 -1844 -20050 END
START -1612 -3064 5924 -7497 -3727 -17441 END
START -876 -1148 3716 -8992 -4700 -14346 END
START 340 -856 2088 -8207 -4777 -11509 END
START 1204 56 988 -4660 -5496 -8728 END
START 1692 1336 -744 -3225 -6072 -5434 END
START 1864 700 -800 -922 -5884 -3529 END
START 1552 1484 -1248 1027 -5459 -407 END
START 896 248 -132 2877 -5964 2435 END
START 204 -388 -1280 3835 -6651 6119 END
START -492 -3860 -1820 4082 -5427 8193 END
START -1588 -3536 -2316 5447 -4775 10071 END
START -1428 -6000 -2260 6224 -5519 13214 END
START -1672 -7752 -2856 11097 -4583 14814 END
START -2924 -8536 -3352 12565 -2444 16586 END
START -4688 -10684 -3020 12053 -165 18607 END
START -5636 -12440 -968 14221 1668 19920 END
START -5836 -13616 -1176 17934 2263 22311 END
START -7228 -15020 -2004 19633 5121 23753 END
START -8900 -18180 -280 18679 10118 24651 END
START -9112 -21912 3204 17105 10866 24872 END
START -8340 -25592 2028 14852 8474 24948 END
START -8796 -29484 -636 12308 11013 23818 END
START -10036 -32584 2216 8175 13029 20798 END
START -8704 -32768 3180 5350 9704 17336 END
START -8252 -32768 3976 7416 7428 11128 END
START -6900 -32768 3640 4879 5844 4141 END
START -5284 -32768 3584 -5227 5760 -2954 END
START -5288 -32768 4728 -7537 5807 -10258 END
START -6132 -32768 6396 -5908 3434 -15897 END
START -6456 -31624 8808 -3842 1080 -20028 END
START -7020 -27520 10988 -4054 -1558 -23380 END
START -7608 -23760 11816 -7520 -4835 -25689 END
START -7164 -19964 10952 -10270 -7418 -26891 END
START -7132 -16632 10040 -10300 -9047 -27063 END
START -7160 -14240 11044 -5474 -10807 -26614 END
START -6660 -10536 10376 -2337 -14208 -24627 END
START -5760 -7792 8996 -4373 -16628 -22149 END
START -4548 -5840 6832 -7331 -18315 -19187 END
START -3992 -4568 4068 -6172 -17854 -16275 END
START -3688 -3136 1612 -4654 -18979 -12639 END
START -3012 -4104 -2200 -1637 -18977 -8975 END
START -2692 -4724 -4596 -280 -16629 -6187 END
START -2488 -6296 -7280 -1433 -14182 -3869 END
START -1880 -7996 -9028 -690 -11177 -2096 END
START -2172 -9444 -11680 1258 -9316 -160 END
START -1896 -11328 -14820 2128 -5847 1476 END
START -1960 -13104 -16840 2420 -117 2039 END
START -2712 -14760 -17800 1774 5632 2109 END
START -3228 -16360 -18108 589 10175 2427 END
START -3900 -17508 -16980 1770 15033 2707 END
START -3624 -18240 -14864 4003 19552 2379 END
START -3364 -18636 -12848 4649 23514 1660 END
START -4132 -17824 -10324 551 26630 1553 END
START -4680 -16792 -8200 -4974 28881 2264 END
START -3188 -15944 -3564 -5603 30475 3591 END
START -1576 -16056 2952 3014 30367 5218 END
START -52 -17272 12184 8948 29241 4973 END
START 80 -19744 23028 2451 26448 3051 END
START 996 -20760 29576 -10058 19286 565 END
START 4648 -20992 28448 -11683 8790 -1065 END
START 6760 -16488 22632 -5738 -154 -1133 END
START 8000 -13856 16704 -3074 -5305 -1660 END