START 2996 -14008 -2428 747 1986 -1312 END
START 2848 -14788 -4004 -1281 4172 -680 END
START 1608 -15092 -4172 -1267 6236 -362 END
START 1132 -15664 -4600 367 7401 -294 END
START 1984 -15868 -5288 1697 8827 900 END
START 1724 -16376 -6232 -919 10549 1824 END
START 1352 -18488 -8316 -2993 14499 934 END
START 1912 -18368 -6644 -4999 17212 1062 END
START 2804 -19444 -3876 -5478 18322 1674 END
START 3892 -20232 -84 -3170 18150 3213 END
START 5100 -21664 5364 -1678 17266 4731 END
START 5868 -22180 11544 -3903 15272 3601 END
START 6160 -23776 15740 -4639 14022 -187 END
START 6320 -23388 20140 -2454 10775 -4429 END
START 6496 -21864 20680 -2072 4815 -7582 END
START 7032 -18540 18192 -7252 214 -9334 END
START 6640 -15528 14752 -10797 -2752 -10704 END
START 6000 -12068 10276 -8020 -5361 -10348 END
START 5432 -10276 7396 -5524 -6359 -9168 END
START 4536 -8472 5560 -2312 -7486 -8199 END
START 3524 -6388 3544 -1773 -8290 -6400 END
START 3308 -6744 1744 -2488 -8782 -4341 END
START 2436 -6516 960 -752 -9004 -2541 END
START 2368 -5996 372 1757 -8722 -393 END
START 1920 -5524 -264 3423 -7966 1747 END
START 2204 -5680 -1444 2041 -7352 4320 END
START 1672 -6640 -2288 772 -6155 6601 END
START 1428 -7536 -2908 2030 -5104 8556 END
START 1820 -8676 -3904 4932 -3260 10499 END
START 1332 -9696 -3236 6851 -2278 11915 END
START 1288 -10756 -4008 7399 -1285 14659 END
START -572 -13552 -4952 6374 450 16169 END
START -1188 -16176 -4428 7843 1141 16376 END
START -2712 -17336 -4492 11145 2497 16799 END
START -2800 -15308 -5712 7989 4997 19498 END
START -1692 -18408 -6924 -4454 6696 20604 END
START -3728 -23092 -11300 -6441 8759 19553 END
START -5296 -24496 -15780 -3372 12200 18288 END
START -6040 -27880 -18132 -5694 18355 18124 END
START -7412 -32768 -17404 812 26261 14423 END
START -7796 -32748 -13460 1193 32767 7975 END
START -9240 -29744 -8360 -6298 32767 2823 END
START -11824 -29324 -392 -13548 32767 394 END
START -12032 -30504 9500 -3092 32767 217 END
START -11956 -28420 14132 5183 28503 -1984 END