START 1000 -9980 -20108 -810 -2227 -933 END
START 700 -11036 -22264 -804 1536 330 END
START 1828 -12652 -24316 -960 6538 2182 END
START 1152 -14200 -24280 -679 11676 3764 END
START 872 -17544 -24700 2357 16671 4031 END
START 68 -17920 -25068 6991 22644 4313 END
START -884 -17808 -22140 6095 29330 2987 END
START -4400 -20048 -16688 5756 32767 844 END
START -6312 -17800 -3612 6862 32767 -1548 END
START -5456 -16432 4724 4731 32767 -1531 END
START -4248 -16004 18564 7804 32767 -2222 END
START -3520 -16080 30544 7572 24649 -3514 END
START -528 -16336 32652 2381 12202 -4331 END
START 3848 -12112 28152 -4901 3699 -4794 END