START -6156 -22984 -440 4730 11980 -1857 END
START -6336 -22580 -5072 3993 14122 1164 END
START -6480 -25544 -5440 2206 16848 -336 END
START -5796 -29048 -4612 3002 18279 -1702 END
START -6888 -32768 -2620 2488 18971 -3531 END
START -8672 -32768 1508 831 17477 -6399 END
START -11452 -32768 6068 -452 17952 -12611 END
START -13932 -32768 12292 -7531 20350 -19507 END
START -13488 -32140 17868 -15216 15981 -23117 END
START -12408 -27500 18772 -12560 11695 -24854 END
START -9008 -21844 14620 -10650 7187 -25162 END
START -7716 -17924 12232 -12812 5748 -25785 END
START -6404 -16024 12420 -10456 3742 -26093 END
START -5208 -11060 11728 -6764 717 -25223 END
START -2644 -8288 10896 -9313 -2087 -23345 END
START -1432 -7736 8932 -9014 -4788 -21374 END
START -228 -6628 5896 -8763 -6572 -19834 END
START 924 -4228 2644 -9303 -5908 -18432 END
START 2976 -3692 564 -9291 -5058 -16187 END
START 2828 -2540 -48 -6823 -4472 -15006 END
START 3168 128 -1024 -3260 -4680 -12723 END
START 3196 1564 -720 -2590 -5686 -9731 END
START 3928 1972 -1136 -2158 -6563 -6501 END
START 4216 3476 -1344 -1759 -6487 -3507 END
START 2620 3592 -252 -2128 -8190 -545 END
START 2476 2776 -1344 1187 -8407 2836 END
START 2408 2592 -2452 895 -9091 5863 END
START 1336 1368 -2588 -241 -10040 8614 END
START 32 -304 -3896 -1360 -10382 11487 END
START -1168 -2100 -5328 2062 -7721 13069 END
START -3140 -3688 -3696 4856 -5490 14196 END
START -2856 -6464 -4160 4542 -6767 16896 END
START -3324 -8228 -5748 4007 -6366 18904 END
START -5432 -8416 -5416 6999 -2739 20631 END
START -6680 -11752 -3196 9380 -2536 23797 END
START -5488 -17012 -4640 11012 -3024 26334 END
START -6248 -19316 -5504 12103 -778 27110 END
START -7652 -20256 -4276 11439 1750 27856 END
START -8068 -30292 -7128 12456 -342 28337 END
START -6868 -32768 -2436 29967 4366 24345 END
START -5020 -32440 -2104 13681 1919 23678 END
START -5700 -32768 -10104 -6438 1136 18281 END
START -5912 -32768 -12720 -4578 4852 10771 END
START -4388 -32768 -9556 3949 4616 2631 END
START -3124 -32768 -9960 5143 4681 -3881 END
START -3424 -32768 -8396 -3771 7454 -11330 END
START -3600 -32768 -4340 -8063 9577 -17158 END
START -5880 -30932 584 -5614 8967 -20785 END
START -5280 -26252 3680 -3745 5840 -23497 END
START -5116 -22396 5332 -4917 3237 -24671 END
START -5204 -19372 7060 -5002 946 -25593 END
START -4400 -16492 8020 -3949 -1798 -26030 END
START -3964 -13376 7592 -3156 -5681 -25321 END
START -3800 -11284 7736 -622 -9128 -23379 END
START -2400 -9260 6504 260 -11783 -21449 END
START -1684 -6308 3156 -3029 -12616 -19148 END
START -1160 -6212 2836 -6114 -13707 -17092 END