START -6840 -27112 -2988 6657 10338 2331 END
START -7288 -26304 -4252 7115 11503 4808 END
START -7808 -29792 -2052 8505 14243 1867 END
START -7616 -32208 1308 6536 15222 -3600 END
START -8504 -32768 3684 869 14247 -8289 END
START -8956 -32768 5552 -2239 13554 -13084 END
START -9540 -32768 8364 -3833 11545 -17801 END
START -9556 -32456 10140 -4170 8367 -21580 END
START -8840 -27916 8876 -7877 7187 -24377 END
START -8288 -24324 8684 -11405 6541 -26457 END
START -7652 -20608 8320 -8481 4587 -27002 END
START -6332 -16800 7532 -3472 2941 -26711 END
START -5328 -12404 6976 -5783 1786 -25478 END
START -3960 -10444 6872 -8767 1086 -24162 END
START -3136 -8328 5396 -9710 -32 -22399 END
START -1576 -5932 4720 -7537 -1170 -20123 END
START -360 -3644 3312 -7028 -1796 -17460 END
START 452 -2136 2816 -6668 -2336 -14888 END
START 1360 -1096 1876 -4519 -3236 -12301 END
START 2736 -172 372 -4305 -4137 -9301 END
START 3160 208 -112 -3768 -3570 -7237 END
START 3348 844 -80 -3051 -3561 -4340 END
START 2356 1020 432 -2348 -3897 -2010 END
START 2040 732 -432 -1483 -4399 935 END
START 2488 416 -1500 -735 -4531 3248 END
START 1540 -284 -1732 2133 -5092 5659 END
START 772 -324 -844 3867 -4516 8461 END
START 124 -2796 -516 4040 -4872 10968 END
START -144 -5228 -900 7296 -4763 12854 END
START -504 -5184 -1624 7869 -4294 15345 END
START -1404 -6776 -1584 6194 -3669 18250 END
START -3384 -10896 -1628 7897 -2783 20203 END
START -2760 -11968 -1476 15323 -989 22106 END
START -3472 -12476 -396 17507 796 24972 END
START -4444 -17668 -648 12105 985 27991 END
START -4976 -25008 -2364 8591 1888 26933 END
START -7024 -28264 24 17682 6458 25655 END
START -4828 -32224 1912 16462 6144 24607 END
START -3760 -32768 -376 8218 5442 20879 END
START -5448 -32768 288 4593 6516 14907 END
START -3120 -32768 1596 6890 6276 7755 END
START -1648 -32768 2624 2003 4348 1931 END
START -2000 -32768 3464 -5914 2531 -5223 END
START -2440 -32768 3884 -8563 1901 -12239 END
START -3104 -32768 5880 -7139 1023 -17692 END
START -3488 -29808 7992 -6833 -810 -20912 END
START -3840 -24788 10420 -8863 -2890 -23314 END
START -3928 -19948 11164 -12603 -6062 -24524 END
START -3852 -17068 11196 -11550 -8568 -24071 END
START -3504 -13380 10440 -8284 -11251 -23118 END
START -3040 -10028 7856 -8216 -13453 -21708 END
START -2444 -7488 4704 -11336 -14295 -19675 END
START -2120 -5332 1968 -12096 -13682 -17190 END
START -1936 -4264 -1052 -10678 -14210 -14486 END
START -1552 -3208 -4772 -7638 -13475 -11477 END
START -1320 -2672 -6372 -4905 -11993 -8062 END
START -1356 -3604 -8480 -2135 -9841 -5076 END
START -1632 -5484 -10084 901 -7881 -2704 END
START -2284 -7076 -12768 1499 -5933 -434 END
START -1980 -9020 -16200 -94 -2203 866 END
START -2224 -11612 -19396 -1033 3370 1014 END
START -2432 -13612 -20768 -712 7789 1395 END
START -2392 -14272 -21608 2698 12492 1793 END
START -2448 -13676 -21228 4336 18120 2534 END
START -2788 -14800 -18332 3535 23402 3035 END
START -2696 -15548 -14752 4189 27158 3513 END
START -2892 -15844 -10572 3589 30500 3833 END
START -2496 -15676 -4108 822 32767 5102 END
START -1108 -18132 5056 -2105 32767 5574 END
START -1572 -19872 14748 -2705 31540 4357 END
START -1364 -21436 21192 -4329 24441 1736 END