START 136 -9836 -16056 -3 6444 -2003 END
START 2844 -11992 -19004 4254 11179 5743 END
START 1084 -12856 -17656 5667 16333 6173 END
START -872 -15076 -11412 4887 19817 6736 END
START -640 -16820 -4144 -877 21503 6676 END
START 412 -19940 3524 -3969 21421 6725 END
START 524 -22960 12300 2457 18979 6014 END
START 1616 -24792 16668 2223 13987 3568 END
START 2844 -25220 17080 -2355 10023 -323 END
START 4016 -21840 14824 -4233 5967 -3225 END
START 4584 -18640 11420 -2799 2672 -4127 END
START 4684 -15284 8520 -2714 781 -3928 END
START 4720 -14000 6228 -2584 -767 -3383 END
START 4580 -13484 3388 -2189 -1758 -2780 END
START 2976 -13784 3256 -1732 -2388 -2623 END
START 2540 -14172 3308 -522 -3317 -2305 END
START 2560 -13444 3980 325 -4222 -2203 END
START 2452 -12408 6392 699 -5275 -2374 END
START 2212 -9728 7452 -234 -7262 -1936 END
START 1836 -9148 5332 -542 -9325 -201 END
START 1448 -9408 3784 118 -10955 1284 END
START 452 -8060 3068 1436 -12542 2832 END
START -244 -7252 -100 -952 -14044 4802 END
START -752 -7152 -3216 -3861 -14423 7422 END
START -2264 -8464 -4872 -2491 -13650 8937 END
START -3440 -7568 -6572 -77 -13957 10777 END
START -3908 -8372 -12168 -130 -13924 14978 END
START -4332 -11520 -18448 -988 -8442 17893 END
START -5748 -15172 -23132 -66 -3029 18060 END
START -7376 -19184 -26100 6518 3540 19422 END
START -7528 -19912 -25440 12315 11984 19760 END
START -7916 -18944 -23440 7163 19411 19935 END
START -9500 -18956 -20008 -516 28374 20414 END
START -12060 -23504 -13560 -3435 32767 21189 END
START -12848 -26600 -5636 3958 32767 20714 END