START 4432 -15284 -14436 6768 12410 2334 END
START 3612 -12540 -13852 5430 13992 8068 END
START 2032 -16172 -9596 777 17942 8891 END
START 1112 -19752 -2544 -5499 17988 7918 END
START 580 -23768 5012 986 16578 7475 END
START 1540 -24952 12292 5633 13004 4818 END
START 2716 -23580 14624 -1018 8666 1498 END
START 3760 -22760 12148 -4492 5843 -1287 END
START 5148 -19104 9928 -2225 2987 -2543 END
START 4820 -16788 7972 -904 730 -2452 END
START 5380 -15932 4992 -812 -1307 -2792 END
START 5196 -14528 2496 -1885 -2547 -3082 END
START 4936 -13716 720 -2169 -3367 -2323 END
START 4384 -13744 -424 -578 -3324 -2019 END
START 4228 -13028 -324 1192 -3145 -1548 END
START 3508 -12392 1616 2252 -3189 -1118 END
START 2212 -11860 4884 2004 -4826 -693 END
START 2500 -12088 5652 413 -7458 -4 END
START 2056 -11800 4696 -743 -9005 199 END
START 1732 -9908 4204 -487 -10313 671 END
START 1452 -9136 2304 -812 -11809 2119 END
START 608 -7648 1516 264 -12317 3514 END
START -276 -6880 -628 -1067 -13512 5345 END
START -1548 -6964 -4324 -1722 -13777 7295 END
START -2236 -8500 -7824 -1709 -13057 9206 END
START -3096 -11232 -13472 -611 -11713 10752 END
START -3640 -12168 -17808 2740 -7547 11754 END
START -4196 -10924 -19260 2068 -2448 13070 END
START -5540 -10920 -19552 -149 2370 15274 END