START 4000 -16708 -13720 -3803 4403 -4065 END
START 4056 -14964 -16504 -589 9128 2767 END
START 2220 -16244 -17496 4329 12987 3709 END
START 692 -17092 -14084 6705 15957 3266 END
START 1244 -16188 -9708 284 17774 2679 END
START 1828 -17268 -4768 -8018 19653 2226 END
START 1292 -19300 1556 -3736 18910 4152 END
START 2440 -20024 9508 2577 16547 4150 END
START 3420 -20960 17388 -1347 12356 2189 END
START 3544 -22380 19876 -6806 7851 -1161 END
START 4700 -20064 17636 -5495 3303 -3928 END
START 6296 -15576 13188 -4333 -1103 -4070 END
START 7264 -12672 8100 -3459 -3679 -3408 END
START 6708 -12548 3112 -3000 -4733 -3235 END
START 6112 -12096 -124 -1389 -4261 -2820 END
START 5520 -12000 -1468 118 -3543 -2234 END
START 5076 -11836 -1736 892 -2670 -1298 END
START 4592 -11368 -724 2557 -2629 -751 END
START 4148 -10720 480 3779 -3115 -31 END
START 3560 -11296 1688 3645 -3450 1172 END
START 3080 -10880 2412 2889 -4106 2142 END
START 2300 -10416 3536 2377 -5590 2090 END
START 1304 -9312 4392 2416 -8060 2633 END
START 740 -7476 1616 561 -9764 4652 END
START -416 -5948 -1664 -1995 -9738 6402 END
START -1764 -5820 -4856 -4239 -9440 7865 END
START -3348 -6444 -6028 -1872 -9670 9725 END
START -4596 -7216 -9568 2002 -10914 12899 END
START -4172 -8032 -15764 -1682 -9361 16791 END
START -4364 -10872 -22620 -4419 -4583 19054 END
START -5232 -15344 -23504 150 2463 20177 END
START -6764 -17940 -19636 6785 8131 21117 END