START -5924 -22912 -8088 6081 10140 3597 END
START -7124 -21428 -8960 12210 12563 8936 END
START -7724 -24508 -8928 5405 14504 6878 END
START -7848 -28108 -7312 -1936 16644 4623 END
START -7400 -32420 -3800 -1474 17026 2033 END
START -6860 -32768 -2144 794 14711 -1029 END
START -5828 -32768 -620 -2208 13951 -4796 END
START -5920 -32768 2992 -6371 14025 -9928 END
START -6732 -32768 3844 -9788 12361 -14387 END
START -6336 -32748 3700 -12361 11358 -17678 END
START -6736 -29484 3776 -12576 11499 -20480 END
START -6812 -25380 5300 -9633 10407 -22550 END
START -6076 -20004 6108 -8770 8999 -23269 END
START -5048 -16216 6496 -7869 7519 -23326 END
START -3940 -12756 6236 -6310 5121 -22084 END
START -2276 -9780 6328 -5823 3940 -20780 END
START -2352 -6556 5640 -7979 2093 -18679 END
START -856 -4444 5240 -10120 -43 -16654 END
START -356 -2564 3604 -8622 -1153 -14343 END
START 324 -1492 2796 -6557 -2484 -12139 END
START 564 432 1504 -3416 -4241 -10072 END
START 1696 1948 -324 -3109 -4898 -7330 END
START 2012 2684 -1228 -4376 -4205 -4663 END
START 1892 2144 -900 -5271 -5274 -2458 END
START 1940 1376 -968 -99 -6092 -268 END
START 924 236 -1236 4003 -7792 2289 END
START 320 -168 -2212 4717 -8106 4283 END
START -872 -2336 -1524 5131 -7672 6055 END
START -1064 -2928 -1384 6981 -9352 8593 END
START -780 -5772 -3232 9124 -10694 10632 END
START -1864 -6716 -6056 9904 -9286 13346 END
START -1872 -8292 -7220 8794 -5465 14453 END
START -1392 -10516 -7292 7347 -3898 17313 END
START -3056 -14652 -6504 12813 -2847 18802 END
START -4868 -16236 -6844 18372 -2827 20016 END
START -6196 -19456 -9188 20529 -853 22229 END
START -1584 -21408 -11124 21466 5290 22491 END
START -2788 -24848 -9380 13482 9121 23054 END
START -4796 -32768 -6092 10966 11191 21857 END
START -4116 -32768 -1960 12091 11661 18380 END
START -3296 -32768 4536 10791 9304 13237 END
START -1992 -32768 4860 -85 3802 7314 END
START -1940 -32768 792 -6764 1627 39 END
START -1016 -32768 -552 -7332 1875 -7435 END
START -892 -32768 -376 -7947 2461 -13570 END
START -1268 -31504 1364 -9608 2399 -17785 END
START -1712 -28232 4648 -9379 1356 -20633 END
START -2544 -24664 7496 -7996 -1630 -23284 END
START -3008 -20060 7452 -7102 -4460 -24509 END
START -2172 -16056 6608 -8663 -6237 -23789 END
START -2864 -13900 6860 -8131 -8026 -23281 END
START -2772 -11412 5204 -5707 -10155 -22878 END
START -1836 -8464 1860 -5753 -11567 -20848 END
START -1492 -6656 -1036 -6339 -12459 -18355 END
START -600 -5672 -4340 -5399 -12377 -15565 END
START -548 -4060 -7504 -3011 -11723 -12582 END
START 136 -4480 -11164 -2455 -9606 -9865 END
START -248 -5244 -12996 -1869 -6585 -7579 END
START -540 -5648 -14520 -458 -5085 -4611 END
START -44 -7136 -17192 583 -1640 -2571 END
START -540 -8116 -19072 -125 2349 -921 END
START -1356 -9576 -20600 -1429 6833 -199 END
START -1928 -9812 -21016 -1393 10359 1098 END
START -1152 -10000 -21772 1232 14366 2628 END
START -828 -9992 -22344 1840 18943 3929 END
START -764 -11732 -20412 2100 24156 5186 END
START -576 -12688 -16724 2411 28907 6263 END
START -1192 -13856 -10668 2215 32762 6778 END
START -1692 -16216 -2128 -939 32767 6898 END
START -1724 -18928 6780 -3554 32267 6897 END
START 460 -20804 14516 -3523 28665 6016 END
START 1308 -23492 22188 -458 22910 3817 END
START 4568 -22408 24972 27 15344 218 END
START 7328 -18880 22116 -3616 7556 -1807 END