START 532 -12128 -6924 2580 -579 34 END
START -844 -12004 -7580 3421 2012 1706 END
START -1828 -12664 -8440 -320 4449 3596 END
START -2300 -15940 -9900 -1870 4719 3249 END
START -2660 -15348 -12976 -267 6963 3914 END
START -1080 -14996 -12060 -1864 10298 4391 END
START -688 -16240 -9748 -4360 12995 5465 END
START 808 -18844 -6900 -1630 14012 6624 END
START 2732 -21800 -1228 -2985 16565 7863 END
START 444 -27440 6128 -3029 16339 6635 END
START -556 -28400 11208 -1732 13402 2767 END
START 552 -24840 13684 -5478 11089 -1913 END
START 2124 -21184 14452 -4657 7493 -3744 END
START 3156 -16664 12688 -1264 4208 -5078 END
START 4108 -12424 10080 -1183 1713 -5283 END
START 3656 -9012 8132 -1864 1080 -5026 END
START 2620 -7784 7408 -1023 -1455 -3831 END
START 2468 -6228 5676 820 -3152 -2272 END
START 1192 -5896 5212 1211 -4014 -482 END
START 140 -5724 3584 806 -4665 1019 END
START 72 -7292 1312 974 -4799 1829 END
START 852 -6708 -516 4022 -4976 3839 END
START 604 -7292 -988 5553 -4691 4272 END
START 216 -7188 -1656 4351 -5636 6097 END
START -696 -8916 -3988 3451 -5283 7927 END
START -2764 -10856 -4760 6753 -5692 11617 END
START -4540 -13316 -6604 5963 -5679 14113 END
START -4764 -14460 -11572 -3706 -3251 13890 END
START -5064 -17212 -16268 -11748 1038 12284 END
START -5100 -18172 -18828 -11313 3332 12743 END
START -5768 -17876 -25236 -9707 8136 20354 END
START -8704 -22456 -25256 -6613 19441 26150 END
START -10200 -21676 -25992 -12960 31685 28610 END
START -12288 -31768 -21528 -16152 32767 32767 END