START -6208 -29196 -6024 2842 8567 2381 END
START -7108 -26952 -7248 176 12845 2433 END
START -6704 -27252 -6808 1015 14446 243 END
START -7568 -28324 -6112 1691 15700 -1860 END
START -7256 -30788 -3128 -360 16655 -4259 END
START -7764 -32768 -1124 -5791 15715 -6921 END
START -7612 -32768 372 -8282 16180 -10906 END
START -9544 -32768 3816 -7567 16284 -15266 END
START -8740 -32768 6888 -6627 14330 -19178 END
START -7656 -29596 7656 -8195 12203 -22915 END
START -7260 -24988 8292 -9908 10740 -25263 END
START -5860 -20140 8184 -10965 9800 -25192 END
START -5508 -16428 8392 -9967 8067 -25366 END
START -3316 -12704 8184 -9463 4950 -24890 END
START -2284 -8396 6812 -8763 3015 -23368 END
START -1200 -4776 5980 -8878 1143 -20544 END
START 48 -3340 4792 -8526 -1288 -17282 END
START 1000 -1772 2608 -7512 -2711 -14841 END
START 1476 -740 816 -6508 -2797 -12694 END
START 1916 512 -348 -5704 -2591 -10300 END
START 2368 1220 -880 -6284 -3290 -8018 END
START 2752 2160 -1724 -4764 -3829 -5577 END
START 2524 2476 -2104 -2488 -4496 -3300 END
START 2132 3336 -2304 224 -5451 -619 END
START 2460 2424 -3936 895 -5018 1977 END
START 1924 256 -3504 2056 -5086 3406 END
START 48 296 -3292 3722 -6131 5402 END
START -852 -1616 -2200 5723 -6160 7779 END
START -1488 -2112 -876 7789 -6447 10204 END
START -1924 -2008 -2380 4204 -6589 13802 END
START -3028 -3220 -5296 -1663 -4787 16973 END
START -3032 -5192 -5568 -3161 -1830 20557 END
START -4148 -7928 -1552 9143 -710 22199 END
START -5356 -11620 -3400 20146 -5461 26949 END
START -5932 -16108 -7524 28060 -3145 29295 END
START -6084 -18276 -8680 22412 3499 29649 END
START -6740 -23880 -7020 11306 7756 30892 END
START -9060 -32768 -5336 8470 5917 30974 END
START -8296 -32768 -9936 10713 5515 26790 END
START -6560 -32768 -8872 15130 8711 19543 END
START -3736 -32768 -6180 9761 8899 11565 END
START -1696 -32768 -3080 607 8337 3361 END
START -1068 -32768 -88 -3890 5970 -4933 END
START -1620 -32768 1324 -4652 4325 -13502 END
START -2468 -32768 2752 -6396 3476 -19925 END
START -3804 -32768 6228 -5836 2001 -24416 END
START -4656 -28192 7520 -7662 -1760 -27637 END
START -5416 -22760 7204 -7936 -3909 -29684 END
START -4648 -16804 7376 -10083 -5826 -28865 END
START -4576 -14136 7736 -9613 -7586 -28456 END
START -4716 -11412 7680 -5789 -10464 -26856 END
START -4008 -7568 5300 -4431 -13285 -24362 END
START -2440 -5276 3040 -5228 -14239 -21667 END
START -2100 -3040 580 -7839 -15127 -18466 END
START -1928 -2772 -3420 -7220 -15958 -14986 END
START -1248 -1532 -7708 -3503 -14610 -12014 END
START -880 -456 -12028 -1794 -11714 -8204 END
START -584 -1812 -14264 -1780 -8899 -5567 END
START -1028 -3512 -16740 -464 -5405 -2809 END
START -1888 -5140 -20260 2131 -1546 -1002 END
START -2224 -6352 -23420 3913 4098 917 END
START -2140 -6576 -24660 762 9215 2685 END
START -3564 -7196 -25956 -2543 14373 4637 END
START -3916 -8340 -26252 -1673 20306 7061 END
START -3932 -10568 -23844 2703 25325 8481 END
START -2672 -14232 -20180 8403 28088 9266 END
START -808 -16140 -15232 11412 30951 8624 END
START -180 -18712 -7324 3675 32767 7921 END
START -2388 -23780 8104 -4684 32767 5641 END
START -1036 -27796 25996 -3471 32767 2085 END
START 808 -27148 32767 259 23077 -1906 END