START -5092 -26872 -1892 -413 12450 -959 END
START -5200 -22980 -4996 -872 12720 1837 END
START -5236 -25448 -6064 610 14660 982 END
START -5892 -26960 -4200 5317 17216 -514 END
START -5108 -27012 -632 -638 17066 -3513 END
START -5116 -30356 1896 -9711 14436 -5870 END
START -5796 -32768 3300 -7990 12229 -7657 END
START -5000 -32768 2964 -2927 14489 -11240 END
START -5280 -31140 6528 -6944 14823 -15625 END
START -5932 -29504 9128 -13759 11671 -18196 END
START -5260 -27160 8644 -11274 9796 -20690 END
START -4912 -22564 9508 -8160 7874 -21870 END
START -3484 -18608 9660 -7725 4930 -22495 END
START -2824 -15452 8940 -7650 3082 -22535 END
START -2216 -12564 7536 -7828 529 -21238 END
START -752 -10480 5880 -8621 -1105 -20593 END
START 448 -8668 4592 -8081 -2611 -19641 END
START 2176 -6076 2604 -7524 -3480 -16961 END
START 2184 -5480 508 -7978 -4040 -14822 END
START 2756 -5208 -40 -5939 -3933 -12674 END
START 2420 -3304 16 -4875 -4236 -10792 END
START 2840 -2632 224 -4202 -4519 -8634 END
START 3404 -1816 284 -3568 -4757 -6748 END
START 2280 -296 136 -3330 -6224 -4623 END
START 2528 248 -968 -2507 -8226 -1835 END
START 2728 172 -2184 -216 -8338 480 END
START 2760 212 -3276 1678 -7726 2615 END
START 3184 472 -3268 1718 -7562 5454 END
START 2680 -424 -3664 1518 -7618 7898 END
START 460 -1900 -4396 4018 -6676 10507 END
START -380 -3068 -5008 6910 -5779 13096 END
START -964 -5320 -4472 11368 -4660 15388 END
START -1120 -7428 -4956 13557 -3345 18089 END
START -3216 -9552 -4784 13757 -1040 19436 END
START -4416 -10924 -3208 15042 1287 21193 END
START -4600 -12424 -1584 16234 2991 23402 END
START -3828 -13912 -780 14214 2507 26291 END
START -5872 -19388 -2964 10286 2193 28645 END
START -7396 -24952 -2820 11547 4058 28577 END
START -6420 -25180 -2608 10102 5782 28443 END
START -6144 -30260 -592 3004 3619 28453 END
START -7608 -32768 -5456 -1082 291 25944 END
START -9268 -32768 -7296 7716 2068 19305 END
START -7700 -32768 -4372 7861 4713 10676 END
START -5724 -32768 -108 -6075 3496 2129 END
START -4576 -32768 -564 -12225 777 -5359 END
START -4892 -32768 -2068 -7581 751 -11593 END
START -4892 -32064 -2064 -6573 1679 -15918 END
START -5760 -28984 784 -6127 2127 -19915 END
START -6676 -26040 3004 -5975 355 -22741 END
START -6512 -22164 3080 -6053 -1260 -24574 END
START -6008 -19132 3432 -6451 -1687 -24946 END
START -6072 -15864 4316 -5210 -3292 -25123 END
START -5676 -13980 4032 -3901 -5261 -24559 END
START -4724 -10004 3016 -4465 -6347 -22870 END
START -3228 -7968 2272 -7135 -6632 -21078 END
START -2944 -6268 1932 -7843 -7836 -19196 END
START -1800 -5304 -84 -3832 -9492 -15784 END
START -828 -3772 -3760 -1273 -9155 -12578 END
START 100 -2884 -5580 -2499 -7720 -9636 END
START 344 -3548 -7272 -3300 -6793 -7094 END
START 272 -5264 -8872 -294 -5883 -4497 END
START 132 -6328 -11176 4228 -3751 -2007 END
START 432 -7408 -12564 3577 -2278 123 END
START 732 -10820 -17740 -518 -253 1701 END
START 948 -13892 -23524 -1294 6198 1714 END
START 288 -14792 -24540 695 12983 1508 END
START -44 -15024 -23392 3300 19246 1332 END
START -416 -15364 -20640 4728 23918 1873 END
START -2008 -15844 -17796 4749 28246 2729 END
START -3472 -16220 -12720 2671 31961 3185 END
START -2100 -15488 -6616 -1202 32767 3087 END
START -2232 -14712 -1576 -5634 32767 3463 END
START -1692 -16020 7068 -9505 32767 4591 END
START -1792 -20040 17968 -8747 32244 4211 END