START -248 -9284 -5884 4245 4806 7798 END
START -672 -9312 -6932 -533 6741 10718 END
START -3436 -14152 -8620 214 10218 10921 END
START -5120 -19524 -8336 2893 12076 12521 END
START -5400 -24864 -6828 862 14318 11943 END
START -5192 -28556 -3572 -6115 15570 8131 END
START -3992 -31444 -2584 -6976 15453 5826 END
START -3652 -32768 1592 -814 14388 3832 END
START -2488 -31720 6936 272 11288 299 END
START -1600 -30676 8876 -2909 7999 -3747 END
START -1600 -27800 8916 -7705 6693 -7544 END
START -1184 -25532 8924 -8604 6182 -11201 END
START -1356 -20588 8656 -7641 3380 -11636 END
START -348 -17136 6196 -6384 1437 -12010 END
START 84 -15528 4788 -6504 1013 -12256 END
START -452 -13416 4060 -4550 -171 -11799 END
START -1096 -11660 4028 -3588 -2669 -10332 END
START -1540 -9268 1996 -3679 -2585 -9646 END
START -1348 -7676 1636 -4875 -1450 -9697 END
START -1168 -4920 828 -3209 -1731 -8057 END
START -772 -3208 -216 330 -2369 -4993 END
START -348 -1676 -664 1416 -2668 -2047 END
START -320 -1488 -1048 560 -2006 557 END
START -1296 -2320 -1112 1002 -2147 3370 END
START -1688 -3852 -1740 4019 -2989 6398 END
START -1636 -4700 -2712 7316 -2606 8296 END
START -1904 -5708 -2436 7170 -724 9590 END
START -3108 -7560 -1484 9017 576 12224 END
START -3020 -11284 -1200 10153 -792 14171 END
START -3996 -9752 -3940 7027 -1104 17580 END
START -5380 -14484 -7044 820 380 18911 END
START -6348 -17416 -10788 -1767 1361 17774 END
START -6180 -15036 -16604 -6721 2443 18430 END
START -4936 -18580 -26256 -16561 8097 25414 END
START -7836 -23000 -30004 -9651 17121 26837 END
START -11404 -27508 -26880 -10790 26904 25567 END
START -15560 -32768 -20032 -8281 32767 22243 END