START 4036 -16836 -3096 -2864 103 -2729 END
START 2504 -16096 -3424 -327 1722 1067 END
START 1884 -15224 -5444 167 2070 1049 END
START 2008 -15864 -7872 263 3660 1944 END
START 2432 -15976 -9632 338 6925 1958 END
START 2496 -16684 -8964 -874 10096 1662 END
START 3308 -16880 -6592 -1780 12046 2321 END
START 3852 -17516 -3024 -2769 14319 2743 END
START 3560 -18436 2284 -4275 14896 2310 END
START 4260 -19884 7572 -4491 11989 1873 END
START 4756 -20420 10824 -3308 8592 862 END
START 4508 -19668 11964 -938 5244 71 END
START 4784 -17236 11020 -1112 1657 -1027 END
START 5172 -15304 8448 -2990 -634 -2212 END
START 4612 -13392 6096 -4247 -1830 -2344 END
START 4660 -12956 4056 -2712 -2408 -2162 END
START 4020 -11856 1944 -522 -2697 -1515 END
START 4052 -11372 504 -67 -2580 -928 END
START 3556 -10996 -244 1286 -1848 -69 END
START 3020 -10388 -260 2075 -1789 867 END
START 2516 -10420 348 3451 -1401 1396 END
START 1304 -9296 1532 5098 -1196 1198 END
START 820 -7788 -892 811 -3417 6123 END
START -168 -9620 -1176 871 -3778 7844 END
START -2172 -8500 -836 1774 -4347 9076 END
START -4800 -5828 -336 2960 -5293 11303 END
START -5124 -4980 -4072 -5567 -8457 20244 END
START -7052 -9492 -8628 -10529 -9218 23822 END
START -7880 -14952 -16652 -12866 -7072 23985 END
START -9832 -21920 -25032 -8238 782 25614 END
START -8064 -27532 -30284 -2439 12440 26960 END
START -7636 -29760 -27772 217 24762 24252 END
START -9124 -28600 -22048 926 32767 20216 END
START -10120 -26980 -13132 956 32767 17802 END