START -3344 -14032 -5000 7956 -18 18304 END
START -3660 -15752 -3596 12540 1707 19559 END
START -2788 -15884 -2276 13755 2125 21406 END
START -3648 -19872 -4756 9665 1358 23091 END
START -5580 -25328 -7300 7973 4462 22508 END
START -6256 -28768 -6684 8622 8198 21004 END
START -5540 -29436 -3200 7097 9810 18356 END
START -4872 -31724 -2712 1472 9447 16225 END
START -5228 -32768 -1984 954 9516 12980 END
START -4900 -32768 -1460 4239 11240 9001 END
START -3892 -32768 1176 1366 11256 4332 END
START -3544 -32704 3264 -3277 10627 261 END
START -3572 -31212 4632 -5542 9048 -3025 END
START -3344 -29344 5144 -4321 8026 -6312 END
START -3508 -26924 4548 -5800 7078 -9298 END
START -3636 -25624 3088 -6271 6161 -11550 END
START -3796 -23732 3448 -6303 5858 -13864 END
START -3764 -21980 2584 -6545 4381 -15189 END
START -3800 -20028 2364 -6535 3780 -15910 END
START -3900 -18708 1656 -6622 3866 -16118 END
START -3868 -17616 1800 -5645 3576 -16655 END
START -3980 -15564 2352 -3629 2278 -16956 END
START -2944 -13616 1164 -3626 1312 -16630 END
START -1980 -12376 984 -4032 885 -15969 END