START -320 -3440 1236 -400 -289 4359 END
START -1560 -2124 1924 3937 -844 5349 END
START -2320 -2336 1880 4770 -2691 7675 END
START -1632 -2748 980 5814 -2926 10026 END
START -2644 -4380 -356 4859 -3090 13524 END
START -3016 -7168 -2496 6594 -2439 14887 END
START -4508 -7760 -3700 7766 -1551 16545 END
START -3876 -10048 -3536 9700 -72 19524 END
START -3912 -12820 -3664 10758 -524 21708 END
START -6372 -17572 -4528 10346 -348 23185 END
START -7260 -21444 -6400 12599 -37 24616 END
START -7800 -24408 -6916 13659 1806 24477 END
START -7704 -24968 -6808 8860 4539 25001 END
START -8024 -29044 -7540 2582 4900 24308 END
START -7164 -32768 -7960 4762 6179 22565 END
START -5796 -32768 -8192 1827 8656 19739 END
START -5912 -32768 -7964 -3514 10278 15018 END
START -5952 -32768 -7164 -4880 11740 9645 END
START -6640 -32768 -5208 -4568 15015 3558 END
START -7348 -32768 -460 -6050 16337 -2168 END
START -8060 -32768 3012 -10121 14445 -6824 END
START -8412 -32052 3516 -10464 11491 -10667 END
START -8632 -29772 2168 -8754 10966 -13957 END
START -9252 -27860 1364 -9149 10933 -17908 END
START -9300 -25124 1704 -7254 10606 -21264 END
START -8940 -20992 3256 -4943 9514 -23148 END
START -7800 -17472 3964 -3952 7276 -23935 END
START -6300 -14324 4004 -4644 4799 -23805 END
START -4812 -11284 2028 -6255 3054 -22849 END
START -3340 -7988 792 -5503 2930 -21365 END
START -2052 -6248 932 -3978 2229 -19397 END
START -1988 -3900 1396 -3096 -115 -17167 END
START -280 -2856 44 -5073 -2027 -14002 END
START -8 -2104 -1564 -5348 -1769 -11785 END
START 512 -1352 -2984 -4012 -1382 -9238 END
START 816 -384 -3036 -2782 -2608 -7001 END
START 480 668 -1808 1655 -3044 -4368 END
START 288 968 -988 3866 -3925 -1176 END
START -204 648 -228 2653 -4879 1372 END
START 0 -432 -1052 1292 -6981 4547 END
START -932 -2388 -3280 4753 -7217 7217 END
START -1868 -3308 -4172 7530 -6692 9131 END
START -2364 -4432 -3476 9052 -6173 11489 END
START -2716 -4668 -4060 8082 -5776 14908 END
START -4132 -6636 -4552 5957 -5171 17844 END
START -7024 -12120 -5436 10514 -5117 20074 END
START -7604 -13280 -6940 18069 -3443 21457 END
START -7268 -13268 -5936 16157 -288 23523 END
START -9028 -12620 -6056 5995 1252 27413 END
START -10376 -18716 -12188 -1724 2414 29626 END
START -11652 -24492 -15548 6425 5273 30352 END
START -14000 -28796 -16592 12942 10950 27687 END
START -13608 -32768 -15528 15233 17907 23815 END