START 1252 -3364 -660 1841 -2615 612 END
START 864 -1968 476 1359 -450 3432 END
START -620 -1488 832 -1067 67 4673 END
START -1124 -1756 2040 735 -553 8188 END
START -1444 -1800 2440 4962 -2375 12708 END
START -1724 -4572 2288 8775 -4638 16027 END
START -3728 -6504 684 11737 -5186 18032 END
START -3876 -8140 -964 7738 -2297 20101 END
START -3640 -10648 204 4434 609 19656 END
START -4048 -14876 1508 4734 -1056 19389 END
START -4340 -18560 1112 16461 -3440 20406 END
START -5304 -18796 804 21720 466 21918 END
START -5480 -20924 3036 10261 5613 21276 END
START -5524 -22020 2536 -4077 6890 17618 END
START -6712 -24720 1244 -4845 5340 16535 END
START -7796 -24444 -1212 1477 3183 19142 END
START -9124 -27660 -3296 4692 5435 19774 END
START -9800 -27540 -2620 1173 5192 15369 END
START -8856 -29188 -5832 -3609 7226 12205 END
START -9672 -31764 -3220 3688 10681 9332 END
START -9276 -30508 136 4657 9660 5080 END
START -7712 -30180 2128 -2929 9398 510 END
START -6932 -30156 3872 -4022 9925 -2738 END
START -7240 -28352 5952 -593 7655 -5520 END
START -6664 -28464 7060 -545 4426 -8637 END
START -6140 -27252 6732 -2389 2702 -12137 END
START -6144 -24680 6484 -6517 2311 -15207 END
START -6640 -23236 6424 -6772 361 -17290 END
START -6992 -21696 6384 -6628 -1835 -18534 END
START -6504 -19316 4472 -7289 -2376 -19612 END
START -6352 -16688 3872 -8249 -1127 -20861 END
START -5880 -14284 3792 -8385 -2412 -21005 END
START -4952 -12508 1696 -7297 -3957 -19188 END
START -3452 -11212 -968 -6834 -2834 -16951 END
START -2904 -9056 -1456 -5755 -894 -16030 END
START -2484 -7268 -1576 -6866 -623 -14715 END
START -2176 -7456 -1604 -5295 317 -12760 END
START -2768 -7896 448 -630 1031 -10602 END
START -2508 -6000 2292 1608 -570 -9316 END
START -1700 -5116 2484 -523 -2626 -7800 END
START -676 -3364 1424 -2440 -2738 -4578 END
START -756 -3928 1960 -2144 -1940 -1889 END
START -472 -3256 2108 1004 -4294 442 END
START 360 -2836 1392 3817 -5094 4194 END
START -16 -3644 -116 4201 -3888 7888 END
START -956 -5896 -52 6996 -2927 10546 END
START -1316 -6708 -392 9556 -3156 13302 END
START -1252 -7848 -1612 10173 -2154 15244 END
START -2444 -8616 -1520 9609 345 15835 END
START -3816 -10764 -1524 8750 1181 16991 END
START -5216 -14464 -2728 12521 1120 20325 END
START -5872 -16980 -4496 14528 5856 23253 END
START -7912 -19404 -4952 6871 9309 22810 END
START -8112 -21040 -7712 -2542 10789 21082 END
START -9992 -27188 -7936 -2343 10171 20542 END
START -10552 -28240 -5448 9515 7546 20050 END
START -9540 -27724 -7232 10827 9303 18799 END
START -8920 -26856 -8624 738 19640 15393 END
START -10800 -28380 -7180 -10726 26623 11052 END