START 2780 -8372 1588 -2346 -321 -4897 END
START 4360 -6420 2928 -2522 -767 -2791 END
START 4000 -5208 2296 -2026 -600 -1753 END
START 3672 -2376 2784 -906 -891 158 END
START 2744 -1180 3324 -40 -803 2743 END
START 12 -80 4972 3060 -1638 6847 END
START -768 -1224 5744 1978 -4299 11330 END
START -788 -2544 4352 -1699 -5020 15218 END
START -1132 -5860 2364 -1673 -6686 17820 END
START -2252 -9296 -356 4376 -7023 20088 END
START -3004 -12336 -1528 8104 -5892 20385 END
START -4760 -13888 -1068 9753 -3188 22295 END
START -5256 -17024 -800 8764 -2176 24474 END
START -5020 -21216 -3192 7259 -2717 24489 END
START -5020 -24708 -8244 6408 722 23200 END
START -5576 -27692 -7892 7785 5444 20821 END
START -5044 -27924 -7272 4925 7113 19475 END
START -4396 -31524 -7084 4976 8987 17795 END
START -4096 -32160 -5016 6508 10312 15373 END
START -3644 -32768 -2120 4106 9874 12319 END
START -3524 -32768 -920 -145 9192 7442 END
START -2832 -32768 -240 -4823 9204 1523 END
START -2376 -32768 1216 -6618 8847 -3423 END
START -1608 -30880 2460 -6104 7627 -6548 END
START -1936 -27936 2980 -5232 6317 -8706 END
START -2528 -27104 2484 -6888 5441 -11735 END
START -3164 -25184 2920 -9398 5594 -14521 END
START -4444 -23596 2480 -9724 5452 -16370 END
START -5108 -21356 3064 -8232 4830 -17456 END
START -4508 -19520 2768 -6811 4269 -17580 END
START -4196 -17912 3580 -4949 4036 -18534 END
START -4592 -15820 2648 -5695 2890 -18396 END
START -4060 -14556 2208 -6025 2560 -17441 END
START -3368 -13628 3496 -4830 1592 -16890 END
START -2872 -11708 3340 -4554 -801 -16468 END
START -1592 -9524 1564 -5849 -2270 -14752 END
START -964 -7920 264 -6543 -1494 -13128 END
START -196 -6296 -232 -4500 -831 -11660 END
START -208 -4288 -216 -3138 -1476 -9630 END
START 256 -2660 -792 -1953 -663 -6601 END
START 200 -2124 528 -166 -690 -3823 END
START 336 -1792 1176 1090 -2436 -1375 END
START -44 -2164 4 3659 -3040 2097 END
START 64 -2936 -800 5697 -2869 5623 END
START -72 -3740 -972 5741 -2697 7925 END
START -640 -5092 -252 7140 -2400 9927 END
START -1572 -4480 -616 8241 -2588 12610 END
START -2128 -5528 -1376 6849 -1819 16891 END
START -3156 -6912 -2844 7067 -1255 20748 END
START -5340 -8236 -7856 6173 288 25930 END
START -4656 -11436 -15224 930 6673 29453 END
START -4684 -12796 -19428 -2378 13606 31513 END