START -380 -8344 -1348 2224 -5947 16470 END
START 720 -11028 -4096 6747 -4066 18495 END
START -216 -12424 -3748 6575 -2097 20242 END
START -3248 -15216 -3264 6336 191 21307 END
START -6360 -18780 -2184 7211 1673 21833 END
START -7216 -22168 -1448 11826 1933 21281 END
START -7036 -24112 -2052 11312 4143 20160 END
START -7372 -25404 -3000 5848 6334 18530 END
START -8700 -26372 -3196 5587 7683 16731 END
START -8772 -24412 192 7418 7050 16573 END
START -7800 -27228 -1108 2965 4784 16977 END
START -7212 -30796 -7860 -1553 6499 14974 END
START -6896 -32768 -9136 -2647 10036 11682 END
START -6044 -32768 -6192 970 13323 7775 END
START -6208 -32768 -2556 -2183 14193 3624 END
START -6160 -32768 1800 -5381 14795 223 END
START -6052 -32768 4636 -9062 14474 -3228 END
START -6364 -32768 5740 -9315 12942 -6986 END
START -6240 -32240 7220 -8782 10160 -10961 END
START -6408 -30412 5096 -8569 10682 -15100 END
START -7444 -26464 6536 -9627 11100 -19024 END
START -7256 -21760 7248 -8910 9005 -21431 END
START -6436 -16564 6368 -8039 6844 -21751 END
START -5672 -12216 5232 -8642 6212 -21061 END
START -4648 -9984 4612 -7856 4769 -20268 END
START -4004 -7148 2532 -5899 2530 -18211 END
START -2812 -5696 1220 -5433 2301 -16105 END
START -2160 -4092 60 -4434 1339 -14140 END
START -1732 -2336 -1180 -3315 1242 -11784 END
START -744 -1632 -868 -2656 585 -9485 END
START -736 -1268 -176 -1450 -432 -6675 END
START -380 -988 -476 -1558 -1634 -3885 END
START -584 -888 -256 -918 -3181 -1164 END
START -928 -1352 -1284 -337 -3805 1737 END
START -788 -3320 -1316 -266 -4374 3949 END
START -1420 -5012 -1924 2914 -4988 5862 END
START -1968 -4096 -1968 3582 -5555 7970 END
START -2516 -4596 -1920 4783 -4923 10486 END
START -3300 -4780 -1380 3877 -4466 13372 END
START -5368 -7692 -2192 6049 -6066 16099 END
START -7172 -7844 -4908 9389 -6418 19176 END
START -7868 -10264 -8324 9728 -5209 22491 END
START -8100 -7864 -12828 4762 -1605 27077 END
START -10292 -7964 -18076 -8841 816 32767 END