START -3260 -3640 -2464 4816 -943 10564 END
START -3644 -5232 -1636 3202 -204 13604 END
START -4336 -7480 364 3828 -1640 14860 END
START -4384 -9636 1116 7789 -2930 16222 END
START -4548 -12196 -1244 9791 -4021 18010 END
START -4916 -15136 -2976 8781 -3157 18523 END
START -6796 -16836 -1908 8094 -1941 18525 END
START -7372 -17260 -176 7135 -2462 18653 END
START -7584 -19116 -2404 7679 -3884 20343 END
START -7544 -22600 -7908 8047 -2425 20288 END
START -8408 -23044 -8672 7563 2677 19349 END
START -7756 -23748 -6280 5472 4039 19808 END
START -7388 -27568 -8064 2146 2274 20614 END
START -7220 -31812 -12084 1080 5778 18833 END
START -6848 -32768 -10716 869 11769 15065 END
START -7164 -32768 -6768 1326 13016 10826 END
START -7004 -32768 -2488 -1375 13591 5664 END
START -7568 -32768 1196 -6287 15431 895 END
START -8196 -32768 6648 -10438 15678 -4362 END
START -7824 -31912 7732 -10635 11295 -8247 END
START -7552 -28168 5652 -9794 8240 -11638 END
START -7540 -25032 3844 -8602 6034 -13976 END
START -7836 -21532 1012 -7906 6430 -16730 END
START -6740 -18084 1356 -8858 6599 -18677 END
START -6288 -15236 984 -10019 6163 -19059 END
START -6204 -12496 428 -8684 5890 -18940 END
START -5232 -10272 -732 -7509 6559 -17450 END
START -3892 -8496 -420 -5862 7054 -15444 END
START -3276 -7068 124 -5725 5309 -14193 END
START -2336 -6224 -312 -5397 4239 -12421 END
START -1516 -5292 -992 -3690 3575 -10365 END
START -1012 -4880 -716 -2064 3033 -8341 END
START -1216 -4716 488 99 2412 -7070 END
START -728 -3416 1060 1225 761 -5517 END
START -436 -2848 1636 2307 -957 -3026 END
START -784 -1752 1700 3537 -2314 -331 END
START -352 -2220 1520 4296 -4695 2307 END
START -476 -2788 432 6728 -5474 5410 END
START -1192 -3796 292 6925 -6520 8260 END
START -2176 -4264 -432 7293 -7201 11130 END
START -3240 -5384 -2172 8232 -6502 14014 END
START -5744 -6316 -3504 10110 -5933 16891 END
START -7124 -8856 -5368 12243 -5276 20341 END
START -9612 -9412 -7160 13027 -2666 23094 END
START -11296 -10540 -8956 9362 -498 26974 END
START -13568 -15700 -12936 3851 1747 30521 END
START -16652 -23040 -16108 8639 5658 30674 END
START -18104 -26328 -15464 14876 11949 28527 END