START -2148 -8892 -1932 5707 -2125 12227 END
START -2628 -10552 -3564 7067 -2033 14130 END
START -2416 -12012 -4952 10044 663 15025 END
START -3112 -11384 -3176 10581 3303 16117 END
START -3860 -10940 -2848 7951 3051 18839 END
START -4384 -13120 -7520 2738 3889 21967 END
START -6244 -18736 -9764 619 7998 22803 END
START -7680 -25580 -10884 12105 11182 22266 END
START -7248 -26460 -10404 19449 15200 19927 END
START -7720 -27084 -8232 14675 20057 16773 END
START -7528 -27972 -5460 2226 25852 14725 END