START -3288 -19252 -4780 10054 6253 15731 END
START -2928 -20500 -5756 1759 9827 17133 END
START -4760 -29200 -6028 -130 10631 15526 END
START -5744 -32768 -4180 5145 13362 11185 END
START -6084 -32768 -888 -1996 13481 5327 END
START -6284 -32768 3520 -8600 12202 -615 END
START -6280 -32768 5804 -9139 8764 -5205 END
START -6660 -32768 4616 -9708 7395 -9212 END
START -6672 -31924 4468 -11712 8835 -14583 END
START -7564 -26568 4892 -14264 9050 -19234 END
START -7172 -21760 5988 -12498 8138 -21437 END
START -6528 -16128 6212 -8627 6964 -20646 END
START -5368 -11252 6748 -6351 5685 -19808 END
START -4636 -8144 7276 -6684 3690 -18726 END
START -3608 -5104 5508 -6491 2103 -16373 END
START -2112 -3884 4148 -9248 917 -13289 END
START -816 -4216 2148 -8226 513 -10521 END
START 92 -3388 592 -4388 617 -8288 END
START 168 -2980 456 -1382 108 -6752 END
START 632 -2324 108 -25 36 -3432 END
START 152 -2840 1476 414 190 -917 END
START -308 -2336 2736 2562 -1632 1547 END
START 172 -2760 1360 3767 -3904 5024 END
START -144 -3336 -660 4190 -5038 8124 END
START -520 -4588 -3596 4309 -3470 11118 END
START -1660 -5844 -4504 6430 -852 13433 END
START -2804 -7100 -3928 9567 -788 15871 END
START -2356 -9504 -4544 11850 -944 18733 END
START -2896 -11848 -6292 11318 1339 21723 END
START -4156 -15744 -7556 5253 4597 24392 END
START -5388 -24304 -8504 3082 6479 24741 END
START -5060 -32000 -10424 3776 5568 24082 END
START -5628 -32768 -11824 3313 7486 21065 END
START -6760 -32768 -9172 2837 11537 14061 END
START -7856 -32768 -3440 -13 13773 4930 END
START -7724 -32768 1572 -4474 13476 -3737 END
START -6848 -32768 4412 -9180 11783 -9299 END
START -6132 -29808 4396 -9370 8955 -12683 END
START -5444 -24112 3320 -9906 8023 -15417 END
START -5668 -19260 3416 -9028 6938 -17115 END
START -4608 -14616 2776 -7817 5177 -16640 END
START -3656 -11812 2388 -7231 4497 -15622 END
START -3616 -9944 1448 -6633 4185 -14990 END
START -2892 -8720 892 -5404 3358 -13949 END
START -2544 -7480 756 -2948 2445 -12024 END
START -1980 -6108 908 -1341 1560 -10069 END
START -1496 -5044 36 -1533 370 -8321 END
START -1104 -4976 -920 -1508 486 -6611 END
START -1172 -5076 -748 -352 255 -4328 END
START -1068 -5124 -884 1623 -581 -2377 END
START -888 -5412 -440 3946 -1913 -552 END
START -492 -4836 -636 4440 -2985 1750 END
START -1056 -4528 -1428 2598 -3261 4178 END
START -1732 -5356 -2328 1767 -3057 6826 END
START -2592 -5376 -2556 2844 -3136 9394 END
START -3956 -5928 -3048 5857 -4503 12206 END
START -4488 -5792 -5484 6641 -5287 16699 END
START -4760 -8504 -11708 4023 -2478 18786 END
START -5364 -10888 -17568 727 3963 20341 END
START -4752 -14520 -21896 1420 12945 20613 END