START 1648 -4900 4704 1906 -1268 4493 END
START 136 -5500 4796 -923 -3275 6423 END
START -996 -6496 3952 -881 -5495 8430 END
START -880 -8632 1332 437 -6313 9598 END
START -844 -8376 92 2620 -5543 11176 END
START -944 -8696 -108 3632 -4649 12765 END
START -1412 -9284 -768 4341 -4017 14761 END
START -2088 -12036 -1476 3216 -3226 16505 END
START -4396 -13936 -2900 4651 -2388 17541 END
START -4384 -14532 -3260 4607 -1683 19060 END
START -4640 -16824 -4784 7396 -1257 21243 END
START -5972 -21580 -5668 7821 1116 22627 END
START -7428 -24876 -4984 5429 2770 21283 END
START -8472 -27820 -4960 4159 3648 19099 END
START -6912 -29532 -5492 4306 5698 16976 END
START -5484 -30812 -5032 2218 7935 14673 END
START -5664 -32768 -3556 1569 9378 11262 END
START -6280 -32768 -2092 1487 10243 6665 END
START -5308 -32768 572 -1139 9825 1403 END
START -4628 -32768 840 -3836 9758 -2916 END
START -4280 -31084 1544 -2081 9999 -6129 END
START -4268 -28660 2956 -2809 9974 -9755 END
START -4416 -27164 4312 -6636 8535 -12475 END
START -4288 -25380 4404 -7508 7547 -14436 END
START -4408 -24496 3832 -7477 6855 -15948 END
START -5712 -22320 3836 -6531 5807 -17661 END
START -4896 -20168 3868 -8006 4803 -18407 END
START -4204 -18732 3608 -7064 4074 -19026 END
START -4504 -15800 4268 -5163 2629 -18719 END
START -4124 -13856 3920 -5260 382 -17881 END
START -2908 -12184 2428 -5786 -194 -17296 END
START -1856 -10824 2388 -5914 -966 -16074 END
START -1472 -8744 308 -4972 -2364 -14567 END
START -332 -7176 -1384 -4395 -2190 -12773 END
START 712 -5168 -2092 -3519 -347 -11273 END
START 80 -3432 -1460 -3787 -39 -9066 END
START 276 -3024 -1260 -1010 -488 -6411 END
START -80 -1644 -1216 1350 -872 -3460 END
START 104 -980 -1288 468 -1470 -845 END
START 584 -1052 -1476 -22 -2426 2204 END
START 104 -1548 -2520 2010 -2971 5709 END
START -592 -3892 -3068 3145 -2308 7976 END
START -2480 -6568 -2560 4478 -2179 9920 END
START -3544 -7516 -1080 5597 -2739 11579 END
START -3644 -8116 692 7328 -3279 13740 END
START -3168 -9180 -1316 5701 -4887 16483 END
START -3764 -11412 -4684 5788 -4714 18307 END
START -4732 -12944 -5248 8667 -2991 20391 END
START -5752 -14084 -4648 9885 -1459 22343 END
START -6572 -16648 -5880 9372 -1614 23995 END
START -6456 -20252 -11992 6741 81 25503 END
START -7016 -23844 -17604 5850 9986 23172 END