START -1512 -10724 2364 831 1820 -12098 END
START 1460 -7716 4856 5386 -2569 -8454 END
START 3252 -3212 1896 727 -3374 -3638 END
START 2928 -6324 952 -4767 -1081 -3057 END
START 2420 -5572 1080 -2023 -628 -3035 END
START 2296 -2820 916 1224 -1062 -880 END
START 2280 -1904 1520 -268 -2636 4433 END
START 1864 -2464 1776 482 -2037 6928 END
START 1292 -2408 1300 154 -1407 10716 END
START 1096 -4628 56 1380 -1090 13613 END
START 1100 -5468 -1100 2026 52 16701 END
START -940 -6636 140 2265 1705 18886 END
START -2988 -8920 2664 3025 1433 20843 END
START -3536 -11960 2628 4223 -1629 23052 END
START -4888 -15652 1136 6934 -3414 24311 END
START -4688 -16160 560 10480 115 23109 END
START -6068 -16444 96 7884 1758 22180 END
START -6012 -19544 -3056 529 633 24149 END
START -7804 -26712 -4468 1692 3912 25690 END
START -8948 -31976 -2576 14387 9615 24288 END
START -8708 -31340 1748 15430 10365 19683 END
START -6408 -30120 3340 822 5973 13957 END
START -7024 -32768 1288 -10341 3945 10339 END
START -6760 -32768 1344 -6360 5344 7006 END
START -6168 -32768 1352 -3522 4650 4646 END
START -6016 -32424 2612 -3051 3134 -65 END
START -6104 -29536 3588 -5160 1384 -5662 END
START -5944 -24196 2636 -9773 1135 -7718 END
START -4644 -21804 1164 -14631 4325 -6787 END
START -5840 -22852 2324 -14896 5367 -7883 END
START -7208 -22852 3856 -8060 3605 -10729 END
START -6876 -20084 4212 -6784 1836 -10832 END
START -6792 -19908 2608 -10311 3427 -12671 END
START -8268 -19752 2596 -10185 4831 -14927 END
START -7856 -19256 3332 -5234 3423 -15683 END
START -7124 -15896 3720 -3511 1686 -16109 END
START -6484 -14104 2844 -6314 744 -16898 END
START -5628 -13344 1732 -5734 1642 -17700 END
START -5112 -10776 1552 -4759 1242 -17231 END
START -3732 -8772 1632 -3652 -298 -15934 END
START -2564 -7068 744 -2338 -1223 -14139 END
START -1532 -6364 268 -1902 -1794 -11811 END
START -936 -5580 -776 -1533 -1134 -10104 END
START -768 -5648 -616 -1151 -240 -8682 END
START -624 -5704 224 2789 -655 -7125 END
START -452 -3872 364 4731 -1666 -3968 END
START 928 -3096 380 2833 -2399 -1050 END
START 1444 -2980 -604 1083 -1827 1942 END
START 924 -3824 -612 2909 -1155 4806 END
START 36 -4888 -900 6597 -1768 7468 END
START -308 -5696 -1252 9058 -2543 10088 END
START -892 -6312 -2176 11010 -417 12080 END
START -2112 -5260 -2068 10765 2081 15453 END
START -3740 -8352 -1516 10266 2955 18637 END
START -4664 -10172 -3016 10367 4829 21834 END
START -6296 -12952 -3996 9746 6884 22927 END
START -9368 -15276 -3156 11171 8749 24329 END
START -12012 -21260 872 11673 9696 22666 END