START -5376 -8132 -6136 4699 2300 3904 END
START -5524 -6124 -7340 4600 6318 9829 END
START -6056 -6524 -9108 74 10531 12835 END
START -7728 -9308 -9488 1080 11478 14613 END
START -9244 -14676 -8532 7618 12547 14505 END
START -9868 -20984 -6768 7972 14442 15284 END
START -8384 -30248 -2348 4132 17019 13983 END
START -6320 -32768 3536 4389 15436 10775 END
START -4748 -32768 8744 9307 10291 5685 END
START -3496 -32768 10532 5099 6573 -568 END
START -2444 -32768 8100 -9971 8363 -8293 END
START -3848 -32768 7332 -13897 8384 -14792 END
START -4272 -27044 5416 -11315 6421 -17440 END
START -4704 -21564 4972 -9813 4631 -18287 END
START -4964 -17500 4940 -10497 4092 -18713 END
START -5344 -13956 5488 -7849 3203 -18795 END
START -4940 -10876 5176 -7146 1287 -17869 END
START -4360 -8372 3936 -6717 493 -16078 END
START -3856 -6452 3836 -5406 320 -14827 END
START -2844 -4164 3028 -4313 -1519 -12404 END
START -1100 -2344 1928 -3607 -2793 -9891 END
START -16 -1408 728 -5370 -2625 -7132 END
START 344 -852 740 -2959 -2711 -4119 END
START 104 -664 1076 -41 -3461 -1410 END
START -476 -1136 1432 1144 -4561 1073 END
START -668 -1572 532 1799 -5694 4182 END
START -20 -2916 -532 2885 -6349 6759 END
START -176 -3688 -2344 5449 -5840 8945 END
START -1164 -5344 -4236 6296 -4484 11459 END
START -2676 -7644 -4288 8530 -3129 13435 END
START -4220 -9092 -3448 13644 -2707 15183 END
START -5388 -10820 -4016 14010 -3014 18024 END
START -6596 -14968 -7092 9166 -1404 20428 END
START -7944 -18680 -9320 7043 2134 20313 END
START -8532 -20552 -9044 6805 4355 20563 END
START -8580 -25392 -9284 8612 4755 21227 END
START -8344 -29140 -9728 9475 5980 20546 END
START -8352 -32768 -10556 2096 10724 18995 END
START -10468 -32768 -6896 -3575 15651 13571 END
START -11024 -32768 -3476 65 14471 6462 END
START -9948 -32768 1308 4786 12809 -1321 END
START -8284 -32768 5320 -3621 12570 -7018 END
START -7732 -32768 6312 -11749 10834 -11286 END
START -7180 -29140 3868 -11629 8150 -14555 END
START -6948 -23668 2208 -9176 7530 -16727 END
START -6108 -18608 1756 -8147 8188 -17105 END
START -5456 -15368 2836 -9762 7636 -16945 END
START -5108 -13444 2820 -8327 5529 -16498 END
START -4480 -11052 1520 -6965 5156 -15726 END
START -4468 -8136 2176 -5955 5275 -14207 END
START -4080 -6180 3564 -5147 3868 -12559 END
START -2988 -4572 4148 -3920 1277 -10620 END
START -2096 -2068 2572 -4639 -597 -7700 END
START -1352 -2496 1328 -5166 -1297 -5723 END
START -1492 -2400 360 -2530 -2121 -4216 END
START -964 -2428 -692 935 -2668 -2185 END
START -1228 -2288 -56 2852 -3931 -226 END
START -1124 -2788 -1392 2018 -4812 1806 END
START -1912 -4276 -1504 4015 -5031 3833 END
START -2796 -4016 -1468 5831 -5073 5842 END
START -3956 -5176 -464 7067 -5684 7752 END
START -5056 -5028 -572 9688 -7089 9819 END
START -6284 -5864 -3200 10642 -8291 13531 END
START -7632 -7556 -5660 13002 -6212 16430 END
START -8352 -7992 -8924 11517 -3792 19495 END
START -8744 -9188 -12632 6207 -17 22737 END
START -10284 -13036 -17072 2778 4845 25806 END
START -12336 -17996 -19468 6834 8965 28351 END
START -14616 -21080 -21268 5136 10923 31554 END
START -19984 -32724 -19288 1470 15468 32767 END