START 272 -5856 2300 -6214 -2522 -9212 END
START 1416 -4620 1636 -4036 -4223 -6021 END
START 1332 -2436 416 -1308 -2813 -2582 END
START 1428 -216 140 -1213 -933 822 END
START 1176 -824 628 -1792 -1176 2938 END
START 1448 -968 384 -887 -2392 6955 END
START 560 -1368 96 4099 -2725 11663 END
START -1000 -1260 540 5705 -1956 15122 END
START -1828 -3640 564 4242 -2144 18432 END
START -2504 -6560 -520 6530 -1667 21448 END
START -3712 -10188 -344 8301 -1175 22469 END
START -5064 -12216 340 9293 803 23353 END
START -6840 -14200 1000 7504 2646 25272 END
START -7140 -19004 588 6120 1722 25358 END
START -7884 -21636 -488 9419 2958 24762 END
START -9036 -21724 -272 9020 4298 23704 END
START -8712 -24632 -2612 6187 4988 23174 END
START -8768 -28264 -4068 5066 6377 21680 END
START -9348 -27464 -4060 5431 8821 18710 END
START -9204 -26876 -2588 3446 9896 16392 END
START -8648 -27676 -3672 -66 9831 14516 END
START -9480 -30104 -4216 542 10767 11864 END
START -9884 -30276 -2068 3180 11148 8337 END
START -9248 -28820 -200 2573 10416 4603 END
START -9188 -28340 592 -482 11489 603 END
START -8832 -27180 1608 -3052 10808 -2752 END
START -8080 -26380 2144 -4557 9514 -5418 END
START -7704 -25848 3228 -3174 8006 -7447 END
START -7740 -25056 3604 -2628 7051 -9662 END
START -8400 -24776 5328 -3311 5256 -12060 END
START -8388 -22812 6092 -3448 4180 -13902 END
START -8064 -22040 5700 -6277 2620 -15685 END
START -7900 -21100 4276 -7358 1993 -17524 END
START -7856 -19488 3684 -5074 1669 -19218 END
START -8376 -16500 3636 -2522 1472 -19816 END
START -7664 -15132 4336 -1826 199 -20273 END
START -6244 -13452 3168 -3443 -1094 -19646 END
START -5064 -12540 1564 -2550 -1600 -19151 END
START -4032 -11236 -408 -50 -2322 -19840 END
START -3280 -8700 -968 889 -1874 -18007 END
START -2748 -6636 -1128 -374 -1001 -15522 END
START -1444 -5884 -1196 -2230 -1161 -14004 END
START -772 -5420 -1532 -1523 -1867 -11991 END
START -800 -3464 -1984 1532 -2126 -8441 END
START -544 -2780 -1468 2595 -1384 -5156 END
START -604 -2528 -388 2033 -1631 -2551 END
START -572 -2676 100 1810 -2471 504 END
START -1148 -2988 -764 2169 -3317 3891 END
START -984 -3816 -2068 1141 -3274 6969 END
START -1080 -5472 -2544 1388 -2197 9615 END
START -1928 -6108 -2208 4135 -1717 11867 END
START -2232 -6424 -1856 6110 -1706 14494 END
START -3316 -7224 -2220 5430 -218 17147 END
START -4520 -9140 -2576 4937 1399 19090 END
START -5284 -13264 -4812 6859 2307 20985 END
START -6840 -14684 -7112 9027 5244 21074 END
START -7404 -14732 -7984 7513 9540 21638 END
START -8236 -17120 -10368 3712 12907 23022 END
START -9656 -20740 -10980 -1634 16231 23339 END
START -11736 -30592 -11288 2884 23187 20731 END
START -13492 -32768 -5592 10848 24477 17826 END
START -13464 -32768 144 17476 24150 11077 END