START 5476 -12120 2260 -6353 2715 877 END
START 3304 -6036 1100 -5574 -145 4020 END
START 2336 -5704 2840 -663 -1837 6109 END
START 1960 -4368 3212 2954 -3205 8746 END
START 1064 -4516 3820 3444 -4423 10376 END
START -4 -5288 2760 2267 -5857 12084 END
START -680 -7404 1580 1610 -6781 12633 END
START -2108 -7620 352 5511 -5567 13781 END
START -1936 -8864 -676 8328 -4493 17409 END
START -1384 -11012 -1924 8843 -4012 19325 END
START -2020 -14256 -3340 8515 -1704 19867 END
START -3436 -15528 -2784 11348 723 19618 END
START -4620 -16696 -2404 12492 1907 23371 END
START -4952 -21252 -3324 12037 3592 25118 END
START -5652 -24156 -4564 8810 5577 24551 END
START -6016 -26928 -4628 4866 7843 22590 END
START -6120 -29768 -3840 3774 8050 21767 END
START -6104 -31872 -2800 6852 7994 20026 END
START -6248 -32768 -1660 4530 7120 17218 END
START -5484 -32768 -3260 -1987 7704 12520 END
START -4844 -32768 -4128 -8921 9050 6820 END
START -4420 -32768 -3240 -9824 10400 833 END
START -4468 -32768 -900 -6601 12586 -4268 END
START -4748 -30340 2364 -7422 12800 -7844 END
START -4568 -27868 4500 -10529 10362 -10136 END
START -4964 -26252 4548 -11255 7963 -11993 END
START -5012 -25188 2796 -9890 7469 -14125 END
START -5072 -22444 2652 -10181 8824 -16175 END
START -5212 -20740 4064 -9672 7981 -17680 END
START -5304 -18744 3424 -8752 6701 -18426 END
START -4860 -17116 3808 -7651 5565 -18922 END
START -4324 -14676 4276 -6046 4875 -19578 END
START -3816 -11744 3588 -7060 2872 -18136 END
START -3040 -11168 1780 -6902 1241 -16596 END
START -1860 -9652 372 -5704 1525 -16111 END
START -1396 -7336 -1208 -4436 1071 -14498 END
START -332 -5176 -2116 -5131 1040 -12724 END
START 204 -4160 -2924 -6336 1203 -10292 END
START 144 -4624 -2660 -2280 1611 -8448 END
START 100 -4000 -2608 2318 641 -6918 END
START 268 -3680 -2408 4141 165 -4266 END
START 464 -4024 -1284 4258 165 -2469 END
START 828 -3212 -1060 3018 -1362 146 END
START 1456 -3292 -2172 1273 -1663 3859 END
START 1260 -4756 -2524 2928 -1689 6094 END
START 484 -5876 -2488 5570 -2796 8268 END
START -692 -6604 -2128 7055 -2547 10557 END
START -1632 -7188 -816 6694 -2251 12460 END
START -2760 -6620 -704 3785 -3692 16002 END
START -3764 -9916 -3100 6065 -6195 19056 END
START -5008 -9816 -6216 10425 -4020 21452 END
START -5848 -9312 -7136 8822 384 23919 END
START -6652 -11256 -10688 1339 1805 27483 END