START -1176 -736 1088 1679 -289 4325 END
START -1692 -1744 3764 1981 -2128 8641 END
START -2304 -4664 3988 4324 -5338 11243 END
START -3620 -7548 1116 5676 -6910 12334 END
START -4604 -9904 -68 5996 -6630 12378 END
START -4176 -11192 396 8714 -7173 13181 END
START -2988 -11036 -832 7334 -7661 14502 END
START -3696 -12580 -3096 4226 -7915 16188 END
START -4596 -15752 -6944 5667 -6411 17600 END
START -5120 -16660 -8404 6617 -3886 18424 END
START -6332 -17716 -7768 7435 -2081 20127 END
START -7180 -21372 -10556 8957 -2287 22145 END
START -7568 -24196 -11864 8871 2782 21931 END
START -8144 -25924 -9108 6297 6296 21065 END
START -8132 -29752 -9652 1157 6900 19964 END
START -7404 -32768 -12092 807 9591 17219 END
START -7132 -32768 -11400 1452 14036 12704 END
START -6820 -32768 -7000 1360 15866 7100 END
START -6800 -32768 -2352 -1046 17170 2855 END
START -6548 -32768 1588 -7784 16883 -1421 END
START -6488 -32720 4296 -7223 14467 -5326 END
START -5780 -29204 3748 -5901 11710 -8906 END
START -5916 -26396 2240 -8236 11550 -11332 END
START -6144 -24236 2628 -9409 10760 -14002 END
START -5808 -21768 2332 -7501 8609 -16313 END
START -5788 -18700 840 -6022 7792 -16931 END
START -5364 -15720 1356 -6141 8188 -17763 END
START -4784 -12480 2048 -6537 6729 -17936 END
START -4120 -10260 1568 -4737 4893 -16908 END
START -3208 -8460 464 -3370 3852 -15614 END
START -2940 -7392 200 -2423 2853 -14647 END
START -2088 -6452 -300 -2876 1757 -13453 END
START -1412 -4752 36 -2030 295 -11547 END
START -812 -4296 -1552 -312 -355 -9644 END
START -388 -3092 -1764 -332 -649 -7880 END
START -520 -3184 -1040 1955 -1802 -5723 END
START 8 -2264 -1472 3813 -2632 -3171 END
START 504 -2112 -1184 3183 -2723 -18 END
START 420 -2000 -1188 2598 -3468 2733 END
START 404 -4008 -3080 3319 -4607 5389 END
START -620 -4688 -4876 6002 -4588 7862 END
START -1992 -5588 -4240 9437 -3271 9890 END
START -3160 -6296 -2876 12488 -1727 12611 END
START -3608 -7284 -2360 11987 -942 15207 END
START -4360 -10280 -3680 11513 -1265 18330 END
START -6252 -12232 -7260 12613 940 20449 END
START -8364 -13744 -10764 9912 5584 22227 END
START -8760 -17852 -13304 6893 9675 23562 END
START -9944 -22284 -13972 14380 13747 23679 END
START -10256 -24280 -13256 18791 18862 22561 END
START -10108 -30216 -10768 17154 25284 20427 END