START 2224 -3804 832 -5620 -1872 -5844 END
START 1404 -2360 920 -461 1739 -3017 END
START 1088 -764 2784 3864 2822 -497 END
START -392 1220 4740 1143 -102 1967 END
START -1164 784 4760 -877 -3437 5760 END
START -128 700 3660 2192 -4514 10069 END
START -148 460 2028 3169 -4774 14145 END
START -284 -1956 540 3885 -5484 17504 END
START -2196 -4372 -788 4091 -4511 20673 END
START -2988 -6432 -1172 6080 -3239 23172 END
START -3716 -10420 -2652 8234 -3602 25583 END
START -5568 -13676 -4012 11200 -830 28046 END
START -7104 -19012 -2488 13150 1432 29034 END
START -7972 -23592 -1676 14015 1798 28897 END
START -8544 -28260 -672 12960 2451 26380 END
START -8864 -29204 -2188 7232 3982 24146 END
START -8648 -31736 -2672 63 5788 20370 END
START -8472 -30968 -3796 -1429 8939 17563 END
START -7988 -32164 -3220 -1489 9924 14888 END
START -8308 -32768 -508 4407 8968 12101 END
START -7652 -32768 -232 6214 8792 8250 END
START -6812 -32768 564 -288 10718 2527 END
START -6764 -32412 1756 -6636 11067 -2143 END
START -5988 -30200 3268 -4195 9586 -4977 END
START -5852 -28592 4960 -3666 7967 -7052 END
START -6008 -27248 5276 -6390 5970 -9456 END
START -6532 -26368 4612 -8956 5529 -12570 END
START -6884 -23468 4780 -9101 5468 -14441 END
START -6712 -22580 4956 -8210 4626 -16404 END
START -6348 -20656 4468 -7477 3404 -16956 END
START -6336 -19452 3716 -5731 3043 -18213 END
START -5828 -18212 2908 -5035 2648 -19362 END
START -5596 -17000 2716 -2731 1848 -19750 END
START -4944 -14540 2504 -2376 1528 -19365 END
START -3932 -12612 2612 -4085 1000 -19152 END
START -3292 -11992 1256 -4621 -531 -18534 END
START -2228 -10352 -204 -2005 -704 -17675 END
START -1228 -7712 -496 -1820 -406 -16481 END
START -364 -5976 -876 -2461 -333 -14563 END
START 584 -4480 -740 -3604 -399 -12435 END
START 896 -2880 -1384 -3949 -538 -9920 END
START 980 -1984 -968 -1298 -171 -7811 END
START 868 -272 -132 790 -1164 -5134 END
START 904 1304 824 1516 -2301 -1384 END
START 740 800 132 1249 -2301 3247 END
START 708 -652 304 2253 -2392 6264 END
START 88 -2236 236 3658 -4229 9409 END
START -472 -4180 -596 6385 -5246 12346 END
START -1064 -6376 -3088 6602 -5373 15397 END
START -1484 -9280 -5656 6819 -2765 17380 END
START -2160 -10200 -4904 9822 1316 18577 END
START -3544 -10508 -1272 12487 2135 21143 END
START -4708 -14068 -2544 12592 1542 23695 END
START -6528 -17468 -6020 11354 4614 25517 END
START -6800 -21100 -9592 5048 8756 25610 END
START -7224 -26612 -12300 3549 13197 24406 END
START -9316 -30980 -11724 8863 15813 22865 END
START -10740 -32768 -8056 13459 17295 19032 END
START -11900 -32768 -2060 12248 18849 13485 END
START -12500 -32768 3860 4362 20391 7359 END
START -13064 -32768 8440 1410 20537 312 END