START -1724 -12852 -10632 -2206 6721 7640 END
START -1208 -11996 -11468 -2295 8321 9823 END
START -2648 -16400 -11628 2115 12648 11716 END
START -3612 -18428 -9268 5452 15505 14769 END
START -2952 -25028 -5124 5465 14737 15084 END
START -4228 -32720 312 4546 12840 14331 END
START -6940 -32768 3912 2815 13019 7726 END
START -6516 -32768 9820 -1640 14289 -4081 END
START -6828 -32768 14388 -5587 9712 -13539 END
START -5704 -32768 12872 -7080 4886 -17893 END
START -4352 -26800 10196 -8163 2503 -20408 END
START -4992 -19332 8200 -8931 1209 -21884 END
START -4336 -13860 7208 -7685 -961 -21485 END
START -3344 -8900 5476 -7560 -2551 -19199 END
START -2168 -6268 3156 -8521 -2805 -16799 END
START -1276 -4292 1848 -7513 -1660 -14585 END
START -844 -2488 1156 -3880 611 -12184 END
START -820 -1860 2040 -3218 187 -9499 END
START -564 -1940 1600 -3144 -892 -6707 END
START -1064 -2256 1308 658 -714 -3540 END
START -1596 -1924 2360 3438 -1740 -1142 END
START -788 -1428 2004 2900 -3677 1461 END
START -168 -2020 1136 2535 -4024 4471 END
START -264 -2992 92 4530 -4214 7389 END
START -928 -4820 -408 6712 -3993 10148 END
START -1292 -5772 -1284 7649 -4149 12460 END
START -1568 -7112 -2216 7044 -3862 14834 END
START -1436 -8728 -4500 5240 -2062 17726 END
START -2456 -12784 -6508 6930 -591 20015 END
START -2736 -16784 -9112 12343 1672 22089 END
START -3788 -19564 -8540 12555 5257 22066 END
START -4256 -24444 -7784 5358 6820 23298 END
START -5252 -32768 -9812 -40 7343 23113 END
START -5968 -32768 -10844 3767 10867 19641 END
START -6712 -32768 -6856 4768 13141 14016 END
START -6636 -32768 -2020 -123 14005 6981 END
START -6676 -32768 3292 -6381 15195 -925 END
START -7072 -32768 6792 -9530 14688 -8720 END
START -8092 -32768 9440 -9663 11661 -14170 END
START -8612 -27276 11200 -5756 7709 -17292 END
START -7932 -20560 10484 -5535 4588 -19390 END
START -6680 -14264 8592 -8251 2648 -20321 END
START -4936 -10608 6444 -10240 1198 -18918 END
START -3592 -7380 4520 -8068 854 -17478 END
START -3044 -5004 2732 -6999 398 -15169 END
START -2404 -4084 1428 -6291 466 -13148 END
START -2096 -4168 1160 -4229 -262 -11232 END
START -1812 -3904 444 -269 -1709 -9214 END
START -968 -2836 -600 -427 -2161 -6313 END
START -752 -2916 -1260 -610 -902 -4701 END
START -872 -2448 -848 88 -687 -2679 END
START -1048 -2440 236 2835 -1665 -31 END
START -1264 -2152 288 3538 -2566 3385 END
START -1592 -2188 -104 3019 -2686 6750 END
START -2516 -3736 -416 3176 -2895 9632 END
START -3792 -5820 -620 7849 -4773 12278 END
START -4732 -5176 -1344 12297 -5435 15076 END
START -5504 -5824 -984 9843 -5960 18369 END
START -6880 -8824 -4200 6271 -8128 24494 END
START -6964 -15932 -13084 3207 -5165 27898 END
START -7376 -21152 -21860 -1827 762 28687 END
START -7100 -26416 -28248 -2766 7578 29304 END
START -8144 -29684 -32768 4786 18999 26663 END
START -14112 -32768 -26364 19402 32767 19387 END
START -20300 -32768 -10724 22987 32767 15256 END
START -27008 -32768 5712 15171 32767 4607 END
START -24804 -32768 16172 -4952 32767 -6901 END