START 4360 -9988 -3704 -2902 660 -3100 END
START 2456 -7428 -4120 -600 2181 -1783 END
START 1636 -5856 -1968 909 3389 -646 END
START 560 -4880 296 1708 4180 200 END
START 476 -3004 2552 -232 3065 1911 END
START -248 -2348 3840 -10 2338 4331 END
START -1080 -1716 2960 -546 2520 6626 END
START -1896 -2252 3056 -2864 802 8670 END
START -1464 -3036 3128 220 -1154 11030 END
START -2084 -4600 3200 1770 -2348 13205 END
START -2832 -7904 1536 1600 -3312 14627 END
START -3176 -11276 284 4040 -3052 15365 END
START -1416 -10904 708 7213 -1388 17045 END
START -1804 -12988 1848 6715 -1447 19020 END
START -3340 -17088 -676 4547 -2153 19917 END
START -4676 -18112 -2420 4838 -706 19895 END
START -5668 -19736 -2492 7071 1705 20800 END
START -6388 -24340 -4300 10146 3325 20371 END
START -7044 -28220 -4844 9471 5432 18562 END
START -6372 -29460 -4080 6889 8882 15779 END
START -5260 -29796 -2372 4804 9564 14261 END
START -4804 -32768 -2592 4157 10445 12450 END
START -4700 -32768 -1204 3104 11980 8982 END
START -4596 -32768 836 -1696 12716 4731 END
START -4388 -32768 2616 -2362 13012 718 END
START -3820 -32576 4384 -2573 13047 -2845 END
START -3732 -29764 6384 -775 13010 -5869 END
START -3908 -27460 7380 -3566 11465 -8944 END
START -3548 -27056 6840 -6153 9585 -11407 END
START -4488 -26276 5560 -4243 9222 -13523 END
START -5172 -24424 6984 -3694 8172 -15827 END
START -5220 -23120 6908 -4109 5896 -17299 END
START -5480 -20996 5308 -6247 5591 -18349 END
START -5400 -20148 5828 -5939 4520 -19291 END
START -4596 -17544 5776 -3812 2366 -19337 END
START -4652 -15528 5252 -4046 1154 -19473 END
START -3424 -13208 5052 -3693 -172 -18395 END
START -1724 -12048 3080 -4841 -1858 -17497 END
START -1432 -10412 2512 -4572 -1506 -16806 END
START -980 -8336 2896 -4416 -2504 -15297 END
START 304 -7580 1836 -5073 -3916 -13350 END
START 1360 -6252 -496 -5074 -3961 -11525 END
START 1940 -4680 -816 -4328 -3921 -9981 END
START 1876 -2940 -1188 -3014 -3277 -7771 END
START 2412 -1100 -484 -3859 -3387 -5089 END
START 1532 -704 -40 -2851 -4802 -1733 END
START 1692 -188 -1100 -2070 -5978 1255 END
START 1384 -1560 -1524 -224 -5894 3658 END
START 1292 -1884 -2852 644 -5614 6041 END
START 756 -4424 -3628 1665 -4936 7537 END
START -160 -5296 -3952 4507 -4647 9366 END
START -712 -5700 -2736 6133 -4306 10921 END
START -1320 -4844 -1140 7544 -3482 14041 END
START -1512 -7292 -2592 6183 -3546 17123 END
START -2260 -9408 -3644 5514 -3489 19590 END
START -4596 -12164 -6048 8137 -1290 21551 END
START -7108 -15152 -5364 11730 1740 22225 END
START -6692 -15020 -4572 8503 3736 24305 END
START -8172 -17276 -8848 2126 5184 25941 END
START -8696 -22160 -16132 1062 9683 26468 END
START -9792 -24972 -12964 9801 15687 26137 END
START -12352 -27448 -9400 13294 18776 24030 END
START -13536 -29064 -5072 12089 22108 20515 END
START -11728 -28108 72 3687 25174 17819 END