START -2940 -8916 -10380 -545 4725 5258 END
START -3760 -10200 -13080 1369 9009 11793 END
START -5092 -13056 -14728 5502 13372 15423 END
START -7944 -17908 -12712 9823 17193 16283 END
START -9992 -24080 -7124 12842 21223 14717 END
START -11936 -29652 1568 10600 21706 12713 END
START -12512 -32768 11124 4725 18305 8802 END
START -12176 -32768 18504 -5041 13898 2133 END
START -9228 -32768 18748 -9480 9597 -7406 END
START -5412 -32768 15856 -11835 5978 -13250 END
START -4152 -30080 11268 -13198 3459 -16569 END
START -4432 -24684 9116 -11838 1591 -18565 END
START -5308 -19260 8020 -10209 137 -19045 END
START -5112 -14588 6136 -11395 899 -18740 END
START -4536 -11260 6060 -10786 634 -17779 END
START -3900 -8748 4664 -10603 -657 -15900 END
START -3064 -7288 3132 -7424 -446 -15379 END
START -2528 -5084 2628 -5335 295 -14405 END
START -1640 -2544 2128 -5407 127 -11342 END
START -456 -3360 1384 -6356 -739 -8933 END
START -612 -3652 872 -3421 -1520 -6670 END
START 32 -2396 420 -404 -1823 -4230 END
START 484 -2080 1096 -1060 -1928 -1622 END
START 412 -3280 1104 -515 -2714 570 END
START -300 -4604 492 2754 -4181 2911 END
START -544 -5512 436 4828 -4439 4539 END
START -840 -5948 28 5595 -4421 6253 END
START -1384 -6052 60 6049 -4450 7828 END
START -1808 -6208 -360 5492 -3858 9466 END
START -2440 -6808 -848 6906 -3736 11618 END
START -3620 -7428 -2488 9619 -4690 14433 END
START -3868 -8316 -4404 12652 -3168 18265 END
START -4768 -11364 -5460 10207 -112 21080 END
START -7064 -17052 -7372 7721 886 22752 END
START -7480 -22572 -10396 11831 3600 23823 END
START -6332 -27760 -12088 7422 8135 23662 END
START -8048 -32768 -12200 959 12668 21593 END
START -10448 -32768 -8716 4023 13355 17875 END
START -11532 -32768 -3176 10677 15540 10415 END
START -12440 -32768 6576 4209 17813 614 END
START -10296 -32768 11400 -11010 13940 -7184 END
START -9536 -32768 10056 -11453 8526 -12164 END
START -7660 -29964 6084 -9316 6196 -15222 END
START -6348 -24964 4384 -12771 5984 -18007 END
START -6188 -20036 2716 -11473 4838 -18970 END
START -5108 -16332 2488 -11554 4390 -18944 END
START -5004 -12620 2172 -10793 4464 -17095 END
START -4360 -10836 1892 -9599 4381 -15012 END
START -3852 -9564 1788 -6605 4549 -14435 END
START -3700 -7396 2360 -4747 3520 -13641 END
START -2968 -5796 2832 -4188 1276 -13202 END
START -1876 -3468 1340 -4118 286 -10361 END
START -920 -3056 36 -5296 179 -7561 END
START -748 -3392 -640 -2738 -619 -5625 END
START -952 -3224 -812 504 -1422 -3937 END
START -552 -3156 -1452 909 -1756 -1584 END
START -672 -3800 -1112 2178 -2322 220 END
START -1516 -4280 -956 4747 -2633 1785 END
START -1652 -3780 -864 5635 -3423 4291 END
START -1900 -3468 -768 6647 -3422 6747 END
START -2620 -3416 -1532 6661 -3642 9391 END
START -3412 -4036 -3208 6734 -3431 12568 END
START -3592 -4752 -5812 9069 -1905 15763 END
START -5736 -4552 -7356 8733 516 20042 END
START -7508 -9816 -10100 7902 2042 24028 END
START -8980 -13724 -12664 11386 5399 26346 END
START -10144 -18160 -15284 9817 8488 28738 END
START -12280 -24956 -19372 4219 13948 29187 END
START -16012 -32160 -18284 -794 19670 26826 END
START -19544 -32768 -15244 385 27366 21747 END
START -20888 -32768 -5336 5339 32767 13495 END
START -20224 -32768 8080 16339 32767 2139 END