START -336 -7848 4448 1895 -4577 2834 END
START -356 -8004 2108 2105 -6299 4836 END
START -1184 -8000 624 1883 -6779 6245 END
START -1228 -8696 -880 1956 -7397 7275 END
START -1452 -9340 -1736 6098 -7457 8051 END
START -2256 -8904 -2964 8230 -6910 9508 END
START -2404 -8996 -3288 6629 -7228 12147 END
START -3264 -11036 -4024 6487 -6039 14395 END
START -3424 -12444 -5696 8253 -5137 16411 END
START -4296 -13136 -5404 9694 -3333 18044 END
START -5368 -16932 -5980 11500 -2892 19955 END
START -6340 -19424 -6440 14604 -746 21204 END
START -6916 -22228 -5920 12936 2436 21277 END
START -7256 -26120 -5320 10093 4873 19849 END
START -6524 -29176 -6652 7164 7238 16917 END
START -5748 -30544 -6644 4843 9857 15107 END
START -5176 -32376 -4152 5950 11251 11801 END
START -4496 -32768 -2096 4867 11070 8450 END
START -4276 -32768 -1764 616 10519 4550 END
START -4324 -32768 -808 -4802 11427 113 END
START -5208 -32768 1372 -3957 12051 -4310 END
START -5228 -30748 3728 -3303 10100 -8430 END
START -4960 -27528 4160 -5761 8570 -11505 END
START -5104 -25040 3356 -9032 7852 -13519 END
START -4460 -22972 2432 -10570 6413 -15013 END
START -4216 -20724 1464 -9735 5889 -15474 END
START -4688 -18996 2004 -7847 5216 -15680 END
START -4784 -18360 2672 -7397 3847 -16158 END
START -4392 -17560 1320 -7534 3002 -16484 END
START -4192 -15900 620 -6679 3168 -16930 END
START -3292 -13384 812 -7299 2826 -16380 END
START -2252 -11336 -88 -7922 2075 -15554 END
START -1780 -9864 -548 -6934 1380 -14209 END
START -1088 -8676 -376 -4408 1009 -12846 END
START -408 -7384 -868 -2238 -471 -11208 END
START 376 -6244 -1760 -3839 -159 -9378 END
START 620 -6180 -1784 -4882 423 -7668 END
START 612 -5692 -1620 -3277 -920 -6111 END
START 840 -4540 -2464 -463 -1794 -3982 END
START 916 -3736 -2164 815 -1444 -2044 END
START 744 -3500 -1168 1505 -2316 147 END
START 404 -3960 -896 2852 -3211 2502 END
START -272 -4276 -516 4046 -4000 4791 END
START -892 -5864 -1692 3311 -4525 7031 END
START -1512 -7052 -2712 4879 -4025 8298 END
START -1792 -5972 -2740 5701 -3365 9853 END
START -2040 -5804 -2836 4475 -3656 12952 END
START -3204 -7712 -3220 6510 -4290 15668 END
START -4744 -9380 -4704 10947 -3984 18209 END
START -5600 -11832 -6620 12007 -2287 20416 END
START -6068 -15408 -8556 11196 -144 23169 END
START -6364 -18400 -14436 6190 4362 24781 END
START -7900 -22872 -16096 -312 10277 24994 END
START -9900 -26276 -13392 3564 13361 23562 END
START -10632 -27664 -8372 12156 14582 22129 END
START -10016 -27612 -4472 8229 15130 21101 END
START -9788 -28988 -3940 -4117 16054 18814 END
START -10372 -32768 -3752 -10486 15927 15477 END
START -10608 -32768 -2392 -535 14864 10460 END