START 7584 -12068 1548 457 -198 -2184 END
START 4108 -3620 108 1647 678 3515 END
START 2524 -4684 2180 2994 1324 4966 END
START 1036 -3492 3156 1294 -1029 7317 END
START 396 -3880 2668 746 -2666 9964 END
START -492 -3316 1700 1707 -3497 13104 END
START -1932 -5684 -1160 3652 -3210 15752 END
START -1076 -7256 -2020 6277 -2119 17801 END
START -1252 -8300 -2244 7849 -1646 20849 END
START -1716 -10788 -2320 8348 -1353 23365 END
START -2396 -14532 -3880 8728 67 24291 END
START -4888 -16892 -2644 9386 2673 25183 END
START -6076 -20788 -344 7402 3487 25241 END
START -6184 -24944 -1844 5961 2552 24594 END
START -5880 -26260 -4700 5958 4516 23089 END
START -5980 -28528 -2432 6481 7167 21874 END
START -5828 -29712 -644 5708 6665 19868 END
START -4500 -32768 -3808 -1917 6396 16192 END
START -4644 -32768 -4720 -2328 9125 11219 END
START -3072 -32768 -3748 1199 9227 7280 END
START -2088 -32192 -3640 485 8870 3989 END
START -2360 -31304 -3376 -2108 10767 298 END
START -2584 -31164 -996 -2394 11593 -3722 END
START -3652 -29660 1720 -1453 10582 -6316 END
START -3372 -29576 2488 -1204 9562 -9753 END
START -3532 -27328 3920 -4823 7965 -12899 END
START -3976 -26528 3852 -6043 7372 -15264 END
START -4240 -23744 4616 -6512 6641 -17420 END
START -3748 -22628 4744 -7958 5195 -18622 END
START -4172 -21032 4220 -6627 3090 -18744 END
START -4268 -20036 3760 -4954 1518 -19190 END
START -4056 -18028 3216 -3902 48 -19395 END
START -3700 -15968 2384 -4745 844 -20057 END
START -3496 -14476 2412 -3702 129 -20211 END
START -2936 -11472 2584 -555 -681 -19330 END
START -1524 -8112 2644 -828 -2439 -16841 END
START -1016 -7464 1240 -1900 -3201 -15488 END
START -328 -6052 588 -1580 -3834 -13568 END
START 4 -3568 -1180 -1156 -3780 -11286 END
START 912 -3252 -2052 -2287 -2461 -9536 END
START 748 -1852 -1496 -252 -1601 -6841 END
START 1024 -1256 -712 1824 -1915 -3922 END
START 672 -1208 868 2840 -3602 -668 END
START 520 -740 896 3311 -4925 3059 END
START -92 -2192 96 3206 -5266 6697 END
START -172 -4076 -1316 4119 -5443 9651 END
START -604 -5900 -2784 4711 -5690 12391 END
START -1332 -5912 -4080 4233 -3642 15156 END
START -2300 -7244 -3432 3234 -1308 17518 END
START -3648 -8100 -3656 6282 -1301 20765 END
START -4428 -10784 -4684 13223 -336 25048 END
START -4744 -14668 -8292 18179 3032 28558 END
START -5744 -17948 -9908 13658 10007 28858 END
START -5264 -17860 -10760 1014 16745 27427 END
START -6296 -21280 -10596 -10413 22840 28940 END