START -688 -16324 -6900 730 7357 8074 END
START -4608 -13988 -8376 -700 12554 8754 END
START -7712 -16648 -7752 -625 13549 11506 END
START -8904 -21020 -6752 11439 14820 13096 END
START -8652 -20752 -4908 13297 16592 12618 END
START -6680 -22316 -3184 359 17192 10639 END
START -5956 -29128 -1416 -7377 17418 8619 END
START -4944 -32768 1292 -2233 14994 7117 END
START -4880 -32768 4240 3708 12726 3141 END
START -4944 -32768 8600 47 10683 -1900 END
START -5496 -32768 11712 -11014 9542 -9139 END
START -5360 -31376 11924 -14761 7860 -14328 END
START -5232 -25412 10972 -11569 6137 -17641 END
START -4664 -19424 9280 -10652 3969 -18741 END
START -4212 -15080 7560 -9303 2459 -19136 END
START -3672 -10620 6208 -7978 1312 -18483 END
START -3092 -6628 3828 -6862 653 -16310 END
START -2060 -5164 2168 -7003 1008 -14488 END
START -1432 -5496 1328 -4918 1311 -11334 END
START -1376 -4568 976 -754 387 -9615 END
START -1044 -3864 4 -224 159 -7324 END
START -1268 -3872 76 184 774 -5145 END
START -1104 -2848 1436 452 121 -2975 END
START -1072 -3804 2488 2410 -1587 -358 END
START -692 -2616 2420 4404 -3214 2859 END
START -588 -3788 1368 3400 -4308 6224 END
START -1304 -4628 532 3430 -4918 9309 END
START -1976 -5996 -1540 3851 -4375 12339 END
START -2172 -8240 -2896 6514 -4105 15277 END
START -2768 -9536 -5816 8512 -3366 18188 END
START -2840 -11616 -8092 5826 -723 21268 END
START -4112 -17316 -10280 1495 2102 24026 END
START -5368 -25048 -14340 -1368 2212 24834 END
START -6616 -30884 -17776 198 4651 23222 END
START -7876 -32768 -17948 3646 8841 21001 END
START -9032 -32768 -12416 4362 15821 13598 END
START -9588 -32768 -2028 -1355 17836 4067 END
START -8816 -32768 6036 -4804 15674 -3534 END
START -7824 -32768 8896 -5859 11572 -8228 END
START -6680 -31132 8428 -5739 7692 -11626 END
START -5612 -24828 6556 -6074 5603 -15136 END
START -4396 -19612 3436 -9910 4583 -15838 END
START -3872 -16388 2300 -11489 4589 -16737 END
START -3532 -13008 1232 -9205 3047 -15986 END
START -2876 -10324 -744 -7378 2784 -13916 END
START -2652 -7936 -640 -5908 3453 -12654 END
START -2224 -6992 -528 -6834 4204 -10918 END
START -2092 -7360 -1004 -6272 3251 -9662 END
START -2088 -6272 -1916 -3394 2190 -7974 END
START -1648 -5772 -2024 -703 2814 -5765 END
START -1808 -4624 -564 194 2560 -4379 END
START -1276 -4732 204 -672 1410 -2601 END
START -940 -5128 496 3308 -113 -956 END
START -1108 -4104 1296 7584 -1298 827 END
START -1028 -2724 1608 6260 -2586 3798 END
START -1340 -4160 1756 4106 -4333 6520 END
START -2048 -4372 1180 5275 -6338 9160 END
START -3556 -5396 80 7543 -7978 11984 END
START -4548 -6568 -2572 7564 -9560 16495 END
START -5652 -8968 -5616 7020 -11108 18630 END
START -7484 -11644 -9352 5918 -12345 18599 END
START -8340 -10412 -14156 3603 -7691 18011 END
START -9700 -9668 -16956 -4527 -3935 25508 END
START -11604 -16724 -22056 -13429 -6368 32767 END
START -16512 -24928 -21368 -657 -10320 32767 END
START -16304 -32768 -24560 24232 6369 26932 END