START -1556 -5280 -1380 -5153 -5822 -20558 END
START -84 -352 -2772 -10249 -1908 -17108 END
START -156 1388 -1084 -13181 -399 -15525 END
START -16 2800 692 -9492 -2795 -9566 END
START 208 2032 976 -2223 -3544 -3633 END
START -724 2492 1328 3971 -3879 1398 END
START -2388 3260 1564 5034 -3797 6197 END
START -2068 3024 2704 4125 -2575 10156 END
START -2516 1764 3228 2930 -3657 14366 END
START -3168 -1536 1652 2595 -4661 19393 END
START -3736 -5680 -104 7722 -4209 23306 END
START -3784 -9272 -1860 11441 -2694 25332 END
START -3288 -13192 -2140 15210 78 28072 END
START -4196 -18236 -2064 14538 2525 29549 END
START -5584 -22668 -1824 5766 3907 26830 END
START -8084 -27788 -2840 -590 4980 23708 END
START -8760 -29632 -3444 7203 5135 21948 END
START -7216 -28616 -4036 10278 5490 20078 END
START -5760 -27712 -4424 4649 7993 17430 END
START -5624 -28944 -3820 -3543 10201 14345 END
START -6380 -32332 -1844 -1941 9835 11702 END
START -6312 -30996 -720 -151 7611 8628 END
START -6156 -31728 -204 -1727 7078 5531 END
START -6320 -31964 2524 -1225 8512 509 END
START -7276 -30900 4488 -2980 6717 -3969 END
START -7092 -29092 5808 -4501 4778 -7124 END
START -5576 -26616 5780 -5897 3370 -9921 END
START -5100 -24208 5572 -8023 3394 -11994 END
START -5152 -23352 4896 -7620 1313 -13943 END
START -5188 -21700 3760 -6052 192 -15063 END
START -5312 -21104 3048 -5680 35 -16189 END
START -4704 -21220 1800 -5507 73 -17939 END
START -5268 -20188 2088 -2555 -223 -19803 END
START -5488 -17468 1652 -3015 -777 -20381 END
START -4700 -16032 1988 -5299 -888 -20517 END
START -4348 -14864 1444 -3962 -949 -20014 END
START -3896 -12792 1216 -1169 -1390 -19501 END
START -3244 -10548 1092 -1258 -1805 -18968 END
START -2612 -8444 1276 -1587 -2198 -17787 END
START -2164 -6128 976 -277 -2976 -15726 END
START -600 -3868 356 -1568 -2897 -13464 END
START 392 -2540 108 -3005 -2276 -10635 END
START 448 -2176 112 -1247 -2815 -7795 END
START 1420 -1332 352 1584 -3688 -4307 END
START 1336 -1812 96 3722 -4861 -812 END
START 2168 -1724 -1496 3250 -4456 2937 END
START 2328 -2976 -2396 1419 -3900 5903 END
START 1848 -4472 -3080 1449 -2878 9049 END
START 884 -6112 -2440 3701 -2112 12036 END
START -84 -7104 -2852 8047 -2374 14944 END
START -1276 -8948 -3672 9766 -1337 17557 END
START -2576 -10628 -3892 9826 650 19635 END
START -3508 -13128 -4208 6770 2436 20725 END
START -4148 -17136 -6036 5102 4268 21720 END
START -5064 -18584 -7596 4425 6985 20817 END
START -5416 -18264 -8720 1100 10051 20095 END
START -4956 -18824 -9836 -6922 12669 20526 END
START -6672 -23800 -11372 -6805 14102 21548 END
START -8064 -27856 -10608 4183 13360 21497 END
START -7120 -26576 -9500 8088 14124 18937 END
START -7820 -25908 -5416 -584 16549 15159 END
START -10056 -28472 -1920 -9408 20047 8594 END
START -14272 -32768 3008 -4096 21539 2700 END