START -140 -2712 -148 -4741 2054 -2547 END
START 396 -1456 1276 -1708 -262 486 END
START 316 764 648 948 -1217 4800 END
START 4 604 1576 2671 -1158 8837 END
START -1084 -332 3256 6017 -1182 12537 END
START -2488 -248 4232 7536 -2900 17230 END
START -3440 -1152 2988 7098 -4529 21272 END
START -4776 -5376 940 7439 -3421 26112 END
START -6808 -10196 -640 9801 -2811 29359 END
START -8112 -15512 -2364 12781 -117 29733 END
START -9188 -19052 -2732 13864 2540 28259 END
START -9532 -20432 -4124 8738 5784 27207 END
START -11680 -27656 -3216 7755 8430 27393 END
START -13584 -30160 456 17455 7588 25202 END
START -11780 -30768 2196 12299 6531 22284 END
START -10224 -32768 -56 -1930 10123 17403 END
START -9624 -32768 -2532 -12452 11070 12685 END
START -9648 -32768 -4340 -5276 10930 9218 END
START -9788 -32768 -1936 3220 11046 5161 END
START -8912 -32768 1852 1230 9987 453 END
START -8544 -30864 3684 -1988 8177 -3994 END
START -8056 -28244 3028 -5185 9960 -7974 END
START -8724 -25720 4144 -6157 10471 -11390 END
START -8688 -24092 5056 -6240 8766 -12743 END
START -8760 -23628 5092 -4491 7030 -14590 END
START -9180 -21952 5076 -3464 6316 -16677 END
START -9076 -20868 5424 -3482 5649 -18840 END
START -8716 -18628 6128 -4344 4215 -19457 END
START -8780 -18200 6992 -4762 908 -20606 END
START -8044 -15012 5044 -4630 -540 -20510 END
START -6360 -13280 3340 -6878 -55 -20103 END
START -5568 -11308 2520 -7374 -351 -19894 END
START -4372 -9548 1356 -4887 -2414 -18868 END
START -3436 -7568 -300 -2723 -3005 -16445 END
START -2376 -5840 -1260 -2485 -1409 -14726 END
START -1728 -4984 -1548 -4005 -957 -12666 END
START -924 -4272 -2284 -4247 -448 -11213 END
START -788 -3920 -1588 -1064 -1278 -8778 END
START -640 -2744 -1756 2953 -1549 -5451 END
START -524 -1488 -888 2388 -1367 -2301 END
START -100 -1776 -1212 -918 -1188 850 END
START -636 -3512 -280 1479 -1969 3911 END
START -700 -4020 -404 5594 -3166 7150 END
START -576 -4140 -1936 6163 -2618 10964 END
START -1108 -5752 -2892 6563 -1508 13529 END
START -1788 -6964 -2860 7266 -276 15806 END
START -2764 -8580 -1748 7921 788 17463 END
START -4916 -8588 -32 10153 876 18831 END
START -5572 -10124 -1284 7502 235 23752 END
START -7352 -13064 -2628 6368 1207 25593 END
START -8408 -13564 -5592 3493 4122 27632 END
START -10348 -18320 -9084 -4484 7332 29396 END
START -14636 -28200 -11032 2629 9417 28323 END
START -15280 -32768 -10436 15274 11859 25487 END
START -15404 -32768 -7452 12306 16574 20122 END
START -15084 -32768 -4056 -3217 19940 11343 END