START 1660 -7432 -588 -2694 -2689 0 END
START 352 -6084 -452 -3101 -3901 2173 END
START -160 -5972 -700 -2048 -4865 3791 END
START -796 -6748 -1492 2490 -4636 5248 END
START -1688 -5784 -2596 2677 -4474 7247 END
START -1912 -6984 -3820 872 -4116 8851 END
START -2256 -8748 -4760 1630 -2997 10012 END
START -2252 -9304 -4360 5261 -1678 11394 END
START -2096 -10056 -4296 5997 -1649 13010 END
START -2516 -12652 -6300 4970 -883 14500 END
START -2652 -15236 -6064 7400 1230 15902 END
START -2796 -16408 -4344 9537 2196 16907 END
START -2880 -18376 -3544 7851 1745 17729 END
START -3720 -21616 -6412 4203 2835 18100 END
START -3740 -24696 -6892 4128 6103 17506 END
START -4440 -26988 -4528 5594 7387 15474 END
START -3812 -28004 -3828 4538 7763 13503 END
START -4528 -28432 -3272 -72 8426 11286 END
START -3916 -29796 -3052 -1646 8712 8876 END
START -3296 -29940 -3000 -211 8573 6149 END
START -3648 -30132 -2588 403 9544 2613 END
START -3796 -29220 -1320 -929 10556 -288 END
START -3680 -27640 728 -2743 9919 -3350 END
START -3668 -26056 1480 -3949 7731 -5443 END
START -3412 -24808 228 -3780 8161 -7390 END
START -3304 -23624 396 -4587 8591 -9503 END
START -3620 -22704 580 -5717 7177 -10575 END
START -3228 -21712 488 -6132 6425 -11761 END
START -3348 -20388 404 -6151 6156 -12789 END
START -3148 -19348 828 -3597 5788 -13663 END
START -2484 -17132 1340 -3508 4489 -14049 END
START -1964 -16656 1004 -5171 3694 -14058 END
START -1604 -15544 332 -4131 3147 -14389 END
START -1020 -13980 504 -3038 2225 -14440 END
START -760 -12500 280 -1709 1039 -14002 END
START 0 -11260 -712 -2619 520 -12927 END
START 612 -9776 -268 -2811 -134 -11929 END
START 1148 -8436 -952 -1947 -1144 -10496 END
START 1576 -7228 -2244 -1051 -793 -8590 END
START 1904 -5984 -2372 -1374 -419 -6847 END
START 2292 -5572 -1816 -517 -1127 -4930 END
START 1760 -5432 -1844 1054 -1622 -2780 END
START 1436 -4716 -2124 838 -1978 -642 END
START 1008 -4868 -2740 1012 -2312 1494 END
START 928 -5644 -3632 1500 -2274 3197 END
START 628 -6368 -3344 3061 -2390 4311 END
START -16 -5492 -2580 4377 -2526 6184 END
START -600 -6652 -2428 4916 -2315 8223 END
START -1652 -6900 -1972 5412 -2602 10216 END
START -1892 -7768 -1684 5344 -2883 12432 END
START -2724 -8188 -2164 5527 -2433 14792 END
START -3372 -9824 -3596 4829 -3024 17126 END
START -4240 -12464 -5892 8083 -1221 19344 END
START -5760 -13424 -6092 11426 1882 20972 END
START -6904 -14816 -5508 10197 2768 23385 END
START -8172 -20068 -8480 5860 2336 25470 END
START -9756 -24932 -10840 5638 6142 25180 END
START -9780 -29676 -10908 4327 8652 23512 END
START -9744 -31756 -9208 5411 11282 20533 END
START -7860 -32768 -6584 3945 13150 17003 END