START -1920 -4228 3276 4413 775 11486 END
START -3000 -3600 4044 5187 -2628 16056 END
START -4520 -6124 1740 6642 -3448 20281 END
START -5708 -7988 -36 8218 -1075 23819 END
START -6504 -11772 672 9904 -303 24961 END
START -7620 -15392 1084 11304 347 25859 END
START -9456 -18448 652 8383 2948 25027 END
START -11472 -22688 1044 4335 3654 22347 END
START -11424 -24832 1296 8766 2385 20678 END
START -10840 -23384 1520 11726 2055 19529 END
START -10188 -21864 -140 5961 2803 18382 END
START -10360 -22956 -1528 -999 3689 16923 END
START -11240 -26048 -3336 659 3067 15915 END
START -11004 -26496 -3920 6744 2747 14444 END
START -10092 -26728 -4148 6315 3363 11898 END
START -9008 -27716 -5348 -602 5526 9043 END
START -9360 -29484 -5876 -5809 9795 4867 END
START -9756 -28336 -3280 -4341 12101 1385 END
START -10104 -28008 -604 -1450 10846 -908 END
START -10044 -26816 1108 -1061 9559 -3184 END
START -9852 -26492 1284 -5047 10179 -5976 END
START -10572 -25656 2704 -6303 11189 -10614 END
START -10300 -24016 3764 -4798 8516 -13658 END
START -9464 -21492 3364 -3554 7042 -15080 END
START -9428 -20344 3320 -4064 6835 -16176 END
START -9588 -18552 3584 -5255 6122 -17478 END
START -8780 -17248 3764 -5418 4419 -18575 END
START -7404 -15572 2532 -5164 3122 -18721 END
START -6984 -13868 1436 -5027 2873 -17831 END
START -6468 -13348 412 -4995 3128 -17339 END
START -6508 -13956 52 -1817 3335 -17346 END
START -6080 -12152 908 430 2176 -17268 END
START -4696 -10196 1616 -501 649 -16425 END
START -3472 -9160 376 -1725 -88 -14831 END
START -2988 -9196 -976 -1890 -239 -13621 END
START -2204 -7852 -1184 -5 46 -12448 END
START -1628 -6624 -1260 338 -229 -10936 END
START -1424 -6544 -484 2645 -1442 -9030 END
START -572 -4936 -628 3661 -1952 -6957 END
START -284 -3860 148 2892 -1312 -4275 END
START -252 -2740 1156 3200 -2106 -1559 END
START 380 -2668 584 2859 -3663 1840 END
START 556 -3360 -536 4859 -3986 5530 END
START 272 -3696 -2268 5252 -3067 8837 END
START -916 -5208 -2420 5475 -1582 11388 END
START -2212 -8124 -2072 10805 -404 13546 END
START -2948 -8824 -596 15504 368 15386 END
START -4000 -10112 -84 15565 881 17092 END
START -4900 -10812 -1044 12487 3100 19630 END
START -5788 -11624 -2396 5436 5858 21410 END
START -6956 -13988 -2712 4437 7456 23196 END
START -8792 -16356 -2804 8946 7047 26176 END
START -10380 -19304 -4204 14193 6632 28761 END
START -12124 -22512 -3916 14173 8474 28950 END
START -15192 -29784 -1840 14187 16020 26306 END