START 1008 -4940 8 1256 -1800 5806 END
START 2096 -6260 328 2704 -942 7911 END
START 1264 -5460 1000 1741 -1343 9470 END
START -552 -6012 1648 2585 -1709 11292 END
START -1884 -7536 1656 6481 -3188 13230 END
START -2032 -7572 724 6398 -4091 15242 END
START -1932 -9096 -184 6040 -3456 17442 END
START -1988 -12432 -2296 7233 -3722 19749 END
START -2664 -15408 -5144 10072 -2627 21022 END
START -2496 -16436 -4940 13724 746 22240 END
START -2212 -18424 -3368 13459 2160 23476 END
START -3712 -23024 -5340 7390 2601 23716 END
START -5176 -27588 -6884 2719 5186 21571 END
START -5604 -29188 -5960 4269 8054 19433 END
START -4808 -28828 -2200 6215 9325 17458 END
START -3844 -29508 -836 2348 7455 15882 END
START -4076 -32588 -3256 -1993 6125 13184 END
START -3996 -32768 -4484 -2982 8960 8387 END
START -3580 -32768 -3416 -2782 9652 3642 END
START -2876 -32708 -2092 -2751 10521 -599 END
START -3132 -31228 -536 -6453 10529 -4351 END
START -4020 -30252 1488 -5722 9671 -8217 END
START -4180 -27112 1480 -5670 9132 -11459 END
START -4148 -25512 1012 -7229 8557 -13103 END
START -4500 -22972 1096 -7302 8215 -14984 END
START -4392 -21204 1732 -6848 8228 -15738 END
START -3936 -19412 2684 -6995 6880 -16031 END
START -3580 -19336 2964 -6619 4803 -16353 END
START -3896 -17840 2012 -5630 3462 -16962 END
START -3284 -16428 1796 -5986 3811 -17138 END
START -3116 -14576 3268 -6453 2464 -17251 END
START -2428 -12320 2144 -5657 120 -16480 END
START -1532 -11128 -332 -4028 -680 -15582 END
START -1048 -8752 -1108 -2534 17 -14513 END
START -268 -7472 -1148 -3108 -307 -12946 END
START 476 -5976 -1580 -2673 -1318 -11308 END
START 656 -4996 -3376 -2410 -1170 -9313 END
START 744 -4140 -3040 481 147 -7323 END
START 604 -2076 -2372 3117 151 -4771 END
START 1148 -1576 -1448 2596 -662 -1819 END
START 632 -1428 -1000 2618 -1028 941 END
START -100 -1320 -332 3689 -2238 4059 END
START -324 -2508 -1580 5729 -3684 7927 END
START -508 -4512 -2460 7756 -2406 11164 END
START -852 -5036 -3568 5873 -3163 14287 END
START -1364 -7424 -5672 5425 -2565 16931 END
START -1408 -8276 -8060 5807 688 19471 END
START -3244 -8140 -9532 1426 4317 22112 END
START -3264 -8984 -11360 -2825 8021 25192 END
START -3848 -10480 -14112 -4858 11386 28103 END
START -7468 -15188 -12380 6515 14294 30763 END
START -10752 -20932 -6932 19681 14540 32767 END