START -580 -5548 -308 1134 -1628 2378 END
START -484 -6292 2292 1119 -2274 4796 END
START -556 -6628 2432 -104 -5272 6523 END
START -2060 -5436 1268 1104 -6572 7879 END
START -2740 -4600 972 1822 -6885 9912 END
START -3236 -6420 -220 4794 -7574 12431 END
START -2476 -9344 -2616 8268 -7633 14906 END
START -2128 -10632 -4720 7418 -5594 15929 END
START -2460 -13688 -6368 6254 -4192 17459 END
START -2112 -16940 -7788 7177 -2301 18645 END
START -2136 -18996 -7052 10146 1733 19042 END
START -3948 -21672 -5336 11412 3007 20207 END
START -4688 -26056 -4944 10938 3620 20027 END
START -5332 -28180 -5680 6257 6032 17503 END
START -5196 -29796 -5820 1753 8793 14732 END
START -4880 -30696 -4472 1865 9824 12634 END
START -4164 -32080 -2392 2921 9729 9615 END
START -4160 -32412 -1756 482 8471 6627 END
START -4156 -32768 -2268 -1519 10127 2341 END
START -4292 -31528 -172 -2605 11148 -1505 END
START -3944 -30380 1588 -2977 10535 -5026 END
START -3656 -28316 3144 -4439 8643 -7821 END
START -3560 -26740 3060 -4944 7108 -10473 END
START -3024 -24312 2168 -8325 6262 -11561 END
START -3228 -22612 2376 -8902 6859 -13355 END
START -3380 -21008 2856 -7233 5246 -14133 END
START -3384 -18776 1760 -6896 3725 -15020 END
START -3104 -17220 1728 -8192 3479 -15319 END
START -2900 -15928 1268 -6713 2829 -15797 END
START -3392 -13660 1076 -3366 2236 -15956 END
START -2848 -11864 1384 -2760 1510 -15359 END
START -2148 -9416 1720 -3422 1086 -14456 END
START -1064 -8184 1516 -4155 -121 -13425 END
START -508 -6856 -104 -1483 -850 -11994 END
START -260 -4536 -1072 -767 -1283 -9943 END
START 448 -3780 -1568 -820 -1152 -7859 END
START 900 -2676 -940 -896 -1327 -5334 END
START 968 -3028 -568 -693 -2806 -2270 END
START 1052 -2516 -1052 557 -4399 512 END
START 792 -2856 -2284 1229 -6039 4181 END
START 276 -4116 -3000 3964 -5694 7349 END