START 4040 -10488 -788 1041 5936 6171 END
START -604 -3984 508 34 5334 9643 END
START -3204 -2728 4000 3267 2652 13889 END
START -4596 -3452 4628 4110 43 18175 END
START -6012 -5696 4632 8567 -154 21214 END
START -6616 -6656 3492 8842 -1654 23704 END
START -6196 -10068 116 7283 -1777 25751 END
START -6948 -12972 -1600 7772 589 27396 END
START -8208 -17976 -2068 11935 1682 29324 END
START -6780 -23580 -4844 14760 3044 30664 END
START -5836 -28108 -5440 10976 7924 29430 END
START -5128 -32768 -3524 4107 10377 25300 END
START -3964 -32768 -2960 2906 10991 20448 END
START -2736 -32768 -2296 1917 10002 16967 END
START -2376 -32768 -1320 3169 9775 11779 END
START -2852 -32768 -376 995 8553 5002 END
START -2452 -32768 -780 -5785 8834 -3851 END
START -2824 -32768 132 -9882 9178 -9278 END
START -3496 -29852 1212 -10440 8235 -11542 END
START -3720 -27104 1464 -7863 7245 -13449 END
START -4476 -24148 1768 -5246 8113 -15193 END
START -4944 -22120 3420 -7180 7151 -17289 END
START -5880 -20572 3748 -6966 5020 -17385 END
START -5840 -20796 3460 -6016 4295 -17073 END
START -6820 -20504 4748 -4846 3535 -19115 END
START -6584 -18448 4780 -2826 855 -20779 END
START -5464 -13956 2984 -4934 -546 -19726 END
START -4524 -12356 1684 -5858 17 -19423 END
START -3516 -9756 1820 -7207 -36 -18189 END
START -3148 -7448 1192 -5431 -1174 -16494 END
START -1832 -6164 -284 -3233 -2465 -14468 END
START -1608 -4196 -1120 -1470 -2103 -12070 END
START -600 -2872 -816 -2388 -584 -9776 END
START -88 -1304 -156 -3321 -1764 -6944 END
START -72 -456 -536 -605 -2754 -3239 END
START 944 -844 -1728 1121 -2385 738 END
START 588 -764 -1280 312 -3115 3530 END
START 84 -1800 -2340 1328 -3195 6773 END
START -1000 -3500 -3700 1688 -1847 10210 END
START -2232 -5696 -2736 3713 -1587 12895 END
START -3016 -5920 -1988 5616 -1359 14966 END
START -3752 -6636 -2984 5604 -1421 17841 END
START -4156 -8636 -7104 3633 386 21603 END
START -5400 -10232 -9828 1704 4587 23348 END
START -7124 -10564 -9400 1283 9145 25781 END