START 1612 -16420 -3044 -716 2591 -809 END
START 232 -15572 -2252 4938 5719 6769 END
START -488 -15652 -2680 5451 7144 8365 END
START -544 -16208 -3396 1650 6732 9032 END
START 616 -18892 -6000 -585 8433 9009 END
START 1908 -21164 -5572 -670 11295 9045 END
START 2960 -22088 -5356 -4068 11570 8681 END
START 2904 -26592 -4020 -7533 10430 7461 END
START 2344 -29676 -2980 -8220 11499 5052 END
START 1364 -30968 -436 -9626 11998 1044 END
START 324 -31972 2724 -8700 10754 -2186 END
START -680 -30932 5372 -8016 8401 -5310 END
START -764 -29620 6280 -9569 6332 -9528 END
START -380 -26680 4988 -10956 5853 -12851 END
START -724 -23076 4344 -12399 5276 -15010 END
START -416 -19856 3748 -11583 4599 -16037 END
START -172 -17124 3864 -8711 3894 -16174 END
START -296 -14496 3380 -6862 2834 -15610 END
START -112 -12076 3020 -7465 1986 -14769 END
START 528 -10500 2908 -7392 854 -13727 END
START 696 -8724 2360 -5970 -314 -12407 END
START 1128 -7300 1284 -3806 -861 -10590 END
START 1248 -5800 392 -2718 -1152 -8468 END
START 1536 -5408 -496 -2046 -1263 -6650 END
START 1556 -4028 -816 -1366 -1521 -5029 END
START 1236 -3384 -984 32 -1435 -3077 END
START 800 -2748 -824 2282 -1275 233 END
START 880 -3204 -528 3247 -1886 2749 END
START 664 -4380 -656 4570 -2685 5050 END
START 664 -5112 -760 7249 -3154 7583 END
START 708 -6476 -1700 7243 -3422 10352 END
START 560 -9244 -3068 7884 -2566 12401 END
START -304 -11644 -3508 8440 -1315 13443 END
START -84 -12544 -3976 10549 301 14690 END
START 104 -13384 -3876 9868 1121 16339 END
START -260 -14816 -4868 8418 1317 18155 END
START -828 -17200 -7348 7244 3104 19262 END
START -1064 -20336 -9188 6551 6142 19959 END
START -756 -23424 -9656 4468 7353 20245 END
START -404 -28124 -10984 4195 8195 19720 END
START -32 -30748 -11248 1902 9599 17856 END
START -140 -32768 -9460 -1728 11404 14596 END
START -180 -32768 -5880 -2185 12190 9297 END
START -204 -32768 -1944 -4617 11309 2623 END
START -844 -32768 860 -6164 10061 -3276 END
START -708 -32768 2472 -9047 8369 -8831 END
START -948 -31320 2376 -11905 6644 -13263 END
START -1288 -27108 1720 -11563 5694 -16039 END
START -1712 -22592 1576 -11064 4815 -17018 END
START -2036 -19156 1096 -10011 5015 -17942 END
START -2516 -15728 1692 -9115 4543 -17875 END
START -2900 -12640 2572 -7988 3549 -17184 END
START -2468 -10592 1836 -6829 2953 -16040 END
START -1840 -8328 788 -5302 2631 -14564 END
START -1568 -6264 536 -5296 2104 -13140 END
START -636 -5600 -76 -5040 684 -10948 END
START -12 -4348 -1280 -2930 336 -8505 END
START -72 -3264 -1280 -2206 237 -6353 END
START -84 -2888 -732 -241 -311 -3858 END
START -640 -2968 -220 2996 -539 -1310 END
START -944 -2772 460 4800 -1665 1055 END
START -1068 -2736 -708 5574 -2808 3634 END
START -1472 -3432 -1308 6251 -3214 6540 END
START -1832 -4396 -1412 8740 -3165 9330 END
START -2008 -5384 -2428 10359 -3292 12265 END
START -2868 -6324 -2980 11847 -2452 15158 END
START -3520 -7828 -4148 10820 -2600 18588 END
START -4344 -9668 -5932 10519 -1935 21987 END
START -4136 -14236 -12028 8127 -1004 24711 END
START -3944 -18980 -18348 5608 3575 25746 END
START -3996 -23272 -22464 5931 12001 25480 END
START -4500 -29464 -22756 5546 21573 23676 END
START -5656 -32768 -19160 7553 32534 19076 END