START 824 -11524 -2704 1240 3654 8461 END
START -332 -13452 -5672 1688 8498 10851 END
START -2112 -18060 -4284 7830 11594 13763 END
START -2204 -22080 -2004 11034 9557 13485 END
START -2172 -27348 -1100 7652 8602 11992 END
START -1188 -32768 -1480 -3008 8665 8285 END
START -1224 -32768 -284 -8440 9117 2834 END
START -1308 -32768 1632 -7856 7215 -1670 END
START -1632 -32768 3180 -5886 5433 -6310 END
START -1648 -32700 4604 -7910 4962 -10957 END
START -1952 -28736 6188 -11506 5158 -15198 END
START -2736 -23740 6368 -14065 4738 -17143 END
START -2992 -19820 6984 -12666 3894 -18727 END
START -3024 -15128 7272 -12707 2154 -18600 END
START -2928 -12252 6360 -12568 1042 -18242 END
START -2416 -9040 4784 -9269 1040 -16482 END
START -2080 -4968 3920 -7172 864 -14493 END
START -1284 -3856 3004 -7097 -431 -11805 END
START -460 -2604 1596 -4509 -739 -8947 END
START -188 -3020 1000 -2646 -961 -6698 END
START -952 -2520 1364 1866 -2112 -4201 END
START -824 -1724 1376 3466 -3870 -726 END
START -660 -1824 700 3605 -4015 2539 END
START -392 -3544 584 2376 -4708 5127 END
START -740 -5168 -708 5112 -6016 7759 END
START -908 -5792 -2188 9377 -5552 10750 END
START -1368 -6400 -3212 9386 -4784 13376 END
START -1880 -8132 -4008 7904 -4170 16634 END
START -2428 -9224 -3720 8387 -3356 19093 END
START -3368 -12380 -5964 9213 -2935 22216 END
START -5060 -16620 -9380 7034 -2546 25156 END
START -5768 -24016 -12908 4281 -296 26182 END
START -6276 -31988 -16184 3193 1965 25111 END
START -5232 -32768 -18120 2523 4579 22781 END
START -4800 -32768 -15780 5010 12633 17308 END
START -7368 -32768 -6660 3901 19670 7380 END
START -8132 -32768 2912 -3526 19166 -1942 END
START -7204 -32768 7392 -12812 17065 -7508 END
START -7620 -32768 8720 -13111 13456 -11292 END
START -6596 -28032 6516 -10038 10076 -14175 END
START -6128 -22808 5172 -9809 8560 -17776 END
START -4700 -16224 4244 -10825 6895 -18818 END
START -3724 -12032 2420 -12097 5508 -17745 END
START -2824 -9264 1680 -10157 4768 -16117 END
START -2164 -6380 1592 -7950 3737 -13855 END
START -2144 -4592 508 -5153 3300 -11389 END
START -1760 -3220 824 -4520 2444 -9309 END
START -1336 -2904 400 -3695 1501 -7185 END
START -576 -2452 -504 -4369 1012 -5289 END
START -916 -3280 -988 -1651 103 -3260 END
START -1048 -3020 -1596 503 -1235 -1214 END
START -1108 -3540 -676 1342 -2782 482 END
START -1852 -3936 96 4013 -4139 2475 END
START -2024 -3564 344 5534 -5602 4945 END
START -2496 -4488 40 7096 -7253 7392 END
START -3024 -3792 -864 9483 -8099 10610 END
START -3428 -3180 -244 7822 -8715 13356 END
START -4304 -3056 336 10203 -8879 16266 END
START -7488 -3096 -1628 10304 -12021 22248 END
START -10048 -7248 -8848 5791 -11491 30356 END
START -13232 -12660 -14040 425 -6309 32767 END
START -15512 -19308 -19932 -4202 -4492 32767 END
START -17608 -26772 -27256 -5728 -2339 32767 END
START -18860 -32768 -32768 -6067 6225 32767 END
START -18992 -32768 -32768 -2943 26409 22362 END
START -21800 -32768 -24308 81 32767 13731 END