START 96 -3628 -2916 561 -1048 10814 END
START -160 -4552 -2940 2059 1177 12977 END
START -1364 -6904 -1008 6498 1200 14718 END
START -2356 -9032 -52 9913 -266 18141 END
START -3280 -12132 548 13861 388 18579 END
START -5104 -11956 1976 10818 2544 19081 END
START -6528 -15196 4048 6075 2591 19093 END
START -7024 -16552 4320 6407 -43 18374 END
START -7540 -16548 3928 6922 -2760 17998 END
START -8808 -16908 4064 7197 -2809 18465 END
START -9972 -16428 5460 4432 -1833 19301 END
START -11104 -19604 4044 -335 -2332 20630 END
START -10804 -24292 -308 2939 -1075 20903 END
START -9596 -24032 -2044 4889 763 19194 END
START -8568 -23304 -3152 4557 3035 18391 END
START -8688 -23568 -2996 5429 5342 17259 END
START -8468 -24356 -3156 4581 5712 15873 END
START -8608 -27652 -4892 3688 7206 13321 END
START -9032 -30724 -3704 4895 8995 9967 END
START -8972 -30844 -1380 7092 9404 4967 END
START -8340 -28972 -164 2849 9416 1063 END
START -8444 -29396 1028 -506 10024 -2922 END
START -8748 -28168 1904 -598 10020 -7492 END
START -9084 -26212 2456 -775 8925 -10680 END
START -9172 -24796 3568 -762 8096 -12899 END
START -9160 -24156 4960 -984 7492 -14524 END
START -9792 -22980 6048 -2354 6638 -17832 END
START -9568 -21204 7160 -4821 4711 -20377 END
START -8988 -19116 6992 -4665 2808 -20919 END
START -7868 -17536 5664 -4852 1491 -20080 END
START -7720 -16460 5776 -5022 482 -20633 END
START -7700 -14932 6440 -3823 -876 -21027 END
START -6084 -12160 5020 -5938 -2835 -19601 END
START -4520 -10156 2772 -8962 -2523 -17271 END
START -3752 -10404 816 -10023 -1935 -15612 END
START -3956 -10468 124 -7623 -2181 -15251 END
START -3508 -8760 -236 -3655 -1433 -14858 END
START -2476 -6940 -496 -2726 -1141 -12817 END
START -2012 -7376 -688 -2903 -1706 -10481 END
START -2108 -7724 -196 -613 -2642 -8693 END
START -1892 -6672 536 1869 -3343 -7084 END
START -744 -5428 476 1140 -2630 -4289 END
START -320 -4776 1300 -1059 -2997 -1955 END
START -188 -5872 1040 -873 -5301 437 END
START 168 -7268 -216 3459 -7090 2052 END
START 268 -6076 -1800 4445 -6345 4007 END
START 92 -5344 -2548 1478 -3624 6882 END
START -76 -5600 -2056 -728 -1197 10413 END
START -940 -6796 -2120 1968 -732 13362 END
START -1368 -6876 -3140 6247 -821 15999 END
START -2728 -8008 -5028 7174 1963 17272 END
START -4732 -8212 -4584 4404 5561 18595 END
START -6472 -8976 -4976 1485 6347 23647 END
START -7740 -11284 -4896 5208 5602 27792 END
START -9788 -12080 -4636 5340 6908 31058 END
START -13652 -21916 -2068 7449 10013 32767 END