START 508 -1924 980 2226 3863 3567 END
START -1072 -2120 3580 117 1172 4871 END
START -760 -2188 4984 -1297 -2542 7704 END
START -1308 -2928 5052 729 -4608 9538 END
START -844 -2404 3500 2331 -5426 12478 END
START -1384 -4344 2364 2587 -6025 13561 END
START -2988 -5180 1420 3748 -6655 15550 END
START -3644 -8100 752 4453 -6881 17839 END
START -5240 -11392 -548 7361 -7894 18825 END
START -4988 -12456 -3228 9157 -7404 19651 END
START -5144 -15820 -6016 9554 -4427 21636 END
START -6592 -18064 -5940 8323 -975 23240 END
START -7088 -21520 -3788 7412 -1442 24788 END
START -8824 -26304 -6388 8044 -2101 25241 END
START -9440 -29480 -8968 6881 1216 23751 END
START -9332 -31476 -6596 7537 4745 21230 END
START -8672 -32768 -4004 5806 5696 18539 END
START -7584 -32768 -4680 269 5340 15839 END
START -6812 -32768 -6856 -1816 5663 11845 END
START -6056 -32768 -7304 -713 9742 6674 END
START -6736 -32768 -3424 -2348 11745 821 END
START -6312 -32768 -988 -7052 11554 -4201 END
START -6392 -30764 64 -8752 11351 -7669 END
START -6160 -27548 -496 -9113 12126 -10282 END
START -6984 -25308 -356 -9328 12225 -12415 END
START -6368 -22440 764 -9295 11203 -13915 END
START -5684 -20936 880 -8352 9236 -14442 END
START -5840 -19420 96 -8938 8764 -15200 END
START -6248 -18140 1224 -9927 9469 -16100 END
START -6672 -16888 2648 -8516 8306 -16469 END
START -5880 -15300 1952 -7451 6343 -16387 END
START -4896 -12356 2208 -7638 4857 -15602 END
START -3836 -11032 1720 -7113 3694 -15429 END
START -2396 -8712 372 -6863 2433 -14624 END
START -1040 -7256 -1632 -6760 1815 -12958 END
START -104 -6484 -2720 -4054 2046 -12056 END
START -364 -5792 -1748 -841 1170 -10887 END
START 108 -4512 -2160 330 -635 -8039 END
START 1200 -3832 -2272 -973 -377 -6389 END
START 816 -4552 -1132 233 -1318 -4799 END
START 1084 -3632 -1916 2530 -2947 -2693 END
START 1712 -3408 -3304 2795 -3006 -627 END
START 1740 -3424 -2496 4062 -2929 1654 END
START 728 -4784 -1596 5153 -3522 3123 END
START -644 -5072 -988 7528 -4299 4785 END
START -1288 -5436 -324 8390 -5472 7128 END
START -2004 -5900 300 8277 -6332 9207 END
START -2992 -6828 -2152 9358 -7634 12292 END
START -3220 -8080 -5836 9488 -6303 14767 END
START -5540 -8852 -6108 12209 -3878 16206 END
START -6544 -6004 -2968 15087 -1440 19559 END
START -9004 -3716 -3120 4595 -2225 25969 END
START -13640 -7116 -5892 -2334 -4610 31993 END
START -15144 -10392 -11984 236 -4841 32767 END
START -18312 -16740 -16616 6613 -397 32767 END
START -20276 -27576 -16756 15767 4736 32767 END