START -5068 -5224 -3852 -777 5436 2608 END
START -4124 -4072 -2944 -3995 3760 4992 END
START -5348 -5304 -7300 -3802 3102 10781 END
START -6012 -6512 -11344 4281 7305 16103 END
START -6376 -9968 -12120 10372 10150 18612 END
START -6460 -15176 -12076 11726 12122 20885 END
START -6864 -24464 -8904 11846 13442 22014 END
START -7384 -32768 -5624 8147 13705 18615 END
START -8396 -32768 -1884 2108 13874 11426 END
START -9324 -32768 3512 -543 12811 3610 END
START -8744 -32768 8312 -716 10279 -5915 END
START -7256 -32768 9420 -3877 7343 -13809 END
START -6172 -31536 6980 -8894 6098 -18802 END
START -5864 -25480 5616 -11273 5075 -20904 END
START -6288 -20000 5836 -7898 2818 -21750 END
START -5468 -14064 4604 -6310 1211 -20578 END
START -4400 -10548 3240 -8309 2160 -18859 END
START -4256 -8752 3332 -7211 3922 -18328 END
START -4152 -5568 4548 -4475 1825 -16797 END
START -3380 -2432 3976 -3406 51 -13590 END
START -2480 -1896 3680 -4653 -79 -11101 END
START -2644 -1552 4564 -1600 -958 -8677 END
START -1884 -956 3580 -282 -3500 -6252 END
START -964 -568 1936 -1852 -4439 -3598 END
START -676 -708 1196 417 -3871 -1209 END
START -544 -1492 904 3973 -4724 1603 END
START 212 -2840 0 5385 -5775 3747 END
START 276 -2764 -1448 4983 -5567 6353 END
START -280 -4416 -2676 3135 -3965 9140 END
START -2196 -7028 -2104 7984 -3481 11604 END
START -3388 -7092 -1340 13150 -4102 13753 END
START -3828 -8568 -2260 11932 -4613 17144 END
START -4796 -12532 -5300 9067 -3745 20543 END
START -6160 -16580 -8684 9945 -1143 22329 END
START -7012 -20048 -9312 10280 1040 23523 END
START -7284 -25992 -13172 4322 2687 24314 END
START -7492 -32768 -16376 2891 8075 22580 END
START -9180 -32768 -14312 3897 12791 18359 END
START -9012 -32768 -10500 3911 14253 12284 END
START -9364 -32768 -5420 1327 17545 5700 END
START -9784 -32768 524 -8017 18554 -1669 END
START -9428 -32768 4704 -6532 15272 -7106 END
START -8356 -32768 7356 -2825 11227 -10971 END
START -7468 -29372 7272 -7783 9200 -14838 END
START -6976 -24748 6668 -11897 8140 -17967 END
START -6236 -19748 5240 -11592 6105 -19133 END
START -4748 -14708 2456 -10619 4740 -18764 END
START -4024 -11176 344 -10725 5104 -17220 END
START -3980 -9468 308 -8327 5217 -16345 END
START -4588 -8408 1012 -5940 4139 -15275 END
START -4120 -5936 1548 -4945 2910 -13466 END
START -3016 -4580 1020 -4617 1709 -11442 END
START -2592 -3616 808 -1951 482 -10139 END
START -2248 -1928 164 -442 -300 -7701 END
START -1816 -1820 828 731 -1047 -5523 END
START -1652 -2024 780 1148 -2840 -3446 END
START -952 -3000 896 2810 -4512 -1467 END
START -548 -2468 368 5397 -5494 1158 END
START -612 -3080 -24 5633 -6231 3429 END
START -1104 -2792 -236 5366 -7029 6465 END
START -1984 -3788 -944 5744 -7504 9487 END
START -2868 -4328 -1048 9720 -7152 12354 END
START -4340 -4700 -1756 12247 -6790 15307 END
START -5604 -3952 -1136 12541 -6291 19564 END
START -6840 -6256 -4124 10349 -6180 24047 END
START -7364 -9032 -11860 6582 -3897 27589 END
START -7560 -10420 -18340 1501 3882 29148 END
START -9460 -17428 -25056 3312 10463 32767 END
START -12116 -24328 -26128 17889 18641 32767 END
START -17688 -30620 -19672 19951 29251 32767 END
START -24408 -32768 -7280 9773 32767 25604 END