START 600 -1608 1252 4152 454 10652 END
START -764 -3304 1220 4736 971 15970 END
START -1892 -7060 588 7360 2009 19069 END
START -3944 -9660 1120 10340 3091 20237 END
START -4804 -10884 2212 9521 2668 21049 END
START -5716 -13840 2748 10069 2392 22546 END
START -7068 -16508 3124 9447 2822 23250 END
START -8512 -17284 2976 7496 4794 22856 END
START -9344 -18496 2896 2965 5768 22998 END
START -10080 -21012 896 -645 4888 23628 END
START -11256 -23116 304 3447 4262 23066 END
START -12172 -23620 632 5437 3487 21343 END
START -11492 -23576 -112 2887 4257 19156 END
START -10648 -24688 -2804 -2329 5117 17708 END
START -9544 -26240 -5628 -2574 7765 14353 END
START -9188 -27060 -4420 5133 10084 12133 END
START -9220 -27148 -3068 6314 11223 9754 END
START -10012 -28960 -508 4853 12892 6184 END
START -11124 -29348 4392 4363 14335 1610 END
START -10644 -29064 6484 805 11653 -2420 END
START -10132 -29348 6748 -179 9774 -6052 END
START -10396 -28968 7940 929 7536 -9122 END
START -10552 -27344 7324 -480 6649 -13055 END
START -10080 -24548 8096 -4653 5991 -17289 END
START -9584 -21660 8468 -6360 3839 -19342 END
START -9324 -19224 7876 -4692 1174 -19213 END
START -9028 -17804 6932 -4959 -450 -19396 END
START -8868 -16136 5364 -6289 -113 -20155 END
START -8568 -14856 4932 -6908 -336 -21067 END
START -8004 -13676 4172 -6063 -2428 -20310 END
START -6828 -11336 2444 -5683 -3680 -18758 END
START -5448 -10308 448 -6790 -2141 -18212 END
START -5416 -9084 468 -5139 -734 -17232 END
START -4688 -7592 404 -1534 -886 -15431 END
START -3744 -6412 1188 -521 -1753 -13229 END
START -2800 -5628 952 -561 -3028 -10747 END
START -1432 -5352 -540 67 -2769 -9102 END
START -1252 -4212 -560 -19 -2381 -7151 END
START -372 -3928 -764 -192 -2028 -4381 END
START -396 -4480 -564 1282 -1918 -1727 END
START -184 -4180 360 2394 -2734 723 END
START -32 -5288 -44 1352 -3184 3590 END
START -136 -6676 -612 908 -2162 6382 END
START -376 -7816 -1324 1121 -1076 8087 END
START -1032 -8452 -848 3955 -640 9351 END
START -1580 -9060 -640 7303 -1314 10693 END
START -1868 -8428 -820 7977 -567 12303 END
START -2548 -10096 -2024 6445 1190 14344 END
START -3172 -11424 -1636 7627 3382 15107 END
START -4320 -10352 -1680 6833 4850 16373 END
START -5388 -9364 -2800 1569 5802 18771 END
START -6408 -10396 -5952 -6355 4633 24356 END
START -10684 -21304 -6396 2400 518 27934 END
START -12200 -26788 -5784 25653 2760 26736 END