START -2428 -3128 148 1394 -131 -7366 END
START -336 -1748 2016 5761 -1688 -3732 END
START -284 -1876 2332 3087 -4085 29 END
START -212 -780 1884 822 -2938 1885 END
START 196 988 1344 -1301 -2829 5792 END
START 44 1444 1848 1660 -1587 9442 END
START -712 1892 2712 5509 -2448 15198 END
START -1560 -332 2816 8324 -3836 20304 END
START -2368 -2924 1128 9715 -3358 25359 END
START -3868 -7048 -624 9526 -1506 29162 END
START -7036 -10464 -1776 9191 989 31890 END
START -8616 -16468 -784 9428 1192 32767 END
START -9340 -20360 -1384 11938 2225 32767 END
START -9716 -24440 -1164 6486 5498 31535 END
START -10948 -27324 -1892 -1235 8645 27750 END
START -10432 -29596 -1376 -2684 9712 23850 END
START -10200 -30504 -2236 117 7630 22867 END
START -9808 -31592 -3624 4775 7580 20941 END
START -8080 -31004 -4584 78 9331 16804 END
START -8048 -32332 -5288 -5581 12864 10988 END
START -9940 -32768 -1260 4960 13007 7383 END
START -10196 -32768 2280 8708 10828 3425 END
START -10056 -32348 4996 6424 10182 -1853 END
START -9204 -30688 6260 -1108 9706 -8598 END
START -8832 -28316 6568 -3309 8059 -12778 END
START -8132 -26544 6228 -1562 5857 -15070 END
START -7444 -24888 5728 -805 4072 -16461 END
START -7924 -23156 4724 -2979 3065 -18576 END
START -8176 -22800 4372 -4251 2494 -20595 END
START -8640 -21212 3752 -2223 1990 -22034 END
START -8092 -19064 4260 -2595 345 -22590 END
START -8204 -18588 3576 -2180 -878 -22240 END
START -7868 -16212 3192 -1333 -907 -22027 END
START -6720 -14184 3160 -3146 -1995 -21740 END
START -5196 -12676 2320 -4964 -2541 -21134 END
START -4168 -11280 1256 -4561 -2708 -20034 END
START -3244 -9964 72 -3832 -2906 -18786 END
START -3168 -8696 372 -1357 -2067 -16705 END
START -2408 -7388 600 -3101 -2720 -15769 END
START -1688 -7016 948 -4044 -3896 -14616 END
START -896 -4304 -184 -2610 -3907 -11985 END
START 40 -3136 -364 -2400 -2480 -10037 END
START 160 -2232 -84 -2438 -2149 -7435 END
START 496 -1156 -164 -783 -2785 -4252 END
START 804 -672 -84 -459 -3223 -1210 END
START 1712 -1048 -664 232 -3473 2092 END
START 2956 -1484 -2308 1290 -3449 6205 END
START 3748 -2300 -4168 3348 -2045 9876 END
START 2912 -2680 -4984 3107 -141 14053 END
START 1420 -3908 -3564 6639 1306 18087 END
START -756 -5040 -2088 9949 1400 21734 END
START -2336 -7016 -4128 11642 1394 26921 END
START -3408 -10256 -8380 8518 6677 28764 END
START -5052 -11504 -11924 -1010 14800 28895 END
START -8128 -15452 -11096 -5152 19884 30085 END
START -11668 -22536 -6804 3254 19294 32767 END
START -14892 -27988 -4688 25239 17638 32767 END
START -15004 -29956 -164 23765 22284 30391 END