START 4284 -9104 4376 -2222 1390 3282 END
START 1904 -3248 4588 1319 -1810 5904 END
START 1176 -2632 3840 3790 -3279 8438 END
START 488 -5028 3308 4208 -3844 10362 END
START -68 -6264 2172 1842 -4638 11756 END
START -92 -8732 1908 1293 -5183 12721 END
START -544 -8956 172 3095 -5132 13936 END
START -348 -7868 -1440 6311 -4916 16744 END
START -1636 -10132 -2568 8390 -4107 18856 END
START -2300 -11828 -3796 10125 -3774 21435 END
START -2420 -14472 -5836 9366 -1730 24181 END
START -3792 -19728 -5480 9745 263 25651 END
START -3744 -25260 -8180 9948 1451 26981 END
START -3696 -31040 -10524 7609 3782 26146 END
START -3152 -32768 -10752 362 7487 23074 END
START -5192 -32768 -8424 -3356 10738 18874 END
START -5100 -32768 -6560 -3196 11043 14676 END
START -5236 -32768 -4212 -436 13034 10010 END
START -4944 -32768 -404 -2764 13363 5349 END
START -4744 -32572 1596 -7561 12381 1032 END
START -5048 -30732 3256 -9718 10544 -2265 END
START -4616 -28320 2508 -8187 10331 -5440 END
START -3128 -26924 1564 -8760 8980 -7578 END
START -3100 -27792 484 -9223 8786 -9924 END
START -4320 -26900 312 -8570 8815 -12822 END
START -4312 -25324 1364 -9491 9565 -15614 END
START -5272 -22824 2916 -8172 8886 -17308 END
START -5376 -20380 4116 -6646 7282 -18602 END
START -4484 -17464 3904 -7066 4856 -19095 END
START -3492 -14596 2592 -7842 2915 -18733 END
START -3480 -12336 484 -7577 2794 -18450 END
START -1924 -10256 -192 -6787 2372 -17588 END
START -1208 -7612 -600 -3680 1487 -15859 END
START -204 -5896 -1440 -2933 266 -14074 END
START 824 -4456 -2768 -3311 757 -12142 END
START 748 -3644 -2420 -3644 914 -10206 END
START 1220 -2732 -1852 -1091 700 -7754 END
START 1028 -2212 -1564 142 -406 -5612 END
START 1624 -1232 -1868 81 -1520 -2759 END
START 1536 -1660 -1268 1155 -2419 -76 END
START 1380 -1984 -1876 2900 -3303 2688 END
START 1308 -3160 -2540 4413 -3285 5071 END
START 244 -4972 -2776 5615 -2792 6968 END
START -612 -7536 -2076 7606 -2716 8897 END
START -272 -7640 -2032 9019 -2923 10620 END
START -524 -8672 -2604 8289 -2769 12298 END
START -1824 -9256 -2288 9468 -1620 13593 END
START -3552 -9872 -2152 11952 411 15845 END
START -2344 -11756 1024 14914 103 18595 END
START -2252 -14640 -716 11939 -4291 21212 END
START -3920 -18420 -8056 10798 -2191 21407 END
START -3848 -22392 -11880 10468 3537 21049 END
START -4008 -24576 -12936 6697 7616 21004 END
START -3936 -26080 -16136 701 10713 20503 END
START -5840 -29468 -17428 -259 15168 18679 END
START -7720 -30736 -16712 4576 19825 16334 END
START -7584 -31384 -14404 1750 24167 13234 END
START -9288 -32768 -7820 -5823 28642 7788 END
START -10288 -32768 -1176 -1252 30355 2023 END