START 7284 -15108 1612 -2490 2829 -6529 END
START 4320 -8304 872 531 1918 -2092 END
START 3512 -7716 2124 1421 1354 1083 END
START 2848 -6688 2268 1388 -218 3170 END
START 2424 -5264 1524 955 -1000 4989 END
START 1936 -3996 1216 1831 -620 7719 END
START 664 -3292 1388 3111 -189 10632 END
START -216 -3764 1448 4184 -678 13779 END
START -184 -6724 -1220 6184 -893 16792 END
START -516 -8620 -3332 8651 481 18493 END
START -1708 -10724 -2300 11536 3658 19764 END
START -3648 -12656 1464 13979 3961 21232 END
START -3616 -16372 1008 12352 1220 24348 END
START -4080 -20140 -1596 12432 3739 25118 END
START -5096 -23256 -1908 9912 8230 23239 END
START -5396 -24256 -1792 3942 9315 20929 END
START -4856 -26100 -3672 179 9513 20488 END
START -5212 -26456 -4320 4117 12134 19402 END
START -5828 -26992 -2444 5201 13395 19019 END
START -5952 -28696 -732 2163 12894 16758 END
START -6372 -32520 2060 2268 10594 14109 END
START -6440 -32768 1660 1239 10520 9344 END
START -5756 -32768 2096 -3872 11783 4000 END
START -4964 -32768 3832 -7101 11105 -505 END
START -4384 -31692 5552 -6452 7934 -4752 END
START -4052 -29184 5128 -5998 4915 -8039 END
START -3736 -26244 2664 -8424 5213 -9929 END
START -4432 -24580 3400 -9837 6099 -12143 END
START -4904 -23672 3520 -11205 4360 -13487 END
START -5080 -23420 2764 -8534 2967 -14944 END
START -5260 -21740 1208 -6923 3221 -15630 END
START -5512 -20328 1592 -7340 4378 -17876 END
START -5280 -18084 2260 -8836 3578 -18104 END
START -4576 -16348 2760 -7830 2320 -18059 END
START -3632 -14480 3076 -6501 760 -17183 END
START -3568 -12916 1244 -6266 -170 -16039 END
START -2812 -12772 -420 -6940 1149 -16225 END
START -2328 -10940 48 -6245 773 -15664 END
START -1668 -8716 -648 -4962 -182 -13984 END
START -1016 -6132 -1564 -4879 79 -11905 END
START -424 -5108 -2944 -6932 1628 -10183 END
START -148 -4204 -2060 -6685 1961 -8433 END
START -240 -3376 -952 -511 1271 -6610 END
START -676 -424 -500 2789 158 -3086 END
START -472 456 128 1398 -268 -32 END
START -1248 408 1144 -271 -1305 3113 END
START -1884 912 1192 2066 -2067 6728 END
START -2748 812 808 3527 -4523 10791 END
START -3288 -1496 -1304 6128 -5727 15258 END
START -4196 -3556 -4108 7960 -4958 19286 END
START -6064 -4352 -4160 8604 -2740 22394 END
START -7952 -5864 -3276 9048 -2922 25669 END
START -8784 -8156 -4200 8239 -3406 27521 END