START 208 108 2236 -450 -50 2230 END
START -2368 1760 3196 2870 2639 5718 END
START -4412 1184 5788 4657 124 11567 END
START -5088 -1504 7240 8622 -4747 17105 END
START -5300 -3020 4256 8706 -7799 22790 END
START -4116 -5888 -352 7233 -4241 24470 END
START -6172 -8832 -1400 3468 -894 27070 END
START -6440 -15936 -3232 4848 -1035 28931 END
START -6688 -20964 -6512 8202 1566 30238 END
START -7316 -25188 -6844 7615 5529 29203 END
START -7456 -27584 -5272 3187 7996 25847 END
START -7712 -32768 -4808 -291 7450 23154 END
START -7196 -32768 -3508 8324 8617 19851 END
START -6900 -32768 -1580 5850 9170 15271 END
START -6712 -32768 2672 -3328 6779 8542 END
START -6504 -32768 1392 -4980 6022 1867 END
START -6664 -32768 1312 -5821 5893 -4898 END
START -5544 -32768 1984 -7414 5873 -10069 END
START -5776 -28404 3948 -8826 5420 -14236 END
START -6388 -25768 4292 -10328 3625 -16191 END
START -7264 -23128 3864 -8215 2935 -17120 END
START -7092 -20148 3512 -7316 2742 -18441 END
START -6416 -17032 3316 -9159 2945 -18598 END
START -6096 -15076 3260 -11084 2976 -18859 END
START -5640 -12940 2364 -8895 2961 -18204 END
START -4652 -10076 2164 -6602 3063 -16919 END
START -4188 -7940 2196 -5542 3580 -15665 END
START -3924 -6456 2448 -5103 4526 -14321 END
START -3828 -5328 3316 -2702 3786 -12530 END
START -3332 -3612 3784 -435 1909 -9897 END
START -2760 -2468 4200 1309 -385 -7322 END
START -2120 -928 3764 1690 -1132 -3243 END
START -2072 36 3680 1626 -1740 -31 END
START -1976 -528 2952 1636 -3502 3370 END
START -2480 -916 2040 4276 -5116 7746 END
START -2576 -1956 -1572 5323 -5024 12179 END
START -3000 -5096 -4060 6550 -3668 15979 END
START -3736 -8704 -6440 8358 -1740 17633 END
START -4788 -10352 -6372 8005 -37 18649 END
START -5648 -13212 -7988 682 -346 21762 END
START -6384 -20852 -11184 1486 627 24036 END
START -7064 -25364 -13972 2696 4608 22773 END
START -7920 -28600 -14704 176 9290 20626 END
START -8576 -32768 -15696 -2735 16036 18189 END
START -10040 -32768 -10428 1525 19077 13028 END
START -9360 -32768 -5736 7521 18274 7838 END
START -8452 -32768 -2160 5838 18928 2241 END
START -8644 -31736 956 -2357 17787 -3126 END
START -9152 -31560 4796 -1512 14583 -7406 END
START -7088 -26768 5196 1509 9791 -10971 END
START -5460 -22692 4636 109 7431 -13208 END
START -5132 -19504 3628 -3085 6518 -14988 END
START -5040 -16556 4096 -3449 6127 -16007 END
START -4528 -13512 4188 -3148 3949 -16145 END
START -3592 -10384 3924 -3198 1454 -15526 END
START -1944 -7868 1476 -5583 773 -12507 END
START -1028 -7524 628 -7039 1812 -10784 END
START -1852 -6412 356 -5715 1454 -8559 END
START -1368 -6764 -980 -3840 1576 -5811 END
START -1324 -8560 -1448 -1237 4366 -5842 END
START -2768 -8440 -676 2695 8135 -9454 END