START 60 -4944 -4088 8147 1346 13014 END
START -508 -3384 -5128 7148 6038 15681 END
START -3084 -1816 -3296 2371 7133 15155 END
START -4804 -2520 -1528 -149 4653 16749 END
START -6288 -4308 -88 8983 1596 19689 END
START -6504 -4296 804 12312 -501 22416 END
START -8768 -6088 -1028 8814 -984 27155 END
START -11700 -11952 -1260 10424 1577 27021 END
START -13972 -15816 820 13237 -273 26624 END
START -13688 -19308 100 14486 -2461 26819 END
START -12852 -23420 184 14556 -1954 25977 END
START -12164 -29900 824 18708 -2671 24446 END
START -11080 -32768 2068 21958 -3664 21376 END
START -10136 -32768 2048 14825 -2634 17031 END
START -9272 -32768 1548 6420 -911 11808 END
START -7628 -32768 2616 2256 -2792 6474 END
START -6752 -32768 936 -1355 -7314 1959 END
START -7396 -32768 -4900 -6022 -7874 -3793 END
START -9064 -32768 -8024 -7635 -3448 -10800 END
START -9628 -32172 -6632 -6877 858 -15947 END
START -10412 -28108 -2272 -5328 2011 -19767 END
START -10176 -24048 -1364 -2999 835 -22021 END
START -9684 -19656 -2356 -4919 1455 -23464 END
START -9152 -18364 -5536 -6418 4545 -23531 END
START -10040 -16856 -6596 -2196 7552 -25226 END
START -8776 -14728 -6316 1504 9919 -26055 END
START -7548 -12820 -6472 2965 13306 -25891 END
START -5836 -10908 -6500 4240 17764 -26001 END
START -3748 -10364 -6960 3721 22590 -25982 END
START -1740 -12204 -9496 9513 32441 -28110 END
START -4548 -5552 -7880 15203 32767 -25653 END