START -100 -15900 -13260 -341 2371 284 END
START -236 -17856 -15076 -1044 6379 -786 END
START -316 -18164 -16428 1567 11649 -1665 END
START -1152 -15228 -14432 3582 13471 -2293 END
START 1704 -12256 -12428 3511 14698 -1745 END
START 1816 -9000 -8628 2308 17251 81 END
START -876 -8640 -1932 6841 16960 2074 END
START 1160 -6724 4836 10122 13050 4388 END
START 1392 -6808 7396 6082 9681 7371 END
START -64 -8412 8336 1395 7324 8479 END
START -620 -9888 8372 144 4216 8887 END
START -480 -11180 7420 1586 1288 10011 END
START 128 -11096 6528 2947 -602 10894 END
START -796 -11080 7500 3913 -2286 11423 END
START -476 -11804 5864 4940 -4538 12114 END
START -1184 -13120 2720 5319 -6581 13088 END
START -1024 -13296 1252 6005 -4519 13160 END
START -1600 -11924 2616 4159 -3823 13896 END
START -2564 -13940 3028 4770 -6323 15574 END
START -3740 -16112 -1480 5842 -8101 17694 END
START -5124 -18912 -5620 7842 -4694 17498 END
START -4816 -18348 -4352 7569 -701 17782 END
START -5484 -20252 -6196 906 376 18734 END
START -7512 -23852 -8228 -1203 2404 18408 END
START -8324 -25860 -9132 339 3982 17743 END
START -8836 -29276 -8792 3825 4925 16597 END
START -9724 -32768 -8252 4362 5996 13776 END
START -10400 -32768 -7560 -466 8043 8997 END
START -10932 -32768 -5560 -3011 11666 3595 END
START -10352 -32768 -2008 -5680 12875 -727 END
START -10264 -31448 656 -5273 11956 -4872 END
START -9784 -29588 3256 -3686 10610 -8418 END
START -9196 -26232 2992 -4936 10142 -11335 END
START -8240 -23884 2352 -9589 9136 -13375 END
START -7840 -22892 1948 -8630 8563 -15100 END
START -8064 -21444 1252 -3905 8220 -16593 END
START -7544 -18364 2892 -2831 7370 -17784 END
START -6916 -16844 3892 -4273 5647 -18124 END
START -6244 -14920 3308 -4782 3796 -18154 END
START -5272 -13880 2496 -5989 3244 -17832 END
START -4888 -12952 1356 -5343 2241 -17380 END
START -3756 -11448 1380 -3636 1730 -16587 END
START -3092 -10328 2276 -2274 -158 -15900 END
START -2204 -9132 1332 -3071 -1567 -14257 END
START -1996 -9708 1572 -3002 -2031 -13581 END
START -1760 -7556 528 -3555 -3024 -12716 END
START -140 -7176 -1572 -4899 -4316 -10889 END
START 1140 -5884 -3224 -2953 -4240 -9245 END
START 2024 -4320 -4176 -2283 -4345 -7054 END
START 2068 -4788 -5612 -1219 -4716 -4953 END
START 3284 -5184 -7368 1247 -4602 -2454 END
START 3048 -6064 -7832 994 -3943 -602 END
START 3216 -7812 -8808 -188 -3188 1534 END
START 3120 -9716 -10412 99 -3069 3025 END
START 2432 -10804 -12804 1965 -1917 5138 END
START 948 -12708 -14352 4947 36 6334 END
START -300 -14032 -17720 5359 3379 7243 END
START -652 -15532 -21904 4313 8246 6548 END
START 912 -14256 -28368 4423 16716 6936 END
START 2716 -13420 -26264 2213 26926 7076 END
START -168 -14708 -19628 5490 32767 7886 END
START -3204 -16936 -9212 11368 32767 9702 END
START -6228 -18316 4020 11915 32767 12278 END
START -12000 -22840 16804 719 31584 5110 END
START -9256 -26368 23764 -3981 23167 712 END