START -1500 -2136 -3348 5814 4039 17780 END
START -3216 -2272 -1692 5392 1970 20531 END
START -4676 -4976 -584 9214 -765 25801 END
START -7336 -11848 1936 21490 726 30780 END
START -9984 -18860 3048 23198 3717 32767 END
START -10608 -24616 2212 13546 4908 30033 END
START -10360 -26468 -1128 8773 8160 27274 END
START -9900 -26992 2304 13926 9137 24513 END
START -7668 -27648 3172 17496 4878 24842 END
START -6072 -30228 628 14123 4482 23336 END
START -6540 -31612 -1340 5810 6234 19359 END
START -6392 -32768 -1100 4101 5936 15975 END
START -4936 -32768 -3628 3233 2704 11771 END
START -4452 -32768 -7536 2620 4490 5725 END
START -4216 -32768 -7012 307 9433 -1132 END
START -5048 -32768 -2704 -4164 11763 -8296 END
START -4832 -32768 644 -7304 11412 -13622 END
START -5428 -31280 2464 -8412 10431 -17476 END
START -6496 -28032 4180 -8967 9092 -19423 END
START -8056 -25624 5488 -8506 6741 -20563 END
START -9172 -23836 6104 -7884 5407 -22292 END
START -9364 -22016 6368 -7274 4256 -23875 END
START -8788 -19524 6968 -6173 3116 -25269 END
START -8244 -16412 8048 -4955 957 -25484 END
START -6464 -12284 7692 -4888 -1244 -24679 END
START -5044 -10348 7188 -5393 -2664 -23412 END
START -3832 -8164 6280 -4367 -4321 -21472 END
START -2764 -6220 5564 -4388 -6801 -19950 END
START -1956 -4200 4520 -4194 -10025 -17411 END
START -1256 -3732 2944 -3029 -11660 -14557 END
START -596 -2544 1708 -1520 -12945 -11562 END
START 148 -1584 444 -1655 -13913 -8133 END
START 1108 -1796 -2836 -4810 -12721 -4852 END
START 144 -3076 -3392 -4172 -13369 -1896 END
START 852 -4264 -7488 -149 -15064 2022 END
START 1948 -7064 -13276 462 -14125 3727 END
START 2480 -8460 -20440 -2199 -8315 4904 END
START 2624 -10896 -24276 -4256 -1601 6308 END
START 2460 -11880 -26432 -1065 3439 7661 END
START 1924 -12704 -26784 3248 8705 9075 END
START 1808 -14452 -26168 6086 17482 10263 END
START 932 -16028 -22108 7061 24466 10584 END
START 216 -17060 -18020 4932 28731 9620 END
START -1808 -16608 -12812 5681 31914 9155 END
START -3244 -17808 -5864 12019 32767 8519 END
START -3428 -18028 2280 14749 32767 6620 END
START -4396 -18580 8268 900 32767 4540 END
START -7768 -23776 16040 -2652 32767 2758 END
START -7888 -25232 24660 6415 23615 -238 END
START -4436 -22180 26592 3030 11030 -4933 END
START -532 -17268 24144 -2217 2514 -8743 END