START 976 -5316 -4932 -1876 2198 5201 END
START 300 -4820 -5008 -3034 1252 6798 END
START -188 -3380 -6988 -1996 3265 9949 END
START -864 -2320 -6220 -658 7812 12731 END
START -2004 -3424 -3228 706 7737 14537 END
START -2960 -5208 -1936 6264 6145 15951 END
START -4668 -3692 -3044 8610 5689 20545 END
START -5468 -8068 -4824 8104 9322 25024 END
START -9028 -12596 -2472 7041 11410 25550 END
START -10036 -17108 868 7494 10493 23913 END
START -9060 -19820 3392 10478 9342 23129 END
START -8464 -20544 2948 8763 9109 24958 END
START -8608 -24408 1440 2365 10303 23836 END
START -9608 -26548 652 677 11867 21246 END
START -9404 -27544 3580 5159 11424 19982 END
START -7588 -28996 6368 9979 8097 19696 END
START -6532 -30104 5784 5580 5794 16614 END
START -6932 -32768 2200 -778 5854 12314 END
START -6136 -32768 1952 1803 5535 7540 END
START -4504 -32768 860 6305 2593 3333 END
START -3480 -32768 -1436 5197 2590 -1159 END
START -4324 -32768 -2708 2611 4634 -7656 END
START -4428 -32768 -5668 1171 6621 -12975 END
START -4604 -31528 -4644 2041 8859 -17210 END
START -6220 -29424 -476 3763 9038 -19915 END
START -7788 -27680 3568 6761 6571 -22655 END
START -8464 -24372 4328 4826 3468 -24938 END
START -7920 -19936 6372 -946 2765 -26013 END
START -7852 -19092 8500 -3491 1345 -26595 END
START -8396 -16728 10000 -866 -3469 -26466 END
START -7248 -12168 9092 -1051 -8174 -24140 END
START -6156 -9044 7724 -5305 -9343 -22606 END
START -4844 -6532 6912 -8132 -9326 -20754 END
START -3932 -3732 6424 -7355 -10946 -18215 END
START -2848 -980 4768 -5024 -13724 -13820 END
START -1576 -488 2304 -4438 -15554 -8814 END
START -932 -904 -1316 -1966 -14298 -5996 END
START -232 -2532 -4508 -681 -13871 -2708 END
START 672 -3888 -7192 867 -13172 -308 END
START 2284 -4792 -10008 -871 -9278 2625 END
START 3496 -7152 -12252 -6056 -6714 5442 END
START 4360 -10348 -14532 -7795 -4012 7216 END
START 5204 -12712 -18676 -4127 172 9488 END
START 5508 -15304 -20448 297 5473 9672 END
START 4056 -16624 -19100 1081 9980 9537 END
START 2796 -18592 -17360 124 15169 9980 END
START 2432 -20096 -13704 2979 21642 7706 END
START 1944 -19564 -8724 4638 22355 6590 END
START 1564 -18064 -5504 3011 23697 6383 END
START 36 -20156 -2412 926 25784 6194 END
START -2804 -22444 2336 3437 23767 4155 END
START -3680 -24460 7380 12133 20183 749 END
START -3556 -23260 12052 8111 18677 -2392 END
START -2948 -23720 15444 -3104 18474 -6586 END
START -864 -20840 16924 -5195 15481 -8750 END
START 240 -15576 17276 -4363 9153 -10246 END
START 1824 -12816 17840 -5522 -427 -11306 END