START -4136 -9376 -2184 5502 1126 9819 END
START -4036 -8684 -2272 8842 -2165 10065 END
START -2480 -8384 -3788 8378 -2326 12101 END
START -2300 -8424 -4380 6451 -613 13197 END
START -1860 -10980 -5024 6131 -139 14148 END
START -1848 -14560 -5188 10664 -802 14683 END
START -2364 -17536 -4344 15576 -3010 13599 END
START -3496 -19152 -4652 16624 -3027 15622 END
START -3932 -23484 -5720 13450 524 14628 END
START -3780 -25116 -4876 10529 3704 12289 END
START -2368 -26948 -4556 7878 4604 11465 END
START -2420 -29208 -3836 7923 5227 8766 END
START -2052 -30436 -1852 7233 4423 5810 END
START -1932 -30624 -2232 2392 3906 3712 END
START -2520 -30768 -2600 -1712 5087 587 END
START -3432 -29000 -2856 -4508 5557 -2082 END
START -3296 -27624 -3564 -5265 6785 -4654 END
START -3060 -24672 -4000 -5648 6981 -6938 END
START -2504 -23808 -5404 -6545 7993 -8574 END
START -1624 -22732 -6132 -7639 10051 -9657 END
START -1496 -22416 -6164 -4267 13950 -12179 END
START -2180 -20360 -3400 -146 14354 -14673 END
START -2664 -20576 -732 3272 13408 -16832 END
START -2884 -20672 1736 7123 12229 -20289 END
START -2372 -17368 1960 6873 12777 -21145 END
START -1472 -15080 2264 1377 16037 -18389 END