START 572 -4936 -6388 -236 -3271 6072 END
START 1448 -3544 -8516 -1757 -6799 11142 END
START 1128 -7192 -11816 -2530 -6170 16002 END
START 456 -9980 -12616 495 -4285 15566 END
START -2672 -9468 -12580 2906 -5589 17112 END
START -2528 -11908 -13040 3775 -7361 19347 END
START -2752 -12520 -15488 6150 -3522 17082 END
START -2408 -12356 -15360 1953 -826 17834 END
START -1416 -14592 -16692 4772 2427 17179 END
START -736 -15484 -15128 10738 3721 15212 END
START -476 -18824 -14208 13437 4220 13200 END
START -1660 -23548 -11700 19487 6290 7957 END
START -804 -27124 -8472 20836 5530 5109 END
START -48 -29184 -6232 15084 7794 1692 END
START -1152 -30584 -5008 8595 11311 -1945 END
START -944 -29748 -2756 9282 14665 -7985 END
START -1156 -24184 -200 10692 11590 -15517 END
START 800 -18868 -744 9239 8333 -15743 END