START 1600 -200 -5128 1017 4999 11020 END
START -1188 -964 -3996 -842 8431 14311 END
START -2448 -3460 -120 1733 8171 17892 END
START -2592 -4772 2204 10070 6578 20908 END
START -3636 -6316 3124 13660 3243 23625 END
START -6052 -10140 2316 14491 -679 26429 END
START -8320 -15276 228 18661 -1259 26870 END
START -9480 -15700 776 22941 -816 26774 END
START -8332 -15412 3240 19496 -364 27506 END
START -7588 -15844 3156 8546 289 28977 END
START -8788 -19644 -1200 646 1445 29055 END
START -11008 -23588 -968 13986 2968 28280 END
START -11620 -24588 1788 20996 1311 27154 END
START -11300 -26520 3588 13791 3406 26318 END
START -11244 -29940 1484 -3432 5745 23683 END
START -11676 -32768 -528 -6602 6317 19072 END
START -12632 -32768 -184 2042 3894 13482 END
START -11092 -32768 -1732 3645 2910 8780 END
START -9288 -32768 -3744 -84 4956 3590 END
START -9324 -32768 -4748 -2977 7455 -3348 END
START -9668 -32768 -3704 -1457 8216 -9606 END
START -9616 -29992 -3564 -911 7874 -13704 END
START -10028 -29268 -3424 -728 9194 -17368 END
START -10916 -28392 -1300 65 9728 -21029 END
START -11872 -26316 1344 1044 8710 -24046 END
START -11820 -23816 3656 306 7318 -26226 END
START -11620 -22092 5360 -3034 6577 -28135 END
START -11056 -19036 7112 -4909 4721 -29411 END
START -9112 -16068 6852 -7383 2407 -29118 END
START -7648 -14172 5668 -8689 1202 -27963 END
START -7004 -12812 5192 -5571 -57 -26751 END
START -5924 -9780 5848 -4647 -2313 -25521 END
START -4664 -7556 5668 -6793 -4475 -23521 END
START -3644 -6504 5452 -7165 -5566 -20997 END
START -2360 -5352 5396 -4040 -7500 -18347 END
START -1212 -3332 4636 -2559 -10876 -15596 END
START -16 -3008 2232 -2694 -13234 -12655 END
START 836 -2064 56 -3762 -12488 -9803 END
START 1128 -2912 -876 -4004 -11187 -6827 END
START 1696 -3516 -2244 -3962 -12046 -3534 END
START 2164 -5088 -5716 -4007 -12772 -874 END
START 2836 -5960 -10568 -4465 -12495 1438 END
START 2876 -6924 -15848 -4011 -10234 3853 END
START 3612 -9592 -23028 -26 -3648 5812 END
START 4200 -10108 -27048 3172 3407 6776 END
START 5552 -11172 -28620 2238 11406 7876 END
START 4832 -12244 -26048 4103 19411 9199 END
START 2896 -11940 -20620 5124 25832 9501 END
START 1392 -13532 -13696 6710 29173 10694 END
START -488 -15072 -7768 6599 30256 11441 END
START -2064 -17016 -1980 2870 31079 11026 END
START -3608 -19204 3140 -4487 31605 9920 END
START -5360 -22124 6768 -6824 30941 7819 END
START -7328 -23668 9508 -6833 26991 3569 END
START -5536 -23748 11336 -2244 20401 286 END