START -1784 -6328 -12848 -3002 11940 2595 END
START -1232 -6600 -11876 1430 13848 4109 END
START -1972 -4412 -10368 8590 17127 5799 END
START -2984 -3928 -6376 11319 17828 7410 END
START -1924 -3296 -2964 13267 17347 9736 END
START -1536 -3204 964 12945 16215 12852 END
START -1744 -4124 3896 10670 12207 16413 END
START -2072 -6684 3992 10369 8609 19120 END
START -3316 -10876 4756 11988 8669 20553 END
START -4844 -14456 6396 8880 6390 20787 END
START -5880 -17480 5648 5621 2719 20441 END
START -5616 -17840 3008 5522 2108 20620 END
START -5620 -17828 2792 7238 3116 20072 END
START -5220 -19132 2488 9354 827 20743 END
START -5308 -21096 -1416 8749 1681 20387 END
START -5584 -21664 -3452 5285 4950 20127 END
START -5352 -23436 -5072 1584 7027 18795 END
START -5360 -29060 -4852 4733 7187 17645 END
START -5868 -32768 -3772 11277 6989 13321 END
START -5736 -32768 -2852 8021 6346 8249 END
START -6088 -32768 -2164 830 6934 3448 END
START -5760 -32768 -1904 -2639 7028 -2129 END
START -4968 -32768 -3748 -6214 7588 -6837 END
START -4804 -31396 -3420 -6595 8475 -10750 END
START -5120 -28516 -1924 -4663 8709 -13652 END
START -5720 -25816 64 -3484 7497 -16305 END
START -6164 -23384 1348 -5053 6476 -17948 END
START -6876 -22928 2376 -5071 5617 -19979 END
START -7932 -20680 3756 -2647 4682 -21768 END
START -6932 -17916 4344 -3305 2446 -22138 END
START -5656 -16380 4292 -3484 611 -22870 END
START -5844 -15152 4524 -1806 -1208 -22651 END
START -5004 -13184 4668 -1335 -2327 -22335 END
START -3824 -10668 4896 -4518 -3350 -21844 END
START -2832 -8820 4272 -7536 -4880 -20041 END
START -1796 -8136 4112 -8741 -7250 -18140 END
START -652 -7152 2248 -7715 -9941 -16436 END
START -148 -6004 640 -3945 -11342 -15462 END
START 752 -3148 -1084 -2676 -13944 -12508 END
START 2448 -2308 -4076 -3656 -14562 -9151 END
START 2304 -2652 -6316 -2075 -13490 -6028 END
START 2836 -3964 -7704 1780 -12462 -3721 END
START 3372 -3360 -11184 2450 -12288 -382 END
START 4080 -4656 -15720 -1834 -10081 3665 END
START 4032 -6900 -20292 -4881 -4664 6106 END
START 3620 -8624 -23216 -3167 1938 7764 END
START 3092 -10008 -23376 2104 5960 8768 END
START 2908 -10876 -22648 5412 10485 10745 END
START 2276 -12148 -20104 6718 16460 11947 END
START 1608 -13088 -16132 3157 21966 12265 END
START 400 -14932 -12696 -633 24779 13485 END
START -716 -17744 -7884 8317 25240 12538 END
START -84 -17488 -3064 17398 25631 10794 END
START -1436 -18456 1808 9880 30454 10402 END
START -4848 -24468 9444 905 32427 8096 END
START -6276 -26248 17576 -109 24509 1311 END
START -2120 -25400 19652 92 12270 -2972 END