START 4536 -12288 -6536 -1878 -6730 293 END
START 4128 -12052 -8656 -2730 -7015 1545 END
START 3152 -11660 -11268 -3882 -4599 2405 END
START 1988 -14352 -13848 -3877 643 2798 END
START 472 -14840 -14276 -1994 5984 1761 END
START -444 -13532 -13240 -2178 8344 2467 END
START -204 -11860 -11988 90 9867 2618 END
START -572 -9372 -9904 3753 11930 4228 END
START -1160 -7692 -4664 6705 12797 5107 END
START -492 -6404 488 6546 11115 7677 END
START -1360 -6372 5920 4416 7961 10032 END
START -1008 -7596 8280 3491 3611 11334 END
START -1284 -9268 7052 2837 1359 13013 END
START -1800 -11024 6328 3983 -787 13390 END
START -2248 -12040 4964 5218 -2200 13834 END
START -2160 -13084 4508 6996 -2317 14145 END
START -2612 -13008 4816 8251 -4383 14522 END
START -2760 -14116 2296 9419 -5844 15802 END
START -3164 -15428 -1212 9974 -4796 16594 END
START -3328 -16960 -2932 9466 -2263 17385 END
START -4200 -18076 -3456 10057 -894 18220 END
START -4312 -21628 -4060 11229 558 18038 END
START -5808 -25808 -3860 11871 2613 17315 END
START -6512 -28108 -3836 8271 5053 15645 END
START -7076 -31052 -4208 3364 7269 12496 END
START -8052 -32768 -2312 4263 7711 9262 END
START -8448 -32768 -2592 4312 7642 5302 END
START -8076 -32220 -1956 -1472 8432 1890 END
START -7864 -32004 -2220 -6096 9906 -1843 END
START -7952 -29232 -1960 -6209 10631 -5209 END
START -7028 -26404 -2380 -8136 11119 -6767 END
START -7600 -26064 -216 -5592 11412 -9391 END
START -7812 -22572 1148 -4000 10681 -11625 END
START -6844 -21952 2012 -6057 10328 -13568 END
START -7076 -20568 2444 -6725 9860 -13937 END
START -7220 -19240 4200 -7019 8872 -15190 END
START -6448 -18156 4372 -6278 7107 -15911 END
START -5552 -16064 4584 -6105 5103 -16043 END
START -4912 -14884 4224 -5983 3740 -15997 END
START -4368 -13640 4352 -5507 1532 -15713 END
START -3900 -13084 4720 -4498 -797 -15706 END
START -2972 -11760 4164 -4125 -2282 -14696 END
START -2088 -11312 3840 -4785 -3903 -14421 END
START -1396 -10656 2168 -5353 -5618 -13240 END
START -984 -10092 924 -5258 -7196 -12878 END
START -328 -9092 400 -4056 -8455 -12052 END
START -188 -7124 -684 -3280 -9454 -10171 END
START 1016 -6776 -2888 -3983 -10326 -7933 END
START 720 -6528 -4236 -3098 -10043 -6190 END
START 1236 -5832 -6268 -3300 -10895 -3528 END
START 1148 -6752 -9468 -2484 -10047 -975 END
START 1384 -7824 -12536 -2911 -7974 1156 END
START 796 -8120 -14660 -2840 -6642 2500 END
START 496 -9140 -15568 -1202 -5591 4344 END
START 704 -8932 -16176 641 -3421 7478 END
START 652 -11312 -16216 1061 -904 8864 END
START 156 -11996 -16176 1669 3760 8952 END
START -368 -13812 -15668 1432 6452 10898 END
START -844 -15892 -14796 4390 9011 10959 END
START -1076 -17532 -12412 8151 13096 9555 END
START -1832 -18612 -11948 9249 17983 8044 END
START -1236 -19424 -10332 8185 24520 6123 END
START 40 -19188 -6208 7676 32296 4099 END
START -3152 -16836 -48 8605 32767 2961 END
START -4624 -19236 9160 8247 32767 -1300 END
START -3816 -20492 16168 4527 28232 -594 END
START -3556 -22720 19536 1133 19473 -2615 END