START 724 -14852 -11768 313 328 1304 END
START 516 -14084 -13168 1282 1954 1643 END
START 156 -14088 -14396 1335 6607 938 END
START -1244 -13772 -13700 1693 9230 -222 END
START -1112 -14436 -15676 1285 10276 -26 END
START -1128 -13960 -15600 3436 14317 500 END
START -1640 -11896 -13488 4541 17266 428 END
START -1884 -10852 -10520 5612 17447 325 END
START -1860 -9036 -6612 6245 16655 1464 END
START -1352 -7820 -1680 6897 14851 3081 END
START -820 -6120 696 5661 12841 5264 END
START -168 -8020 1416 4075 12359 6502 END
START 44 -9572 3980 3247 10351 7262 END
START 276 -10340 6124 4008 5484 8570 END
START 140 -12388 3648 5739 3039 9605 END
START 788 -12960 1972 4874 3269 9149 END
START 368 -12388 2168 3344 3354 8755 END
START 452 -12240 3108 6322 2593 8991 END
START -704 -11460 4700 9014 1680 10643 END
START -1148 -12728 6088 8296 -694 11751 END
START -1560 -14092 5168 7290 -2493 12531 END
START -2024 -13096 3320 5514 -3150 13788 END
START -1988 -16136 1340 5276 -3821 15032 END
START -2376 -17980 324 8044 -3322 14998 END
START -3876 -20432 320 9191 -3746 15178 END
START -3932 -21624 804 9173 -3881 15365 END
START -4100 -22900 -244 4025 -4425 16105 END
START -4496 -27464 -2232 1003 -3596 14904 END
START -5880 -30464 -4712 -1066 -4210 12942 END
START -6636 -32768 -7324 -1201 -3282 10428 END
START -6880 -32768 -7888 -1828 -993 5539 END
START -7140 -32768 -6956 -5493 1268 369 END
START -7488 -32768 -5792 -10561 1953 -3084 END
START -7324 -30548 -4844 -11455 3642 -5826 END
START -7484 -26136 -4120 -11034 5512 -9061 END
START -6948 -21636 -2764 -12780 5384 -9975 END
START -6572 -19288 -2476 -13684 5198 -9507 END
START -6168 -17612 -3592 -11779 5529 -8634 END
START -5740 -15972 -4860 -11693 6965 -8304 END
START -3780 -16364 -4776 -13188 8013 -7462 END
START -3572 -18256 -6208 -9880 9916 -9025 END
START -4244 -16072 -4852 -8370 12160 -10358 END
START -3796 -15480 -2308 -10224 12338 -10275 END
START -3264 -16212 664 -9774 11113 -10584 END
START -3480 -14912 1412 -4803 7225 -11452 END
START -2500 -13268 740 -4333 4434 -11388 END
START -1348 -11716 -112 -5923 4471 -10560 END
START -972 -12288 -268 -8164 3723 -11497 END
START -860 -10088 -916 -6481 946 -11152 END
START 472 -9324 -2420 -5171 -136 -9723 END
START 1300 -8200 -3040 -6109 -387 -8946 END
START 1700 -6988 -5152 -6868 -759 -7493 END
START 1792 -6628 -6456 -5850 -726 -6614 END
START 1920 -4456 -8028 -4696 -2124 -3915 END
START 2340 -4656 -9676 -2655 -2084 -2211 END
START 2348 -4736 -10244 -366 -2428 -883 END
START 2052 -4296 -11844 -533 -3038 556 END
START 1808 -4532 -16680 -1031 495 4547 END
START 792 -6028 -18144 1102 2796 5130 END
START 712 -5524 -20152 4602 5534 7898 END
START 816 -5940 -25720 5646 13216 10630 END
START 876 -5304 -27216 1972 24405 13501 END
START 1384 -9348 -23096 1916 32767 18556 END
START -412 -10436 -16000 4366 32767 24307 END