START -2252 -8172 -4396 3887 2412 15234 END
START -1500 -8964 -4592 4124 2378 19157 END
START -2584 -12044 -6196 2429 4699 22034 END
START -4272 -14740 -5488 3161 8068 22530 END
START -6232 -19172 -1384 11858 6779 21365 END
START -6812 -20180 604 17552 2941 20825 END
START -6368 -20588 -1112 10861 3903 19488 END
START -6072 -23344 -4052 162 8568 19454 END
START -7524 -27228 -3660 1109 10518 16100 END
START -7264 -25788 -480 9551 9058 13658 END
START -5844 -22604 2324 11358 8331 12303 END
START -5636 -21808 3848 5882 8994 11771 END
START -5516 -24388 4548 1733 7266 10627 END
START -4944 -24616 3364 3405 4381 8744 END
START -4176 -24340 2216 3481 3689 6356 END
START -3840 -24468 1840 2196 3826 3667 END
START -3184 -24732 1224 1512 2876 1834 END
START -3120 -24728 1348 3161 2193 199 END
START -2976 -23976 1488 3623 1349 -960 END
START -3116 -24156 716 368 969 -3585 END
START -3148 -25188 -208 -1408 849 -5739 END
START -3308 -25288 -1628 -1363 1594 -7510 END
START -3532 -26268 -2064 -1101 933 -9936 END
START -2920 -26284 -3512 -1353 585 -10950 END
START -3224 -27584 -4744 -2171 1438 -12750 END
START -3940 -27968 -4508 -1619 3969 -15775 END
START -4128 -26856 -3632 -1828 4973 -17744 END
START -5180 -25036 -3344 -3257 5855 -19322 END
START -6944 -24512 -2468 -2150 7867 -19853 END
START -8684 -22124 -608 1430 9456 -21751 END
START -9052 -17720 1716 3170 10668 -23367 END
START -7784 -14240 2948 3345 11847 -22156 END