START 5952 -14068 -4332 1298 2927 -273 END
START 5208 -15748 -4108 -2863 1837 174 END
START 5376 -14020 -6304 121 2160 447 END
START 4920 -14796 -7480 397 2718 650 END
START 5256 -14504 -10376 1909 7131 846 END
START 3688 -12520 -10860 -1214 11285 1112 END
START 2484 -11460 -12040 -3901 14280 1805 END
START 480 -10548 -9456 -782 15883 2816 END
START -852 -9248 -4136 7261 13178 3523 END
START 324 -7276 60 11520 11388 4876 END
START 476 -6320 2784 6224 10322 6993 END
START 460 -7728 5432 791 8989 8456 END
START 172 -8984 6108 -590 6204 10185 END
START -1096 -11576 6196 1487 2103 10636 END
START -1008 -11960 4956 3111 276 11426 END
START -240 -12368 4788 3743 -27 11522 END
START -428 -11388 6020 2709 -811 12182 END
START -884 -12168 5868 1003 -3198 14540 END
START -1804 -13216 3900 3692 -4766 15200 END
START -2232 -14652 1628 5072 -5307 16093 END
START -2124 -15772 1316 6541 -5404 16915 END
START -1704 -18452 -180 6629 -6149 18406 END
START -2980 -20548 -3136 3887 -5240 19139 END
START -3988 -23808 -5548 2052 -4034 18741 END
START -4232 -25968 -6588 3344 -2254 17719 END
START -4668 -29048 -7716 2546 -775 16752 END
START -6020 -32768 -8200 2251 1939 12986 END
START -6276 -32768 -9980 -1829 5500 9217 END
START -5700 -32768 -9336 -6302 8982 5272 END
START -5912 -32768 -5832 -2269 10823 415 END
START -6404 -32596 -3908 -779 10674 -3778 END
START -6312 -30360 -2100 -4803 11015 -7113 END
START -7112 -28356 420 -8416 11166 -10116 END
START -7844 -27432 3172 -7831 9812 -13096 END
START -6264 -24588 3136 -7079 8689 -15125 END
START -5920 -21944 2996 -8203 7267 -16845 END
START -5132 -19872 2156 -8191 7527 -17772 END
START -5040 -17804 2972 -7263 7073 -18416 END
START -5656 -15108 3764 -7631 4406 -17992 END
START -4372 -14124 3176 -6438 3398 -17712 END
START -3388 -12032 2596 -5209 1809 -17042 END
START -2520 -11212 1316 -4515 484 -16307 END
START -1888 -10128 252 -4040 -228 -15421 END
START -1140 -8968 -624 -3062 -1735 -14282 END
START 112 -7964 -688 -1507 -2182 -12826 END
START 412 -6680 -316 -1373 -3552 -11203 END
START 1180 -6096 -408 -2522 -4880 -9290 END
START 1324 -5448 -944 -2151 -6355 -7178 END
START 1304 -5044 -1420 -1005 -7880 -5179 END
START 2036 -5812 -4428 -2322 -9246 -2576 END
START 2576 -7896 -7284 -981 -8165 -1302 END
START 2648 -7800 -9684 127 -6520 -557 END
START 3280 -9380 -12700 -844 -5617 950 END
START 3792 -11012 -15168 -613 -2468 2040 END
START 3404 -11948 -16384 375 55 2818 END
START 3060 -12420 -18688 3412 2804 4646 END
START 2696 -13076 -20104 4108 7099 5888 END
START 2336 -14832 -22372 4544 13817 5241 END
START 976 -14304 -23484 7771 22860 3694 END
START -256 -13056 -17092 6647 31555 4415 END
START 328 -13184 -5856 5293 32767 4952 END
START 2592 -15632 9160 13883 32767 6142 END
START -964 -11564 16016 16956 29143 7397 END
START -1932 -19144 17116 1051 17371 5139 END