START 8400 -8292 -8888 1833 170 2207 END
START 8336 -8040 -8960 1780 -1416 4411 END
START 7648 -9348 -9800 2538 -1486 4014 END
START 7452 -9884 -10176 2027 -563 2237 END
START 8184 -10056 -10196 1120 -261 -546 END
START 7508 -9044 -10592 811 -1010 -218 END
START 8248 -8932 -11524 518 -1346 1358 END
START 8232 -9680 -12024 0 -498 964 END
START 8460 -9328 -11736 -947 397 -70 END
START 8116 -9208 -11608 -1016 -946 -744 END
START 8084 -8396 -12384 -739 -967 246 END
START 8360 -8804 -12676 -825 -512 183 END
START 7692 -8752 -12784 -636 -129 388 END
START 7792 -8800 -13428 -510 552 86 END
START 7600 -8432 -13388 -310 1065 -26 END
START 6992 -7972 -13224 -1182 1072 222 END
START 7136 -7468 -13872 -1575 1973 1298 END
START 6260 -6780 -14372 -3050 3213 2316 END
START 5396 -6316 -14928 -3294 4533 3503 END
START 5016 -5356 -14784 -2055 6176 4177 END
START 4516 -4644 -13672 -308 7059 5155 END
START 5648 -3444 -12772 930 8331 7613 END
START 5076 -3572 -11488 1963 9890 9694 END
START 4800 -4464 -10216 3933 10788 10289 END
START 5120 -4248 -9220 5566 10892 11767 END
START 5456 -5256 -7908 7793 11732 13654 END
START 4968 -6684 -6040 8598 11144 13275 END
START 4156 -7660 -5108 7459 10225 14608 END
START 4564 -9844 -2972 6722 8822 14593 END
START 5380 -11524 -1576 8319 6410 14362 END
START 4816 -11568 -1932 8303 4691 13784 END
START 2688 -11892 -2240 6722 4030 14753 END
START 1384 -12972 -2012 2623 3080 16372 END
START 2564 -14808 -876 511 937 16385 END
START 1772 -15020 -1380 -1226 -530 16547 END
START 464 -15356 -1664 474 -1135 16113 END
START -668 -14276 -1264 2387 -2383 17040 END
START 204 -15248 -1100 2243 -4582 17713 END
START 896 -16416 -2908 2315 -6376 17473 END
START -424 -18340 -4708 5160 -6295 17391 END
START -1928 -21496 -5216 6614 -6053 16140 END
START -2508 -22564 -5768 4912 -6367 14939 END
START -2580 -23624 -7160 444 -6603 14434 END
START -3300 -24048 -6940 586 -7107 12320 END
START -3084 -22376 -8980 1331 -9129 11420 END
START -2904 -22772 -12700 344 -8210 9522 END
START -4536 -21396 -14824 1746 -4319 8085 END
START -2168 -21348 -17068 -1013 -3130 8167 END
START -2836 -22112 -18212 -2360 378 5877 END
START -2808 -23664 -18780 -2694 3481 3825 END
START -3412 -24424 -17092 -3625 5978 1264 END
START -3648 -23872 -15496 -3536 8474 -1427 END
START -3296 -23208 -14132 -5483 9793 -2747 END
START -3360 -23460 -12704 -7683 10960 -5171 END
START -3924 -24068 -11252 -7795 12183 -8356 END
START -3820 -23992 -9416 -6789 12994 -11489 END
START -3560 -22172 -7044 -8707 12591 -12170 END
START -2412 -22300 -5556 -10625 11345 -13197 END
START -2944 -20528 -5732 -10713 10823 -14749 END
START -2304 -19028 -5260 -10192 10332 -16379 END
START -1772 -18164 -3784 -8391 8995 -17562 END
START -1664 -15400 -3948 -7874 7058 -17693 END
START -204 -13356 -4816 -9968 5580 -16850 END
START 512 -12092 -4264 -10035 5594 -16844 END
START -244 -10792 -3076 -7591 4212 -16709 END
START 292 -8752 -3792 -6139 1581 -15548 END
START 1300 -5932 -4660 -5428 1145 -13058 END
START 1908 -4972 -5220 -6817 755 -11275 END
START 1788 -3600 -5392 -6187 -180 -10155 END
START 1900 -1124 -6788 -4319 -2002 -7423 END
START 1912 -444 -8408 -2088 -2068 -5557 END
START 1300 880 -9972 473 -690 -3059 END
START 1076 1620 -12520 -1952 -270 512 END
START -28 1740 -17308 -3654 1694 4729 END
START -460 3016 -22176 -3285 7261 8619 END
START -1168 3076 -24548 -2665 15341 11915 END
START -628 2972 -22892 76 22349 15055 END
START 864 256 -18200 4653 29027 17576 END
START 2220 -4492 -10688 10971 32767 20023 END
START 824 -12460 -2716 16990 32767 21140 END
START 1940 -21456 5720 20098 32767 18822 END