START 1336 -5648 -6824 7284 5142 4468 END
START 276 -4296 -6148 6423 3127 6441 END
START -672 -3800 -5320 7578 2423 9038 END
START -888 -2244 -1920 10547 1440 9714 END
START -16 -2736 -1812 8552 -1571 11007 END
START -896 -4412 -4712 8878 -3235 13978 END
START -2780 -5556 -6024 12501 -3105 15582 END
START -3720 -7628 -4692 14893 -2443 18017 END
START -4112 -10276 -3768 13158 -3878 18331 END
START -5320 -13536 -3556 9218 -4336 19627 END
START -6300 -16848 -5124 7517 -4709 20578 END
START -7052 -19868 -6028 8440 -5344 19935 END
START -7172 -23408 -6692 7922 -6664 19153 END
START -8224 -24956 -8248 1756 -6695 19693 END
START -9328 -27484 -11032 -1282 -5049 18171 END
START -8396 -29664 -12080 914 -3355 15166 END
START -8524 -30752 -13184 1184 -3065 11955 END
START -9404 -29580 -16200 635 518 9184 END
START -8984 -28148 -16628 -4445 4580 7826 END
START -8120 -27968 -16980 -7550 10421 4635 END
START -9784 -27732 -13844 -2981 16204 -1708 END
START -10316 -25476 -8472 -539 15080 -7652 END
START -8120 -23024 -7836 -997 13211 -7283 END
START -7832 -23048 -8168 -2951 15184 -9632 END
START -8104 -21724 -5868 -4786 15733 -12728 END
START -7016 -19896 -3540 -5030 13046 -13496 END
START -5220 -19868 -3976 -3121 10359 -15354 END
START -5412 -16628 -3752 -1581 8481 -16052 END
START -3948 -15756 -5116 -2189 7634 -16314 END
START -2804 -12876 -5000 -4384 7890 -15193 END
START -1520 -12844 -5412 -7819 8086 -14357 END
START -744 -11360 -5304 -7477 7449 -14759 END
START -360 -7656 -6364 -6445 5380 -13079 END
START 1404 -8268 -7892 -5511 4762 -10352 END
START 1208 -8376 -7592 -4140 5656 -10043 END
START 396 -9104 -5824 -4932 5305 -10336 END
START -1732 -8760 -4492 -5429 3859 -10358 END
START 624 -8800 -4872 -5730 2640 -8624 END
START 1112 -7996 -4028 -7194 1812 -8563 END
START 1684 -7384 -3160 -7693 410 -8212 END
START 2028 -7248 -1640 -8255 -2760 -8346 END
START 2960 -5176 -2176 -10847 -6336 -6987 END
START 3616 -4932 -4264 -12426 -8898 -5757 END
START 3548 -2476 -8788 -14099 -10265 -4566 END
START 5564 -804 -15752 -14499 -7161 166 END
START 6200 4 -18008 -15168 -4140 1365 END
START 5716 1296 -18480 -15059 -4855 3812 END
START 4516 1668 -19792 -9232 -7622 5850 END
START 2984 2868 -21972 -1692 -10464 8281 END
START 2148 4052 -22668 1934 -11387 12998 END
START 836 1808 -26856 5135 -4791 16243 END
START 228 1972 -25488 5101 3838 19289 END
START 788 2804 -23964 3644 13711 27346 END
START -840 -524 -19248 -2485 21731 32767 END
START -3700 -8660 -12100 189 22863 32767 END
START -7812 -19212 -6288 10617 19035 30882 END