START -492 -4468 -4740 3992 6077 12912 END
START -1688 -5076 -5596 3768 8055 15218 END
START -3668 -4520 -6156 2380 8766 18753 END
START -4948 -6308 -5732 3346 8015 21665 END
START -6028 -9792 -4976 11606 6766 23890 END
START -6392 -11024 -4812 16532 8393 26340 END
START -8608 -13148 -3240 9671 12254 27177 END
START -11276 -19328 -424 -674 12361 27928 END
START -12312 -24588 -64 2222 8100 27015 END
START -12008 -25964 1096 12814 4618 25954 END
START -11028 -25916 0 13085 5524 24384 END
START -10128 -28212 448 -462 8605 21358 END
START -9704 -31680 1124 -4747 8219 16372 END
START -7688 -31324 24 3149 4701 13019 END
START -5936 -32392 260 10707 2679 10606 END
START -4556 -32768 -720 10565 1501 6016 END
START -3868 -32768 -4708 4522 3419 306 END
START -3696 -32768 -5464 1019 5807 -5702 END
START -4620 -32768 -5232 1763 4906 -10958 END
START -4464 -30708 -8992 3310 5747 -14492 END
START -5376 -29272 -9908 2453 9020 -18375 END
START -7412 -27172 -4660 3609 11122 -22263 END
START -7764 -25896 -688 5348 8517 -25463 END
START -8256 -23272 1808 5671 6821 -26993 END
START -8952 -21244 4128 482 5390 -27120 END
START -9284 -19508 6800 -2612 3154 -27880 END
START -8400 -16612 7280 -1231 758 -28117 END
START -6400 -11776 6360 -1902 -1361 -27254 END
START -5108 -8668 6636 -6457 -3900 -25371 END
START -4444 -7344 6640 -5683 -7251 -22252 END
START -3164 -5020 5316 -2060 -10316 -18923 END
START -1008 -2152 3572 -787 -11317 -15515 END
START 172 -948 2068 -5532 -12330 -10616 END
START 348 -2100 556 -5554 -14351 -6045 END
START 828 -2988 -2612 -229 -14989 -2482 END
START 1964 -3888 -5404 2331 -15058 192 END
START 2588 -4972 -8784 -273 -15325 2901 END
START 2756 -6660 -13084 -929 -10375 4631 END
START 3292 -8564 -14944 -2152 -5795 7599 END
START 3948 -11016 -16844 -2373 -3235 9272 END
START 4540 -12340 -19048 -1125 -258 11437 END
START 4484 -14104 -21156 2086 7225 12222 END
START 3008 -16148 -19660 2419 14163 11908 END
START 2640 -17440 -17148 682 18378 11550 END
START 2040 -16704 -14292 -1774 23450 11237 END
START 652 -17396 -11420 -5164 26689 11097 END
START -1080 -19348 -6880 714 28655 10002 END
START -2992 -21604 180 10363 26644 8420 END
START -3144 -21336 4548 8018 25553 5628 END
START -4696 -23128 9100 992 24656 3658 END
START -5324 -25032 14716 6710 19407 846 END
START -3132 -21760 17044 9130 10412 -3531 END
START -268 -18396 16924 2551 3221 -6146 END