START 1392 -8192 -12144 -267 9622 2604 END
START 1728 -6168 -10548 -89 11509 4677 END
START 240 -5556 -8088 2738 12444 6731 END
START -1392 -4796 -3736 11952 12327 9090 END
START -1800 -4688 2184 17147 10475 11027 END
START -2160 -4536 5308 15474 7332 14030 END
START -3248 -5000 5540 10783 5426 17474 END
START -4136 -5044 5940 7354 4901 20234 END
START -4860 -6656 6852 6781 2578 23426 END
START -6324 -10468 7112 11636 -904 25465 END
START -7936 -12900 4480 13303 -4524 26936 END
START -9300 -15092 208 10429 -2383 28158 END
START -9612 -19116 -3140 6410 1515 27683 END
START -9848 -21924 -5932 2792 3656 26088 END
START -11188 -24048 -6804 7124 5518 23906 END
START -13396 -27696 -3588 20896 6184 22101 END
START -12640 -28152 -2468 18743 5768 19033 END
START -12472 -30020 -5076 6410 10366 14630 END
START -14088 -32768 -1872 3008 12511 10415 END
START -13268 -32768 -908 4981 9152 5828 END
START -12544 -32424 -1728 2739 8124 770 END
START -12376 -31940 -1520 1824 8857 -3857 END
START -11348 -30152 -712 -33 8898 -8574 END
START -10816 -28152 348 -1601 8359 -12539 END
START -10744 -26068 2260 -1325 7868 -15679 END
START -10452 -24104 3000 -2697 6683 -17774 END
START -10208 -22920 2752 -4153 5715 -20028 END
START -10336 -22124 3728 -3690 5596 -22192 END
START -9800 -19696 5420 -3856 4289 -23804 END
START -8704 -16764 5876 -4920 2231 -23749 END
START -7636 -16260 5784 -5969 167 -23495 END
START -7284 -15216 5668 -4141 -143 -23971 END
START -7212 -12956 6468 -5934 -1951 -23497 END
START -6704 -12264 7092 -7473 -3639 -23042 END
START -5600 -10560 6896 -8377 -6707 -22304 END
START -4256 -8868 5156 -6757 -9377 -21293 END
START -3184 -6840 4068 -6286 -10964 -19179 END
START -2044 -5312 2352 -6567 -11949 -17214 END
START -1528 -5516 636 -4992 -12868 -15713 END
START -944 -3956 -2448 -4014 -13176 -13040 END
START 1124 -4544 -5200 -4926 -13393 -10332 END
START 2184 -3940 -8000 -5610 -14162 -7146 END
START 3316 -4424 -13028 -3228 -11658 -4366 END
START 3764 -4260 -17344 -1129 -7611 -1002 END
START 4048 -4940 -19912 510 -2330 1869 END
START 3748 -5744 -20096 3951 1672 4790 END
START 3176 -7008 -20772 7634 7397 7908 END
START 2400 -7764 -18748 7789 12051 10931 END
START 2408 -10064 -18728 4268 16967 14079 END
START 360 -13784 -16644 5098 22467 14836 END
START -948 -15936 -10792 9579 25266 14501 END
START -2492 -18800 -4056 8280 27921 13467 END
START -4364 -22964 3852 5069 29326 12175 END
START -4872 -26036 8820 -2068 28759 9514 END
START -5604 -28048 13024 -2774 23717 5613 END
START -3392 -26044 15636 3013 16135 447 END
START -736 -20812 15856 3142 8988 -3130 END