START 4740 -7208 -12532 7829 9549 -73 END
START 4900 -5112 -10944 7101 12793 3591 END
START 4728 -5032 -9328 2486 13189 4842 END
START 3872 -5892 -7728 1240 12945 5704 END
START 3796 -6136 -6260 5893 10692 7593 END
START 3848 -5904 -5640 11236 8353 10234 END
START 3008 -6568 -5280 15356 7745 12166 END
START 1436 -6616 -4644 16479 7537 12963 END
START 624 -8100 -3516 14753 7525 14255 END
START -1720 -8784 -1432 11492 5864 14436 END
START -2684 -10444 1256 11158 4534 16649 END
START -3520 -12328 4408 14716 743 17655 END
START -3140 -13848 5216 15994 -5023 17855 END
START -2952 -15296 2328 12235 -9025 19731 END
START -3612 -17280 -1928 6834 -8226 20225 END
START -3352 -18816 -4756 2557 -4907 19898 END
START -3412 -21340 -5584 1931 -3545 19368 END
START -3028 -23388 -6736 4843 -3118 18600 END
START -2992 -25732 -7540 5052 -2846 17787 END
START -2992 -29768 -7320 2190 -512 16250 END
START -4564 -32476 -6980 -3444 65 13937 END
START -5164 -32768 -9152 -5974 2465 9459 END
START -6160 -32768 -7620 -2733 6156 3562 END
START -6448 -32568 -5500 -3300 5578 -1110 END
START -4924 -29332 -4808 -6224 5180 -4375 END
START -4420 -26584 -4716 -10985 4930 -5241 END
START -3436 -26672 -7716 -12554 9301 -7805 END
START -5128 -24704 -7752 -9497 13569 -10977 END
START -4956 -24248 -8552 -9907 13679 -13147 END
START -5164 -25544 -8228 -5785 16232 -16964 END
START -6064 -24492 -9764 200 23123 -23010 END
START -4920 -22460 -10156 4238 32767 -28552 END
START -5456 -16160 -8372 5921 32767 -26260 END