START -1524 -520 -4140 -859 1841 14260 END
START -2736 -1048 -2472 -2257 1195 17283 END
START -4528 -1864 -1372 1088 528 21544 END
START -5652 -3136 -1004 8361 29 24327 END
START -8624 -6636 -2896 13236 -295 27014 END
START -11008 -11164 -3764 16632 3388 27964 END
START -14184 -14636 -828 13078 6217 27308 END
START -15604 -22468 1352 12090 3718 27170 END
START -14608 -25564 1000 20596 1120 25225 END
START -12372 -24796 -720 20006 2876 24023 END
START -10924 -25700 724 13008 7387 22589 END
START -10012 -28392 2464 9128 6346 20480 END
START -9432 -31460 2380 14952 2279 18435 END
START -8044 -32376 1236 14593 1184 15619 END
START -7216 -32768 2064 4217 2190 11251 END
START -6608 -32768 360 -1811 686 4933 END
START -6076 -32768 -3368 -589 696 -610 END
START -5844 -32768 -4392 -714 2263 -5917 END
START -6844 -32768 -3808 -1737 3321 -10800 END
START -7052 -31840 -4384 -1624 5268 -15767 END
START -8460 -29424 -4484 -1680 6419 -19635 END
START -9932 -26456 -2840 -538 7344 -23000 END
START -10668 -24376 -604 1 7892 -24781 END
START -11200 -22812 2572 483 7378 -26528 END
START -10700 -19600 3972 -1353 5172 -27812 END
START -9676 -17168 4808 -1543 2952 -27391 END
START -8692 -15648 5648 1205 1253 -26638 END
START -7016 -12360 5808 -431 -52 -25703 END
START -4520 -10548 5048 -3341 -1976 -24028 END
START -3760 -9236 5952 -2926 -3761 -22533 END
START -2532 -6916 6844 -2364 -7307 -20146 END
START -632 -5672 5772 -3736 -10016 -17192 END
START -212 -4132 4516 -6932 -10386 -14899 END
START 464 -3340 4796 -8983 -11585 -12465 END
START 596 -3380 2012 -7942 -15144 -8389 END
START 1328 -4068 -1992 -4401 -15477 -5463 END
START 2288 -3988 -4588 -5819 -14953 -3107 END
START 2824 -5348 -8820 -7084 -13247 -721 END
START 2892 -6572 -12064 -5243 -11317 1139 END
START 3792 -7596 -17816 -3381 -6922 2971 END
START 3868 -8708 -20328 -1664 -1198 4047 END
START 3712 -8820 -20716 524 3856 5638 END
START 4488 -10156 -20400 1522 9413 7249 END
START 4868 -11032 -19476 1676 15102 8544 END
START 4412 -11632 -18048 -1952 20029 10147 END
START 3804 -12240 -17152 -3769 25607 12010 END
START 2808 -11972 -15052 -6499 30790 13358 END
START 424 -14500 -9532 -321 32767 14670 END
START -1868 -15276 -1904 10517 32767 16522 END
START -5048 -16860 6036 7072 31955 15501 END