START 2848 -820 -5564 -6760 -2292 -68 END
START 2224 -616 -4616 -5940 -802 3287 END
START 1388 592 -4596 -2179 -1414 8053 END
START 724 1064 -4336 -331 -985 10904 END
START 208 404 -4356 1123 -1403 12965 END
START -1220 -80 -4996 3270 -2171 15527 END
START -2692 -2572 -6104 7745 -747 19463 END
START -5128 -4644 -5416 12820 306 21269 END
START -6568 -7316 -3920 15067 -328 22851 END
START -8320 -9196 -2768 16008 -1424 23599 END
START -11016 -9856 -4036 13570 -1236 28473 END
START -12772 -15564 -3900 15528 -56 29930 END
START -14524 -19212 -1852 21698 2209 28192 END
START -14600 -21184 1436 21600 2374 26997 END
START -13956 -21808 2612 17651 1814 24733 END
START -12928 -23648 1224 12719 245 23701 END
START -13096 -27316 -568 17684 950 21419 END
START -13276 -28980 1500 26669 2027 18516 END
START -10604 -27476 3828 18738 1794 14942 END
START -9776 -32768 2516 3538 1543 10354 END
START -10540 -32768 -148 4160 1295 4507 END
START -10312 -32768 -1152 8366 529 -907 END
START -9256 -32768 -2196 8811 650 -5931 END
START -10212 -32768 -2328 10841 2241 -10897 END
START -11520 -32768 -1980 16362 2763 -16742 END