START 188 -8828 -14420 2516 8191 2676 END
START -100 -7076 -13432 4003 9534 4333 END
START -716 -6196 -11312 6227 10599 5241 END
START -784 -4448 -8384 7706 10087 5900 END
START 32 -5432 -4876 10878 8694 6526 END
START -520 -5212 -752 14216 6398 6509 END
START -144 -4708 3368 14852 3268 8680 END
START -824 -4892 6776 12695 110 10987 END
START -2240 -4516 7080 11111 -3848 13811 END
START -1672 -8948 3372 10985 -9053 16574 END
START -3132 -9840 -1284 14741 -10933 17094 END
START -5016 -11628 -5324 14298 -9272 19121 END
START -6636 -14960 -7868 11798 -7119 20228 END
START -5508 -19776 -9440 13565 -4955 20092 END
START -4204 -22792 -10748 16935 -1742 18991 END
START -5572 -25540 -12940 10261 3215 21261 END
START -10484 -32768 -11108 6847 8224 19019 END
START -11616 -32768 -8688 8165 8768 13856 END
START -10812 -32768 -6576 8630 8692 8115 END
START -10600 -32768 -4928 1824 10253 4690 END
START -10884 -32768 -4900 -3798 11830 420 END
START -10384 -32768 -3728 -4788 11978 -4458 END
START -9344 -28812 -3568 -5980 12169 -8008 END
START -8084 -26360 -2444 -7173 12568 -10678 END
START -7316 -23256 -2040 -7497 11897 -12013 END
START -6136 -21204 -2588 -8347 11738 -13306 END
START -6084 -19236 -1348 -7634 12191 -14577 END
START -5684 -17756 544 -6877 10496 -16050 END
START -4984 -15932 1368 -5395 7185 -15770 END
START -4100 -15396 1920 -3126 4064 -16152 END
START -2952 -12792 2164 -3174 2178 -16028 END
START -2176 -12088 2364 -4902 1399 -15325 END
START -2024 -11444 3032 -6458 -284 -15199 END
START -944 -9340 1096 -8343 -2687 -12814 END
START -456 -8300 -988 -9117 -3737 -12227 END
START 512 -6508 -1732 -10117 -4131 -11175 END
START 664 -5440 -3032 -10453 -5697 -9239 END
START 900 -4504 -3456 -8820 -7903 -8089 END
START 976 -3168 -5504 -8284 -9843 -5593 END
START 1068 -2280 -8760 -9145 -9647 -3073 END
START 892 -1448 -12516 -10943 -8060 -368 END
START -8 -1948 -15876 -9137 -7568 2291 END
START -332 -2220 -20392 -5106 -6030 5212 END
START -204 -2132 -24272 -4306 -1622 7505 END
START -172 -2032 -27448 -5091 4515 10829 END
START 40 -1976 -29580 -5519 14112 15385 END
START 212 -3920 -27720 -1596 24878 17790 END
START 764 -5844 -22636 6555 32662 18973 END
START -60 -6612 -15648 10893 32767 22494 END