START -380 -10420 -16936 -2275 4653 556 END
START -424 -10852 -19180 -955 11772 2837 END
START -1836 -7632 -17492 412 14107 1918 END
START -1624 -6752 -16916 2977 15473 3695 END
START -1620 -6128 -12936 7911 16875 5731 END
START -1528 -6188 -9268 13556 18444 6217 END
START -1836 -5664 -4644 15152 18481 7263 END
START -808 -4796 528 12185 16199 8788 END
START -1840 -5576 5684 11491 10369 11249 END
START -2476 -7508 6536 12857 2737 12906 END
START -2848 -8872 4816 12900 -1590 12749 END
START -2896 -10296 1268 11451 -2106 13574 END
START -3136 -12104 1708 11378 -2214 13709 END
START -3444 -12944 320 12145 -3373 14618 END
START -3824 -14984 -1888 12043 -3154 15542 END
START -4488 -15020 -1936 12443 -1121 15576 END
START -4572 -14492 -220 8834 -831 17095 END
START -5920 -18392 -2036 8020 -2843 17691 END
START -7180 -20956 -5292 12345 -1954 17694 END
START -7728 -21584 -4404 11258 478 17849 END
START -8504 -24204 -4932 3091 624 18592 END
START -9316 -28564 -8300 -1123 1109 17200 END
START -9408 -30456 -8908 3831 4970 13665 END
START -9588 -31628 -8508 2052 5037 11581 END
START -10972 -32768 -10328 -2093 7546 8010 END
START -11028 -32576 -10472 -5089 12859 4700 END
START -11836 -31996 -6908 -5012 15396 -238 END
START -10940 -30704 -3896 -2650 13839 -4892 END
START -10428 -27996 -2944 -2764 13299 -7412 END
START -10304 -26340 -1588 -3626 15059 -10671 END
START -9784 -24596 1484 -6750 14353 -13040 END
START -10208 -22444 3300 -6651 12687 -15079 END
START -9456 -20396 4452 -7533 10535 -15787 END
START -8308 -17456 4968 -8795 8513 -17162 END
START -6876 -15840 4300 -9507 6164 -17883 END
START -5488 -13560 3300 -9474 4690 -18485 END
START -4916 -11980 2644 -8902 2592 -17774 END
START -4572 -11236 1664 -7222 660 -16932 END
START -3456 -9860 1300 -5641 -676 -17049 END
START -2624 -8844 1504 -6006 -2606 -16672 END
START -2064 -7008 556 -6628 -5339 -15587 END
START -1336 -6444 -2268 -7298 -6588 -14134 END
START -1576 -5576 -2820 -3753 -7176 -13163 END
START -788 -4636 -2072 -1027 -9180 -12225 END
START -136 -3404 -2260 -1993 -12381 -9494 END
START 192 -4044 -4988 -2242 -13668 -7155 END
START 664 -4176 -7024 -4061 -14121 -4484 END
START 648 -4904 -9636 -4468 -14224 -2490 END
START 916 -5132 -14220 -5197 -14167 568 END
START 484 -6164 -20340 -5165 -9832 2993 END
START -380 -6244 -21000 -3675 -6711 4609 END
START -1400 -7136 -23528 -1053 -3808 7170 END
START -2528 -8660 -25420 1797 1138 8753 END
START -3440 -9420 -24492 1453 4506 10959 END
START -3344 -8936 -23992 1684 8660 13370 END
START -3420 -8696 -23700 1556 14976 15686 END
START -4612 -8580 -22256 2176 21728 19502 END
START -5428 -11772 -17752 8436 25792 19929 END
START -4740 -15716 -12664 22760 26743 17975 END
START -5276 -16336 -8940 24230 32767 14602 END
START -10952 -22664 -572 12845 32767 10714 END
START -11428 -27812 13096 11760 32767 6347 END
START -8532 -28716 18012 11789 26472 1682 END
START -5872 -26016 17996 7093 16882 -3707 END