START 1292 -4600 2220 6723 7215 8975 END
START 328 -4388 5084 5467 4096 11012 END
START -688 -2476 4364 4032 2118 13121 END
START -2440 -1220 4344 6322 1479 17999 END
START -4164 -3060 5820 11860 -12 23586 END
START -6668 -4052 6700 12551 -3567 27505 END
START -8976 -7988 3644 10855 -4194 30207 END
START -11264 -12820 -884 10433 -4162 32177 END
START -12344 -19184 -4252 14822 -1841 32767 END
START -13224 -23164 -5596 16687 2068 31234 END
START -12868 -26292 -6752 11795 6664 27773 END
START -13340 -28840 -5356 8101 9927 25274 END
START -13808 -32716 -2596 12040 10954 23039 END
START -12808 -32768 -764 14770 10093 18781 END
START -11976 -32768 -1552 6392 9808 13951 END
START -11912 -32768 -2180 -1330 13530 7729 END
START -11268 -32768 188 -1230 12514 1823 END
START -10044 -32768 300 393 10138 -3824 END
START -10112 -32768 1580 1444 9793 -8827 END
START -9308 -29952 1964 -999 9395 -13406 END
START -9796 -27660 2392 -3665 8723 -16707 END
START -10744 -26508 4556 -2356 7784 -19217 END
START -11244 -24616 5376 -1479 5632 -22029 END
START -11692 -22268 5276 -3442 4061 -23849 END
START -10956 -20036 5404 -5940 4008 -25615 END
START -10940 -17432 5820 -5554 3212 -26060 END
START -10676 -16576 7316 -1790 57 -26560 END
START -9600 -13644 7932 1477 -3505 -26617 END
START -7780 -11232 7772 424 -5349 -25509 END
START -6008 -9708 7084 -2463 -6073 -24481 END
START -4824 -7916 7092 -5455 -7919 -23541 END
START -3416 -5184 6880 -5741 -10752 -21364 END
START -1848 -3976 5100 -4386 -12614 -17331 END
START -1020 -2376 2424 -4259 -13132 -14528 END
START -136 -1636 1224 -3380 -13477 -11177 END
START -24 -1436 -432 -747 -14975 -7812 END
START 1232 -1592 -3008 513 -15610 -3614 END
START 1464 -3492 -5128 2453 -14934 -143 END
START 2096 -5728 -6960 6937 -14014 3159 END
START 2512 -8568 -10624 7010 -12793 5954 END
START 2368 -11544 -13816 4734 -9800 6676 END
START 2112 -13660 -17032 2276 -4520 7885 END
START 2216 -16780 -19840 -113 1185 9193 END
START 1168 -19748 -21468 429 6137 8866 END
START 0 -21544 -20596 4874 11258 8269 END
START -96 -21252 -18704 7254 17551 7036 END
START -732 -19280 -15764 3330 23397 6122 END
START -1064 -16880 -13476 -5148 29335 6076 END
START -2960 -16568 -9544 -9623 31933 6669 END
START -5496 -18820 -2912 5198 30708 7423 END
START -3416 -17264 2776 16073 29267 6252 END
START -3628 -16708 5660 2168 30799 4235 END
START -4848 -18448 8372 -11988 30838 3183 END
START -4852 -19028 11064 -9614 28876 2871 END
START -4724 -19104 15012 -2189 26600 3733 END
START -4064 -19968 17696 -6544 22141 1037 END