START -848 -1240 -3148 6713 2634 6497 END
START -560 -1220 -1956 8895 384 7830 END
START -1272 -256 -1404 8569 -108 9983 END
START -3140 -532 -72 7649 -931 13355 END
START -3896 -1500 -1104 7841 -3326 15899 END
START -4028 -4872 -2908 8145 -6170 18296 END
START -5532 -6672 -3872 11722 -6627 18574 END
START -7316 -6656 -4792 12462 -6517 21947 END
START -8088 -12392 -6524 10526 -6391 24389 END
START -9256 -15780 -6660 9122 -6375 24928 END
START -10220 -18896 -9584 5330 -7775 26892 END
START -11484 -23044 -13396 6256 -8689 26710 END
START -10856 -27128 -15764 9153 -7549 24832 END
START -11512 -31260 -17496 6548 -4709 23810 END
START -13884 -32768 -20012 1485 2699 18960 END
START -15772 -32768 -18216 -1304 8413 11280 END
START -14788 -32768 -15064 523 10350 2375 END
START -13996 -32768 -13492 -1964 12220 -2464 END
START -11540 -32768 -12700 -5516 16409 -6735 END
START -9864 -29160 -11472 -7957 20131 -10622 END
START -9484 -26124 -8136 -9282 20073 -14950 END
START -8776 -21844 -7300 -7426 18733 -16472 END
START -7272 -18528 -7068 -7911 18214 -17056 END
START -6976 -16428 -7432 -8994 18057 -17320 END
START -6108 -15328 -6508 -7952 18234 -17496 END
START -5648 -13536 -4304 -4108 15980 -17292 END
START -4080 -12140 -2420 -1928 13451 -17726 END
START -3204 -11020 172 -306 10666 -17732 END
START -3400 -9576 2408 172 6123 -17714 END
START -2652 -7664 2192 -255 1244 -16555 END
START -1348 -5600 1604 -2693 -2032 -15316 END
START -1100 -3544 1380 -4515 -4333 -14449 END
START -272 -1204 272 -4758 -6795 -12029 END
START 56 1020 -1152 -5036 -9598 -9053 END
START 684 1192 -2136 -2676 -13798 -7524 END
START 1004 2052 -4904 343 -18602 -5238 END
START 76 1704 -10756 3175 -20727 -3049 END
START 724 1932 -18380 922 -18010 908 END
START -100 1184 -23296 -3184 -12024 4360 END
START -1692 704 -28712 -4046 -4136 8399 END
START -2576 -956 -30296 760 1897 11586 END
START -1548 -1964 -31264 8087 8985 13254 END
START -1896 -2268 -27932 10818 15946 16755 END
START -3156 -5992 -22612 11021 21259 19274 END
START -2648 -11236 -16884 11033 24283 21399 END
START -3068 -18280 -9448 17187 24629 19184 END
START -6016 -18436 -3920 18036 24559 16993 END
START -8200 -24572 2596 11476 23002 14175 END
START -8800 -31780 7844 10652 18515 7427 END
START -5744 -31532 8908 9209 12694 -699 END