START -1180 -9016 -12532 -1469 -1277 2161 END
START -1628 -9480 -12636 -2397 -653 3130 END
START -2108 -10464 -16560 -1951 3162 3576 END
START -1808 -8996 -16756 954 8534 3227 END
START -2232 -7544 -16064 2448 12986 5347 END
START -2576 -6656 -13688 5599 16531 5268 END
START -3268 -7472 -10324 10670 17551 6050 END
START -2704 -7076 -5672 16661 17330 7029 END
START -1792 -5944 -2980 15110 14708 7642 END
START -1752 -6272 -704 11750 13173 9012 END
START -1524 -8300 1744 11246 11419 8850 END
START -2092 -9052 2196 11768 8090 9116 END
START -1372 -10888 -96 11342 2887 12550 END
START -1796 -13112 -920 13965 3098 12577 END
START -2640 -13272 2044 16051 2858 11849 END
START -2636 -13088 3788 14929 -269 12977 END
START -2096 -14612 2624 13875 -1619 14149 END
START -2612 -16128 1536 10932 -1392 15057 END
START -4172 -17032 1836 10538 -2131 15504 END
START -4872 -17828 1280 9113 -4382 16814 END
START -4824 -18936 -720 4659 -4845 18359 END
START -6244 -20896 -3804 1852 -4065 18731 END
START -7460 -21780 -6460 -2669 -2547 19564 END
START -9412 -27716 -7960 -246 -3150 18071 END
START -10276 -27584 -8960 4030 -4155 16813 END
START -10228 -29880 -12272 -2113 -928 14985 END
START -11868 -32172 -13972 -6231 6413 10625 END
START -11956 -32768 -12168 -6922 11092 5706 END
START -11220 -31192 -8836 -6260 12785 1742 END
START -10824 -29464 -7112 -7546 14290 -860 END
START -11048 -29632 -3964 -6981 15390 -5231 END
START -10856 -28756 -1416 -5429 13556 -10469 END
START -10600 -24340 -284 -5720 12390 -13003 END
START -8892 -22032 184 -10270 12479 -13677 END
START -7976 -20536 -628 -13173 12068 -15725 END
START -7900 -17476 -256 -11387 11467 -16563 END
START -6576 -15280 192 -9522 9747 -16800 END
START -5372 -14236 96 -9393 7121 -16859 END
START -5224 -13312 -984 -7680 6419 -16542 END
START -5492 -12068 1796 -7046 4732 -16653 END
START -3732 -11292 2660 -6663 947 -16864 END
START -3032 -9964 1044 -6860 -1807 -16507 END
START -2544 -8412 -724 -7928 -3008 -14735 END
START -1736 -7604 -1672 -8784 -3436 -13860 END
START -1204 -6424 -2908 -9130 -6141 -13782 END
START -1048 -3996 -4904 -7689 -7492 -12120 END
START -564 -3308 -6124 -7685 -8116 -10232 END
START -696 -2624 -7796 -8457 -10792 -8850 END
START -624 -924 -11676 -6243 -12092 -6629 END
START -576 556 -15932 -3659 -9430 -3156 END
START -860 1560 -19616 -5639 -7016 953 END
START -1552 -336 -23744 -4985 -3304 4395 END
START -2580 -1120 -29732 156 2911 6775 END
START -3428 792 -32768 5998 13138 12054 END
START -4612 448 -32768 9766 28195 18133 END
START -3876 -4004 -29084 11241 32767 21338 END
START -3436 -876 -17952 12250 32767 24025 END
START -4632 -10900 -8352 14194 32767 24756 END
START -15144 -19064 6488 17148 32767 22072 END