START -60 -7904 -14800 1428 14613 3400 END
START -384 -6164 -10796 5523 16607 5082 END
START -1444 -6848 -6536 8531 15311 6350 END
START -1908 -6920 -2748 8940 12187 7957 END
START -2304 -7604 -1104 9778 11580 9703 END
START -3000 -7692 324 7497 10731 10609 END
START -3060 -8652 -1432 4940 8689 12057 END
START -3404 -9752 -920 9886 6614 11845 END
START -2804 -9124 1268 14339 4259 12463 END
START -3000 -9764 4572 16650 1880 13037 END
START -4572 -12000 5764 15783 -2926 14676 END
START -5684 -13088 2708 15192 -5059 16437 END
START -5044 -15392 1720 11962 -4687 16490 END
START -5348 -16256 1824 9500 -5231 16889 END
START -6240 -15400 172 7534 -6294 18717 END
START -6276 -20096 -4740 532 -7833 21433 END
START -8976 -24508 -9568 1938 -4933 19506 END
START -9312 -25852 -10072 3844 -2841 19206 END
START -9896 -28376 -10312 -743 -3949 19374 END
START -11228 -32492 -13832 1202 2293 14738 END
START -11872 -31652 -13900 -3059 6938 11682 END
START -12480 -32768 -11680 -6008 11195 7858 END
START -13460 -32768 -7264 -2763 13241 2910 END
START -12012 -31012 -4448 -3466 14196 -1794 END
START -12216 -29296 -2184 -6320 14685 -5582 END
START -11824 -27912 -1356 -7874 14068 -8825 END
START -11128 -24984 -1052 -9024 13791 -11350 END
START -10164 -21948 -256 -9736 14184 -13888 END
START -9756 -19620 1116 -9212 13189 -15529 END
START -8284 -17196 896 -9591 11372 -16424 END
START -7224 -15832 1132 -9172 10008 -16994 END
START -7480 -14796 2012 -7158 7766 -18302 END
START -6692 -13316 1888 -5662 4993 -19244 END
START -4820 -11132 1344 -6588 3576 -17639 END
START -4112 -10188 1376 -7885 1760 -17286 END
START -3060 -9396 -328 -8210 -623 -15608 END
START -1976 -8840 -2092 -8073 -2591 -15067 END
START -1632 -7456 -3968 -8073 -3624 -14315 END
START -1188 -6868 -5732 -8032 -3034 -13110 END
START -236 -6208 -8156 -9269 -1715 -11593 END
START 136 -5872 -8144 -8040 -1753 -10831 END
START 232 -5352 -7884 -5534 -4043 -9574 END
START 1024 -2424 -10652 -4186 -5185 -6503 END
START 1564 -2924 -13108 -5006 -2836 -4240 END
START 1384 -2640 -13468 -5578 -1293 -1973 END
START 1456 -2720 -14880 -4661 -1200 234 END
START 756 -3212 -18124 -291 305 2644 END
START 12 -2928 -20524 2061 2912 5213 END
START -100 -3668 -22516 3645 7895 7567 END
START -712 -3660 -23172 5126 13478 9234 END
START -620 -4444 -20736 9327 19296 11360 END
START -532 -6296 -15872 11273 22654 13865 END
START -676 -10328 -11900 13402 26246 16912 END
START -2992 -15392 -3256 18432 25734 18605 END