START 1180 -28 1636 4654 -1942 13063 END
START -288 -924 2008 5905 -3346 17619 END
START -1424 -1292 504 5529 -3467 21973 END
START -1700 -3392 -1680 5842 -694 26695 END
START -4088 -4600 -2128 7053 2417 31025 END
START -8084 -9876 -976 11843 1885 32767 END
START -11324 -16148 -2680 17924 497 32767 END
START -12280 -20900 -3144 21792 4429 32767 END
START -13820 -22096 -32 15605 9733 30963 END
START -13904 -25904 2884 2622 10100 27512 END
START -13176 -28208 -112 -1989 7641 25377 END
START -13500 -30512 -1624 3820 7180 22433 END
START -12936 -30728 -348 10878 6135 19985 END
START -11464 -31684 252 9030 6395 16439 END
START -9780 -32380 -1616 -2496 8373 10235 END
START -9656 -32768 -1188 -2282 9534 4715 END
START -8960 -30568 356 5652 8109 1785 END
START -8024 -30520 2020 8757 6596 -1523 END
START -7612 -30384 2092 6671 5788 -6197 END
START -6808 -28708 820 604 5310 -11906 END
START -7116 -27044 -748 -1863 6098 -15999 END
START -7892 -26220 492 1201 5829 -17410 END
START -8332 -24764 1832 4040 4268 -19386 END
START -8596 -23136 3148 2573 2017 -21613 END
START -8628 -21288 3716 917 1959 -23703 END
START -8836 -18732 6016 -1905 1423 -24005 END
START -8956 -17892 7212 -3784 -904 -24231 END
START -8348 -16332 6592 -4245 -3167 -23880 END
START -7196 -14928 6472 -3830 -5085 -23798 END
START -6396 -12400 6380 -3148 -7263 -22993 END
START -4812 -11120 5832 -3391 -8514 -21089 END
START -3872 -9080 6108 -2822 -10263 -19798 END
START -2316 -6760 5504 -4840 -12351 -18339 END
START -1988 -5096 4560 -5615 -13743 -16010 END
START -812 -3796 3096 -5429 -15060 -12776 END
START 272 -2996 592 -5232 -14529 -9799 END
START 484 -2796 -1952 -6581 -13546 -7100 END
START 1212 -3748 -5396 -5322 -11953 -4511 END
START 1828 -4476 -6780 2136 -10305 -1195 END
START 3168 -4640 -7900 7549 -9938 2407 END
START 4448 -6152 -11156 9185 -6904 5157 END
START 4688 -9180 -12020 8574 -2378 7846 END
START 4616 -12468 -13460 7087 522 9252 END
START 3948 -15408 -15380 5941 3974 10411 END
START 1744 -19756 -15140 9802 8860 11839 END
START 72 -23800 -12792 12445 14175 10698 END
START -416 -25360 -10964 6827 18627 8345 END
START -36 -24996 -10980 -4398 25934 5974 END
START -2392 -24560 -8960 -8813 31163 2850 END
START -2724 -23036 -4456 -6949 30405 308 END
START -1680 -19624 -2952 -1881 30444 -552 END
START -1668 -16420 -848 -2379 32767 -1274 END
START -3376 -15776 5448 1810 32767 -603 END
START -4176 -15740 11956 7702 27261 -340 END
START -4852 -16040 16444 10263 21558 -214 END
START -4532 -17748 19708 3111 16761 -2549 END
START -3636 -16892 20904 -2043 11229 -4646 END
START -1540 -12228 20568 -3446 4343 -4603 END