START -2316 -4736 -2700 1986 7333 10743 END
START -2584 -3500 -2636 1798 9205 13656 END
START -4732 -4068 -2100 2673 11404 17319 END
START -5932 -4804 -168 6602 10826 19783 END
START -6668 -7976 -2272 7814 10182 22471 END
START -7804 -11156 -2460 11787 12625 22968 END
START -9272 -11760 -440 11957 15047 24860 END
START -10648 -14876 3976 9564 15389 26391 END
START -12724 -20000 7552 12363 13363 28812 END
START -13152 -23236 9792 17963 12863 27929 END
START -11176 -24632 12732 10048 11583 24783 END
START -9588 -29976 9756 -462 9834 22036 END
START -8036 -32768 6372 2933 7971 18908 END
START -5716 -32768 6644 10287 5530 15958 END
START -4060 -32768 6880 8815 3076 11709 END
START -3096 -32768 5232 4085 1492 5205 END
START -2676 -32768 3036 -1082 1255 -2978 END
START -3392 -32768 1884 -2861 1339 -9573 END
START -5152 -32768 2132 -2653 1329 -14502 END
START -6656 -31028 1252 -1030 1686 -17793 END
START -7572 -29748 180 -819 1642 -20893 END
START -8772 -28816 -1240 -314 2115 -24669 END
START -10064 -26556 -2584 1272 4920 -28137 END
START -10716 -23124 -1936 278 7198 -31539 END
START -11232 -20652 -500 414 8348 -32768 END
START -11272 -18932 356 3931 9476 -32768 END
START -11324 -16392 1776 7985 10009 -32768 END
START -9636 -10788 4764 7580 10296 -32768 END