START -540 -3048 -424 1908 -1615 16747 END
START -3156 -4040 588 4071 -2265 21098 END
START -5548 -5992 -1068 6213 -3981 27133 END
START -6864 -11092 -3540 8547 -477 30596 END
START -9072 -15620 -5424 8654 4154 31374 END
START -9052 -19696 -4972 6962 6835 29679 END
START -10268 -23680 -3408 10157 7973 27861 END
START -11156 -25396 -588 19304 7258 26913 END
START -9676 -25324 1680 15680 7366 25418 END
START -9088 -26952 -1332 471 9069 22531 END
START -9368 -31548 -2168 -847 9226 19305 END
START -8924 -32192 -1816 9708 7305 16693 END
START -8420 -31796 -288 10850 7348 13151 END
START -6632 -32760 480 1690 8552 7104 END
START -7356 -32768 1540 -2403 8989 917 END
START -7468 -32448 2732 686 6204 -3692 END
START -6676 -29416 1832 435 4728 -7051 END
START -6160 -27804 452 -1886 5121 -10058 END
START -6404 -27004 -300 -2923 5056 -13249 END
START -6728 -25380 -1296 -3998 5466 -16208 END
START -6972 -23752 -640 -2996 5648 -18710 END
START -7116 -21512 584 -2525 5404 -19187 END
START -7440 -20836 2036 -1881 4894 -20174 END
START -7796 -19752 3200 -845 3895 -21522 END
START -7632 -17752 4036 -1352 2917 -21610 END
START -7244 -16136 5012 -2443 1495 -21371 END
START -5888 -14540 5436 -3319 -342 -20968 END
START -4976 -12728 5728 -3670 -1992 -20078 END
START -4480 -11180 5808 -3459 -3608 -18858 END
START -3452 -10240 5708 -3469 -5702 -17486 END
START -1960 -9476 4160 -4978 -7143 -16372 END
START -1140 -7680 3016 -6094 -8638 -15053 END
START -888 -7080 1832 -6092 -10444 -13097 END
START -164 -6140 -712 -2302 -10373 -11348 END
START 232 -4864 -1852 -2428 -10258 -8224 END
START 844 -5548 -2284 -1435 -10652 -6010 END
START 1256 -5892 -3064 1997 -10349 -3591 END
START 2640 -5720 -5336 2582 -10305 -1206 END
START 3728 -6532 -7532 -861 -10302 951 END
START 4260 -9016 -13144 -2791 -8266 3983 END
START 4776 -11272 -16216 2319 -3418 5924 END
START 5984 -12660 -18532 4207 1367 7165 END
START 5436 -14256 -20316 1500 6872 8020 END
START 4836 -15512 -21100 1074 15982 8797 END
START 4028 -15752 -18800 -4461 23009 8953 END
START 3092 -15212 -15140 -8563 28109 9148 END
START 956 -17228 -10660 -3170 30321 10854 END
START -1716 -19264 -4624 8253 31309 11389 END
START -2424 -21548 2144 4288 32767 8258 END
START -5536 -22756 7060 -12025 32704 1761 END
START -8220 -28856 13300 -13375 24071 -1949 END
START -6064 -26860 18384 4369 9512 -1962 END
START -1312 -21648 16524 3498 -1380 -4896 END
START 1376 -17272 15172 -1211 -6892 -6737 END