START 1636 -8392 -9812 2353 9437 3672 END
START 1688 -6572 -9088 -752 12842 5447 END
START -836 -3536 -7160 1368 13597 7657 END
START -1792 -1844 -3644 7898 12283 11697 END
START -3408 -2260 616 15418 10721 14407 END
START -4812 -2832 5096 19880 8824 16751 END
START -6148 -5528 9484 18467 4708 19647 END
START -7888 -5788 10596 16234 1235 22289 END
START -9256 -9836 10520 10383 -16 26397 END
START -11108 -15084 9140 7305 -2784 27193 END
START -11888 -19836 1888 7117 -3679 26996 END
START -11792 -23060 -4220 9189 -365 24513 END
START -11124 -24844 -7300 8337 4493 21647 END
START -10148 -26312 -8372 9280 8433 19464 END
START -10196 -27920 -7268 8877 12164 16994 END
START -11780 -32768 -2436 14241 12320 13219 END
START -11520 -32768 1044 19883 9383 8406 END
START -10840 -32768 1172 10023 9843 3520 END
START -11848 -32768 1652 -460 10827 -2272 END
START -11984 -32768 2600 -485 9541 -8674 END
START -10248 -30852 1600 -84 8005 -12795 END
START -9628 -28004 1804 -1514 8466 -16800 END
START -9356 -24880 3044 -3959 8221 -19422 END
START -10536 -23248 4828 -3373 7441 -20982 END
START -11136 -21508 7728 -1546 4989 -22570 END
START -10608 -19080 8992 -1721 1704 -23707 END
START -10048 -16440 8384 -3061 -422 -24322 END
START -9116 -14736 8640 -3783 -1940 -24162 END
START -8532 -13336 8964 -3838 -5156 -23755 END
START -6332 -10076 7508 -5479 -7326 -22431 END
START -5348 -8540 6504 -8446 -8128 -21036 END
START -4236 -6696 6444 -7732 -9716 -19539 END
START -2944 -3972 4672 -8250 -12921 -16259 END
START -1860 -3448 2412 -7607 -15214 -13030 END
START -1148 -2892 -60 -6187 -15296 -9978 END
START -696 -2900 -1352 -3934 -14126 -7713 END
START -252 -2620 -2876 -3868 -14787 -4306 END
START 624 -4368 -5532 -4009 -14988 -264 END
START 980 -5856 -9280 -2329 -12712 1479 END
START 1296 -5928 -12600 -677 -8936 3833 END
START 1076 -7420 -15564 258 -4297 6365 END
START 284 -9096 -17148 2299 1063 8089 END
START -316 -10956 -18080 6591 4668 9582 END
START -200 -12104 -18940 10757 9767 11275 END
START -408 -12920 -19784 10966 17252 13206 END
START -1388 -14108 -18728 7461 24308 15195 END
START -4408 -18956 -14360 16963 27729 15209 END
START -8052 -21248 -5928 32767 26750 12846 END
START -9836 -21012 6628 32767 26338 5742 END
START -11948 -25188 16436 8631 31673 1023 END
START -11712 -29372 23868 119 29899 -5506 END