START 3184 -3148 -3880 1442 3194 5252 END
START 2308 -2988 -3196 -1724 2944 8087 END
START 8 -4448 -1740 3828 5493 11245 END
START -652 -3984 -456 10032 4874 13476 END
START -1288 -4380 -672 10443 1712 15648 END
START -1972 -6508 -4036 10148 2224 18139 END
START -3120 -7764 -4868 11429 6463 20698 END
START -5116 -8448 -2444 13068 7574 21329 END
START -5864 -9344 768 13950 6127 22552 END
START -7408 -12708 1068 13503 4964 25117 END
START -9180 -16512 1032 14656 6214 25307 END
START -10256 -16980 3028 16396 6430 23794 END
START -9636 -17592 5460 12741 5594 24062 END
START -9708 -21380 3520 5302 5087 24928 END
START -11164 -27552 1280 7591 4469 23219 END
START -11236 -27704 2652 15842 2361 20101 END
START -9924 -27208 4992 17059 697 17893 END
START -9144 -30768 4652 6645 762 15780 END
START -8708 -32768 2468 465 404 10354 END
START -7708 -32768 1868 743 -1384 5585 END
START -6832 -32768 1336 269 -3447 984 END
START -7192 -32768 -836 329 -3352 -4733 END
START -7848 -32768 -396 -2387 -1635 -11196 END
START -8008 -30872 604 -4551 -149 -15959 END
START -8372 -28100 2192 -2795 -638 -19872 END
START -8376 -24556 1220 -3730 -2468 -21596 END
START -8608 -22860 -1404 -5702 -972 -23288 END
START -8456 -21216 -1404 -6405 2081 -25431 END
START -8384 -18172 -1048 -6034 3021 -26417 END
START -7744 -16976 -2852 -4144 4006 -26287 END
START -7424 -15308 -2672 379 7326 -26286 END
START -6852 -12780 -2056 -152 9881 -26833 END
START -5600 -10812 -1944 -1718 12135 -27219 END
START -3804 -7028 -708 -377 14734 -25611 END
START -2344 -5908 1732 1960 15892 -22554 END
START -964 -4352 4716 3953 16037 -18789 END