START -2952 732 -3516 10216 2298 21349 END
START -4852 -3032 -1096 7365 3112 26318 END
START -7804 -8164 -1580 5109 -1996 27325 END
START -8500 -11888 -6292 10931 -4686 26229 END
START -7968 -14540 -4900 18486 -3667 23882 END
START -8464 -16724 -3844 16047 -5163 24622 END
START -10128 -20900 -4248 17579 -4547 24300 END
START -9928 -21796 -1848 20863 -3640 22751 END
START -9136 -23524 -896 17583 -4695 22477 END
START -10592 -27680 -2544 15429 -5542 20428 END
START -9388 -29096 -4564 15912 -4238 17099 END
START -6080 -31908 -3028 13711 -3224 13105 END
START -5952 -32384 -2824 7835 -5009 9979 END
START -6876 -32768 -6404 -71 -5342 7452 END
START -7776 -32768 -9540 -1088 -3713 1431 END
START -8924 -32768 -9128 -1523 -2247 -4548 END
START -9216 -32724 -9312 -6294 -766 -8580 END
START -9928 -31600 -7764 -7513 711 -13224 END
START -10296 -28024 -5968 -5024 648 -17556 END
START -9428 -23368 -5364 -4732 2562 -19304 END
START -8852 -20940 -4004 -6801 4221 -21104 END
START -8924 -18904 -3592 -8433 4613 -22079 END
START -8748 -16580 -3204 -5665 3576 -24145 END
START -6800 -13192 -4788 -5077 3819 -21413 END
START -6004 -13016 -5224 -3564 6438 -22158 END
START -5260 -12972 -4124 -1687 8645 -24083 END
START -5240 -10244 -5160 1440 9740 -25646 END
START -2768 -6908 -8888 653 15540 -19859 END
START -1392 -6468 -11936 -4354 27897 -19187 END
START -692 -4368 -10356 -9458 32767 -17753 END
START -352 -6496 -10528 -2435 32767 -12164 END
START 256 -4452 -7380 13120 32767 -7872 END
START -1624 -1348 500 16339 32767 -6246 END