START 1152 -9292 -7608 9845 14945 4482 END
START 1864 -6960 -7248 9574 16341 6075 END
START 256 -6352 -3204 6954 17518 6957 END
START -424 -3808 -1384 7521 17020 8867 END
START -1844 -4504 2316 11315 14976 12814 END
START -3064 -3548 5996 14724 11819 16733 END
START -4076 -3192 8132 12770 8380 20870 END
START -6792 -6792 9608 12663 3916 24698 END
START -10228 -7892 9008 13376 -124 27204 END
START -11844 -11604 8576 12331 -3424 30143 END
START -13372 -16040 5700 10552 -4851 30629 END
START -13264 -19880 2532 8321 -3400 28868 END
START -12776 -24224 -1448 3923 -1718 27412 END
START -12604 -29232 -5464 2949 1876 23889 END
START -11952 -32768 -6324 6350 5195 18857 END
START -11376 -32584 -5288 9994 6324 14326 END
START -10496 -32664 -3496 6694 7054 11298 END
START -11172 -32768 -2452 6875 10730 4074 END
START -11028 -32768 -336 3879 10583 -1711 END
START -9664 -30872 -1020 546 9547 -5759 END
START -9564 -28864 -232 -1403 10547 -9426 END
START -9756 -27548 1264 -2538 11158 -12728 END
START -10352 -26444 2752 -3088 10134 -16256 END
START -10948 -24876 6148 -1290 8615 -19236 END
START -10824 -22120 8320 -3256 6021 -21207 END
START -10172 -20332 9448 -7110 3636 -22671 END
START -10136 -18916 8712 -8341 1729 -24286 END
START -10120 -16408 8088 -7937 -317 -24982 END
START -8492 -13572 7620 -7766 -2522 -24766 END
START -6108 -11368 6012 -8360 -3693 -23491 END
START -5872 -10512 4488 -8602 -4432 -22045 END
START -5752 -9308 5076 -7669 -6447 -21599 END
START -4156 -7068 4692 -4459 -9435 -19689 END
START -1992 -4452 3772 -3274 -10579 -17142 END
START -692 -2220 2280 -6705 -11020 -13130 END
START 448 -2352 68 -10066 -12602 -9032 END
START 484 -3200 -3472 -7564 -14730 -5573 END
START 728 -4092 -8564 -3755 -16387 -2163 END
START 244 -5976 -15472 -1983 -14615 488 END
START 796 -7180 -19792 -3346 -7774 3615 END
START -280 -9240 -20956 -2486 -1800 5312 END
START -8 -10624 -21992 867 2103 6614 END
START -268 -10940 -21076 3672 7890 8379 END
START -1040 -10168 -18948 4048 14399 9979 END
START -1572 -8352 -18720 -1506 20222 13996 END
START -2092 -8868 -18036 -10461 29093 17355 END
START -4800 -12416 -13740 -14347 32767 19475 END
START -6820 -20204 -5844 -1278 32767 20203 END
START -12080 -20692 3648 18286 28337 17067 END