START -1700 -5544 -11004 507 8754 7560 END
START -2160 -6396 -10672 2373 12472 10257 END
START -4568 -7344 -6600 13362 15113 9874 END
START -3036 -5288 -1724 19209 13839 10436 END
START -2800 -3628 32 16958 15411 12561 END
START -4036 -3176 2288 12174 17982 15556 END
START -6056 -3932 5956 14248 16323 18792 END
START -7116 -5816 9412 22402 10588 21826 END
START -8572 -6172 10800 23345 7584 25027 END
START -11316 -9060 9592 10980 7632 28154 END
START -14396 -16052 7232 4213 5922 29651 END
START -15364 -23656 4444 16518 2120 30364 END
START -13344 -24284 1388 20115 2895 27751 END
START -12248 -27856 -1796 2932 8552 25860 END
START -13656 -32768 -4432 -3034 11565 22018 END
START -13456 -32768 -5008 10697 9404 17506 END
START -11260 -32768 -5324 14885 8452 11212 END
START -10260 -32768 -3584 8102 12252 3311 END
START -11232 -32768 -1116 1330 12808 -4854 END
START -11184 -32768 1068 285 11179 -11712 END
START -10896 -32768 3808 -1546 9805 -17520 END
START -11548 -30820 6116 -2574 8622 -21655 END
START -12108 -27288 9192 -1607 6017 -24931 END
START -13012 -22808 11080 -460 1646 -26860 END
START -12196 -19272 10328 -4115 -2187 -27514 END
START -11840 -16104 7956 -7091 -2970 -28556 END
START -11356 -12492 7688 -7213 -3440 -28705 END
START -9236 -9020 7664 -5789 -5209 -27618 END
START -6932 -6536 7504 -5310 -7322 -25396 END
START -5428 -5628 7248 -3799 -8792 -22765 END
START -4364 -4092 6924 -4115 -9480 -20188 END
START -2920 -2968 6216 -7241 -12408 -16496 END
START -2196 -2980 4208 -7196 -14936 -13011 END
START -1300 -2008 2712 -6222 -16645 -9897 END
START -1544 -2792 788 -1771 -18325 -6756 END
START -1168 -2292 -1132 4682 -18409 -3233 END
START 676 -2344 -3892 1908 -17245 1126 END
START 272 -4720 -7316 -1673 -15495 4109 END
START 148 -6768 -10216 -181 -13794 6499 END
START -160 -8176 -15472 3524 -11709 9495 END
START -736 -12864 -23184 1293 -6526 12213 END
START -1556 -17112 -30316 608 4864 11502 END
START -2092 -16556 -30272 383 16664 10901 END
START -2016 -15072 -26792 -550 25706 12221 END
START -5040 -17840 -21260 9875 32767 12599 END
START -6192 -19020 -13052 23736 32767 11408 END
START -6740 -16424 -5368 22763 32767 10475 END
START -11684 -18484 3836 3240 32767 9013 END
START -16928 -26280 16344 2465 32767 6111 END
START -14720 -28232 24288 12189 20705 897 END
START -10028 -25248 23212 7946 9002 -3253 END