START -1988 -12268 -14236 -5005 4885 967 END
START -2676 -11472 -15248 472 8196 1079 END
START -3032 -9036 -16520 4459 10791 1509 END
START -2100 -8188 -15936 6010 13846 2798 END
START -2800 -7808 -15092 7000 17537 3794 END
START -3600 -7176 -11848 10035 19267 4091 END
START -4196 -7164 -7292 12676 16321 4522 END
START -3480 -7456 -4020 15443 13379 6131 END
START -1896 -7504 -1504 16795 12606 6919 END
START -2712 -5988 1736 13497 12286 8087 END
START -2340 -7676 4748 7633 9165 9777 END
START -2600 -10616 5596 7535 3980 11134 END
START -2988 -11948 3088 12131 -1859 12058 END
START -2940 -12600 184 13575 -2555 12772 END
START -2832 -12184 1760 12815 205 13023 END
START -2196 -13316 4084 8976 -2230 14475 END
START -3748 -15052 2604 7352 -6800 16607 END
START -4368 -18064 -2376 9231 -7956 16855 END
START -4584 -19220 -4436 9961 -5457 16967 END
START -5352 -21264 -4680 8555 -4645 18027 END
START -6308 -24060 -7828 3955 -4003 18013 END
START -8332 -27944 -10712 3008 700 16046 END
START -8444 -29152 -8884 3182 4299 14069 END
START -9136 -28248 -8000 -755 5360 12172 END
START -8516 -28180 -10280 -6332 5799 11540 END
START -9652 -31780 -11664 -2478 10729 7590 END
START -12384 -29520 -7432 1970 12810 2059 END
START -10224 -27784 -5856 -1809 12866 81 END
START -10188 -27000 -3384 -5485 14450 -2809 END
START -10176 -25344 -1920 -6442 14641 -6090 END
START -9116 -24340 104 -7401 12783 -8865 END
START -8800 -22400 764 -6623 10521 -11045 END
START -8012 -20392 -264 -7605 9778 -11833 END
START -7576 -19112 -144 -9167 10499 -13041 END
START -7020 -17860 1228 -10098 9061 -14742 END
START -7340 -15112 2152 -8785 6431 -14906 END
START -5428 -14172 524 -6280 4815 -14870 END
START -4248 -12912 -632 -7239 4031 -14924 END
START -4492 -12276 -648 -6490 2973 -16035 END
START -3928 -10952 -772 -4180 756 -16417 END
START -2276 -9016 -2516 -5413 46 -13864 END
START -1540 -9360 -2692 -4948 292 -13767 END
START -860 -8080 -3372 -4379 -56 -13575 END
START -1284 -7588 -2928 -3516 -2281 -13648 END
START -980 -5260 -4688 -2700 -2949 -10469 END
START -436 -5744 -4560 -239 -2569 -9427 END
START -224 -4848 -5636 1403 -3928 -7830 END
START 1108 -3844 -4644 1905 -6598 -5620 END
START 1736 -2532 -5784 734 -9455 -2323 END
START 2060 -4072 -11424 -1308 -9137 2082 END
START 2292 -5940 -19684 -2674 -5548 6426 END
START 1932 -8552 -28408 -3153 623 8297 END
START 1512 -9612 -32768 -3324 11665 10993 END
START 1348 -10728 -32768 -3428 26157 12355 END
START -336 -9160 -30036 -5251 32767 13760 END
START -1776 -10192 -19200 -11354 32767 17416 END
START -4212 -14952 -4680 -8415 32767 18290 END
START -5164 -20560 2924 13886 28313 16811 END
START -5980 -24904 5256 25502 21175 14277 END