START -1676 -6464 -4152 5428 11781 7039 END
START -1120 -4944 -2164 5125 9412 8327 END
START -1544 -3316 -1080 6169 7925 13464 END
START -3244 -4320 2304 12004 8896 16549 END
START -4344 -2124 5700 12722 6710 19880 END
START -6280 -4052 7776 11463 3780 23563 END
START -8512 -5188 7000 10254 2104 27525 END
START -10596 -8592 6404 7479 1492 29558 END
START -11896 -13820 3580 9022 -166 30961 END
START -13560 -21096 -128 17059 -1732 30298 END
START -13124 -23464 -2908 19655 2794 29088 END
START -13316 -27664 -3928 7667 9733 25071 END
START -13052 -32120 -4328 1777 12248 20390 END
START -14716 -32768 -1492 13232 9878 16254 END
START -11924 -32768 916 21738 6006 11667 END
START -10156 -32768 -472 10073 6914 7139 END
START -10612 -32768 444 470 9051 835 END
START -9852 -32768 1308 -905 6385 -5227 END
START -8448 -31684 -1036 -3940 4830 -9156 END
START -7824 -30524 -1144 -4323 5580 -12754 END
START -8928 -29076 -956 -3495 6175 -16391 END
START -10284 -28076 672 -2014 5701 -20213 END
START -10108 -25352 2288 -1788 3997 -23351 END
START -9712 -22992 2508 -4902 4045 -25156 END
START -9836 -20384 4052 -6308 4195 -26457 END
START -9824 -18196 6296 -6685 3104 -27199 END
START -9988 -14716 8548 -3748 658 -26896 END
START -8232 -10972 9564 -4113 -2663 -25640 END
START -7128 -8232 9648 -6684 -4743 -23848 END
START -5944 -5692 9144 -7356 -6898 -21569 END
START -4952 -4348 8516 -6088 -10588 -18693 END
START -2964 -1116 6288 -5102 -14258 -14920 END
START -1580 -576 3352 -8156 -15974 -10815 END
START -1860 -1676 1304 -5983 -15469 -7886 END
START -1692 -1820 -892 -2080 -15638 -4482 END
START -1288 -3480 -2844 -511 -17359 -1941 END
START -1016 -4076 -5896 172 -18553 1422 END
START -348 -6836 -11076 1335 -15257 4017 END
START 312 -8732 -16908 378 -9120 5729 END
START 224 -11332 -22184 -2717 -2500 7377 END
START -244 -13828 -27916 -2911 5242 8200 END
START -1744 -14672 -28112 5790 14105 7875 END
START -1940 -13408 -24692 10657 20473 8555 END
START -1824 -12624 -21072 7190 28624 10142 END
START -3896 -11556 -15608 -325 32767 12532 END
START -4076 -11540 -9552 -7611 32767 15245 END
START -3148 -10288 -4972 -11664 32767 18504 END
START -8204 -19404 5952 3812 32767 20178 END
START -12224 -25024 16864 26614 17174 18029 END