START 156 156 3816 304 5660 3974 END
START 256 1160 3180 5507 3952 10259 END
START -320 1892 3860 8134 3844 14320 END
START -2228 1620 4592 6366 1854 19419 END
START -4088 -280 5020 8653 -335 24574 END
START -5752 -1516 5392 12329 -4277 29476 END
START -6964 -5296 756 13249 -6021 32767 END
START -9068 -10960 -3468 16307 -1481 32767 END
START -12460 -15916 -3556 19112 3423 32767 END
START -13212 -23300 -1624 14800 7004 32767 END
START -14116 -28656 -1560 8563 9650 31736 END
START -14004 -30972 -2896 5907 14481 25529 END
START -14784 -30416 -332 7069 15138 23281 END
START -13880 -32768 416 9866 13032 22666 END
START -13848 -32768 1528 8229 12547 18097 END
START -14192 -32768 4836 7726 11058 11626 END
START -11284 -32768 4808 1991 7471 3763 END
START -9664 -32768 3292 -2568 5943 -3032 END
START -8664 -32768 3068 -13 4632 -7873 END
START -7988 -31224 2056 37 3391 -12448 END
START -8560 -29492 2196 -664 2778 -16755 END
START -8956 -27648 3252 -1282 2133 -20905 END
START -9704 -25688 3796 -2080 842 -23875 END
START -9760 -22700 3948 -3256 653 -25652 END
START -9540 -20664 5624 -3573 275 -26538 END
START -9288 -17828 7472 -2804 -1613 -26534 END
START -8328 -15892 8196 -2911 -4137 -25620 END
START -7032 -14404 7724 -2837 -4445 -25783 END
START -5980 -11112 8540 -4842 -4873 -24511 END
START -4708 -9516 8372 -7795 -7267 -23425 END
START -3636 -7572 7312 -7121 -9130 -20565 END
START -1940 -6664 6348 -6030 -10372 -17995 END
START -852 -4368 4224 -5029 -11429 -16391 END
START 156 -3096 2152 -5135 -11340 -13442 END
START 700 -2120 644 -4235 -11805 -10250 END
START 1468 -2548 -2068 -1291 -11545 -6282 END
START 1624 -3644 -2656 1632 -11584 -3653 END
START 2300 -4864 -3996 5278 -12509 -469 END
START 3612 -6280 -7984 4022 -11064 3005 END
START 3984 -10376 -11316 1629 -6686 3899 END
START 3632 -14156 -14976 -621 -3047 3527 END
START 3528 -14984 -17776 116 536 4545 END
START 3748 -17328 -21360 1304 6488 4875 END
START 2760 -18492 -20544 3769 14187 3684 END
START 1860 -17640 -17392 3474 20401 3154 END
START 1620 -15900 -12360 -194 25271 2712 END
START 780 -15280 -6400 -3321 27569 3373 END
START 212 -15912 -548 -2159 25942 5402 END
START -808 -17356 5552 2485 22807 6510 END
START -1096 -19232 10520 -258 20468 5940 END
START -736 -21224 12472 -4740 17790 3718 END
START 700 -21276 14592 -3446 14646 1744 END
START 1912 -18964 15592 -936 11368 458 END
START 2544 -15956 16072 -1255 6242 -1588 END
START 3596 -14352 14688 -4829 -1327 -3930 END
START 4360 -13592 12488 -3527 -6882 -5102 END