START -1380 -3032 -11764 3852 11506 6454 END
START -2316 -2316 -8384 2352 11196 7882 END
START -2824 -3188 -6044 7422 12219 9292 END
START -3592 -2164 -2516 15035 12199 11888 END
START -2848 -2084 160 14208 10617 15480 END
START -3504 -3412 1368 14183 11588 17169 END
START -5732 -4896 3616 16838 10013 20081 END
START -5332 -8024 3152 16534 6826 22906 END
START -6320 -11648 2132 15919 6518 24678 END
START -7452 -15060 4032 18334 7459 25320 END
START -8580 -18256 6628 15208 6203 24521 END
START -8860 -21532 5568 10483 4158 23715 END
START -8868 -24756 4556 13644 3377 23158 END
START -8728 -24644 4232 14347 2903 22418 END
START -8412 -27756 2192 4110 1562 21762 END
START -8416 -31252 -2192 -69 2380 18984 END
START -8480 -32768 -3428 4231 3561 15003 END
START -7320 -32768 -2492 9431 1712 11704 END
START -5768 -32768 -3632 6965 1022 7391 END
START -6152 -32768 -6084 -2267 4129 2930 END
START -7228 -32768 -3852 -4334 7277 -3047 END
START -8116 -32768 -1784 -2650 5647 -8335 END
START -7388 -30364 -1872 -3929 5368 -11297 END
START -7280 -27696 -1480 -6862 5768 -13814 END
START -7800 -26084 -1816 -7985 6418 -16194 END
START -8328 -23924 -24 -6495 7132 -18084 END
START -8380 -22256 148 -6231 4921 -19066 END
START -7412 -21484 -1188 -5223 5287 -19901 END
START -6776 -20988 -864 -2774 5909 -21864 END
START -6372 -19088 -516 -3394 5228 -21988 END
START -6272 -18040 -1424 -4101 5458 -22953 END
START -5940 -15656 -1824 -3687 8052 -22490 END
START -5316 -14652 -2400 -3519 8967 -22628 END
START -3648 -12124 -2216 -3810 9390 -22283 END
START -2580 -12264 -4372 -1885 11288 -22368 END
START -1636 -8892 -2768 1408 13811 -21436 END
START 560 -6964 -820 -619 13292 -19215 END
START 1368 -6676 -752 -1302 14028 -16829 END
START 2420 -4956 1632 259 13801 -14487 END
START 3492 -4448 2828 2459 13089 -11471 END
START 3856 -2788 4800 3569 11362 -8200 END