START 4476 -13816 -5720 -5017 -2887 -2655 END
START 4000 -13776 -9188 -2696 1525 -3428 END
START 2052 -14152 -10864 626 4293 -1943 END
START 2920 -14336 -15004 5545 9042 -2533 END
START 3000 -14808 -16904 7200 15443 -2097 END
START 2924 -10120 -15784 4337 19343 -1256 END
START 1264 -10624 -11700 796 19304 -1383 END
START 1720 -7948 -5844 4574 18762 543 END
START 1736 -6884 -988 5957 15526 4192 END
START 2136 -7712 3316 7218 10010 6360 END
START 1168 -7332 4028 5285 6306 8543 END
START 748 -9736 6064 2193 5738 9898 END
START -140 -10524 7428 -1205 2749 10500 END
START 108 -11328 7024 -1025 -1434 11828 END
START -420 -10920 5676 2300 -4238 13342 END
START 76 -9340 5812 5553 -4384 14321 END
START -896 -9944 5076 2642 -6165 15134 END
START -972 -10576 2788 1103 -8029 17570 END
START -1756 -13968 476 2175 -8429 18745 END
START -1668 -15112 -1948 5701 -6719 20239 END
START -1972 -15456 -2876 4952 -6288 21849 END
START -3292 -18360 -5756 3609 -6090 22239 END
START -4312 -22596 -10576 4876 -3654 22194 END
START -4820 -26964 -13892 4191 1346 21181 END
START -5636 -32456 -14472 3168 5405 18410 END
START -5928 -32768 -13712 3478 10437 14441 END
START -6932 -32768 -12028 692 13598 10554 END
START -8200 -32768 -8564 357 14616 5545 END
START -8820 -32768 -5068 2454 15112 1091 END
START -8684 -32768 -2288 825 15079 -3776 END
START -8504 -32268 -224 -3033 15484 -8991 END
START -8292 -30992 2740 -4684 15481 -13216 END
START -8884 -27556 4548 -2970 13428 -16895 END
START -8428 -24580 7508 -3867 11745 -18911 END
START -6604 -20688 7628 -6777 9206 -19832 END
START -6352 -18424 8152 -6585 5728 -20970 END
START -6348 -16256 7180 -4430 2211 -21077 END
START -5024 -13328 5024 -4728 190 -20673 END
START -3664 -11100 3624 -6336 -716 -20438 END
START -2120 -8756 2032 -8222 -2262 -19206 END
START -1488 -7544 380 -6702 -2878 -17637 END
START -656 -5720 -884 -2979 -4258 -15272 END
START 456 -4428 -2792 -2298 -4719 -12720 END
START 360 -4092 -2948 -2480 -3556 -11273 END
START 564 -3688 -2784 -2981 -3900 -8968 END
START 992 -2868 -2552 -422 -5175 -6009 END
START 1892 -2340 -3520 -871 -7899 -2669 END
START 2488 -3524 -5268 -1787 -8669 59 END
START 2956 -5188 -8936 -1159 -7420 2538 END
START 3408 -6692 -11348 -3208 -7722 5081 END
START 3044 -8516 -14812 -3032 -7409 8104 END
START 3128 -11616 -19080 -533 -3084 9074 END
START 2336 -13456 -22228 -424 1649 9864 END
START 2168 -17380 -24452 -1373 5998 10210 END
START 2480 -19728 -27516 1222 15527 8888 END
START 2140 -17448 -26432 1184 27250 7705 END
START -1700 -18096 -17432 -1417 32767 7202 END
START -1180 -17072 -9496 2411 32767 7893 END
START -2864 -18176 456 14258 31119 8460 END
START -5292 -18060 8768 14315 24120 8009 END
START -6060 -21588 13364 803 17996 3714 END