START -7332 -7100 -3584 10608 1036 28076 END
START -7784 -9916 -4660 4566 4504 29666 END
START -10956 -16364 -5440 3828 6152 31391 END
START -13428 -20760 -5244 12870 6303 31435 END
START -14304 -23732 -4340 15502 7892 30013 END
START -14476 -27200 -1916 7906 12318 25619 END
START -13812 -28268 524 1056 12289 20253 END
START -13184 -30448 2580 5502 8076 17804 END
START -10844 -32004 2148 14496 2945 17393 END
START -8920 -32768 1528 11898 1621 13445 END
START -7072 -32768 -180 1495 3436 6325 END
START -5676 -32768 -268 -1133 2833 155 END
START -4560 -31520 -1224 499 1827 -4159 END
START -4740 -30608 -804 515 1742 -7530 END
START -5760 -30768 -220 478 1542 -11327 END
START -6684 -28604 -1420 -1626 659 -15576 END
START -6852 -26504 -3392 -3435 2538 -18890 END
START -7496 -23892 -2944 -2988 3766 -21587 END
START -7860 -21172 -1400 -2883 3566 -22442 END
START -8364 -20600 -308 173 2831 -23027 END
START -7628 -17940 -480 -1140 3991 -23284 END
START -7208 -17808 1208 -4253 5104 -24159 END
START -7100 -15960 3612 -4803 4573 -23432 END
START -6392 -14868 4244 -2440 2594 -22787 END
START -4360 -12584 4852 -1689 809 -21742 END
START -3428 -10812 5252 -4674 -769 -20207 END
START -2184 -10176 5036 -5714 -3257 -18500 END
START -1332 -9368 3664 -4383 -5192 -16710 END
START -124 -7940 2620 -2995 -6623 -15069 END
START 676 -7352 1708 -4049 -7964 -12996 END
START 1560 -6988 920 -2406 -9781 -11632 END
START 2024 -5440 -2088 -728 -10774 -8849 END
START 3056 -6024 -4084 -2510 -9700 -6505 END
START 2932 -5644 -4212 -3216 -9356 -5005 END
START 3392 -5144 -5004 -2035 -9865 -1315 END
START 3824 -6944 -6224 747 -9576 1290 END
START 4276 -7180 -8556 360 -9679 4225 END
START 5468 -8808 -12088 -3716 -6535 5923 END
START 5308 -10856 -15712 -5594 -1708 7414 END
START 4992 -11728 -16856 -1461 3397 8190 END
START 5100 -12568 -16516 1511 6635 9357 END
START 5184 -13332 -16212 4708 11947 10508 END
START 4284 -14188 -14128 4212 17993 10342 END
START 2756 -15592 -11180 5050 21019 9998 END
START 1692 -16292 -7496 7112 24125 9639 END
START 1528 -16108 -4588 5931 29475 8930 END
START -608 -16644 -676 1879 32767 8631 END
START -5324 -19936 6948 1153 29484 5824 END
START -5300 -23240 12024 12735 21112 4753 END
START -3652 -22064 13564 9324 15732 276 END