START -1612 -316 -1228 1206 2416 18680 END
START -2632 -360 -2056 6718 2574 23992 END
START -4360 -1384 -1292 7749 3019 27478 END
START -7100 -3708 352 8170 3020 30393 END
START -11072 -7560 2668 9331 2990 32767 END
START -14580 -15000 3904 10031 -1507 32767 END
START -16956 -22200 1344 20619 -4000 32767 END
START -16524 -21376 -560 21588 1220 32767 END
START -15988 -22084 1436 7981 5565 31331 END
START -16504 -28444 2360 3571 4885 28997 END
START -16520 -32768 4392 17517 476 27880 END
START -15292 -32768 4212 21890 -1858 25223 END
START -11300 -32768 1856 5482 -519 19780 END
START -10488 -32768 -976 -6007 457 12727 END
START -8632 -32768 -5116 -3812 -734 5105 END
START -6416 -32768 -8972 -3590 340 -1128 END
START -6532 -32768 -8204 -3959 4443 -7058 END
START -8424 -32768 -4804 -2935 7014 -12493 END
START -9496 -30952 -940 -4457 6721 -17130 END
START -10092 -27640 844 -6212 6439 -20193 END
START -10768 -25348 1864 -7621 6843 -22781 END
START -11468 -25048 2640 -6148 6479 -24978 END
START -11612 -22056 3116 -5130 5097 -26915 END
START -10380 -19204 2528 -8543 4816 -27880 END
START -9764 -18108 3828 -8973 5898 -28644 END
START -8728 -15428 4300 -7296 4742 -28170 END
START -7972 -13448 3312 -7134 3106 -27154 END
START -7032 -10980 2996 -7186 3119 -26419 END
START -5688 -8840 4908 -4876 2153 -25487 END
START -4516 -5184 5532 -4769 -806 -22389 END
START -2444 -3648 5476 -4474 -4449 -18951 END
START -864 -1796 3628 -3393 -6555 -15373 END
START 404 -704 1832 -4820 -7354 -11933 END
START 1408 -208 -356 -7339 -8349 -8256 END
START 1548 -844 -1120 -7131 -10286 -4940 END
START 1688 -2280 -5032 -4385 -12617 56 END
START 2272 -4252 -9420 -955 -11664 2731 END
START 1848 -5552 -12384 -343 -10509 5098 END
START 1256 -6780 -16828 -1249 -6833 7888 END
START 456 -10328 -19000 -87 -1570 10329 END
START 988 -12188 -20404 2548 2076 11196 END
START 1548 -13628 -22496 1154 7230 12284 END
START 1108 -16428 -24476 1567 15044 12181 END
START 184 -17372 -23036 2163 22688 12099 END
START -660 -17820 -18348 2781 28318 11170 END
START -1600 -16368 -13092 884 32767 10894 END
START -2092 -16908 -6000 -917 32767 11143 END
START -3340 -20444 3028 1648 32767 11029 END
START -6728 -24132 11468 12201 32767 9417 END
START -7292 -24872 18760 14340 23488 3008 END
START -4892 -24808 21044 1103 15719 -2448 END