START -72 -7016 52 5933 -238 7148 END
START 1340 -6924 -2540 3485 2821 9549 END
START 656 -6584 -3516 -1111 7350 12763 END
START -1552 -4764 -4004 604 12455 14517 END
START -1652 -4444 -1544 4840 11350 16088 END
START -1932 -2072 -1560 9164 10233 18739 END
START -5236 -3012 408 10441 12176 23945 END
START -10012 -6220 4296 12882 9917 26874 END
START -11892 -9892 4252 12668 6124 28979 END
START -14260 -11388 2932 12350 5433 30272 END
START -15384 -13996 2764 9662 6362 32455 END
START -16316 -17208 2448 6157 6236 32160 END
START -18152 -20540 1036 3402 4546 32767 END
START -19836 -26412 -924 8417 2780 31582 END
START -19824 -29496 -2164 8686 3432 27484 END
START -18668 -32768 -3216 843 5180 21469 END
START -17160 -32768 -6024 -3131 4874 14724 END
START -15436 -32768 -5780 7355 5612 7844 END
START -13004 -32768 -4492 9556 5080 666 END
START -11352 -32768 -3836 3607 6975 -6626 END
START -11504 -32768 -2268 -1873 8413 -14059 END
START -11268 -32768 -2808 -4782 8690 -20144 END
START -12264 -29488 -2256 -2265 9652 -24748 END
START -11944 -25412 -1968 -870 10957 -27958 END
START -13132 -21936 672 1147 11419 -29851 END
START -13292 -18048 3752 2172 9544 -31167 END
START -13536 -15744 7352 3585 6744 -31232 END
START -12968 -13544 10344 4868 2454 -29705 END
START -11872 -11840 11292 1490 -1967 -28459 END
START -10200 -9680 10788 -2181 -5359 -27631 END
START -9080 -8484 9708 -3422 -7810 -25998 END
START -7088 -5336 8624 -2432 -10842 -22908 END
START -4764 -2844 6680 -3589 -14619 -19278 END
START -2876 -2088 3312 -5781 -17265 -14741 END
START -1592 -1268 252 -2935 -16731 -11663 END
START -1080 -1964 -2352 -984 -17088 -7339 END
START -496 -3404 -4416 704 -18114 -4581 END
START 536 -2448 -7724 783 -17536 -1115 END
START 396 -4048 -10444 1157 -14923 2998 END
START 864 -6616 -13940 1515 -11782 6996 END
START 740 -8136 -17868 641 -6425 8924 END
START -4 -9048 -21664 -3091 -1138 11837 END
START -992 -11636 -26360 -4948 8497 14864 END
START -3304 -15448 -25736 -4901 19538 16268 END
START -5020 -18008 -21744 -1456 26647 16135 END
START -4224 -17236 -18712 4146 31438 16086 END
START -4708 -16376 -13088 4442 32767 15130 END
START -7440 -20428 -4588 -510 32767 16223 END
START -11580 -25900 5112 632 32767 14292 END
START -15344 -29604 18144 15309 32767 8352 END