START -2328 -2584 2724 9813 4115 17603 END
START -4008 -5128 4676 11087 4337 19126 END
START -5440 -5052 6996 10211 2383 21895 END
START -6488 -5480 6800 6092 17 25795 END
START -9072 -9296 4420 6323 356 29314 END
START -10280 -12452 3800 10806 -9 30169 END
START -11716 -15404 2268 9953 -147 29475 END
START -12144 -16520 2168 5755 1785 27782 END
START -13448 -19028 2432 4010 2434 28492 END
START -15564 -25812 2072 10012 2041 29418 END
START -15852 -28840 3436 13039 2040 27336 END
START -15128 -30384 2328 650 1743 22754 END
START -14008 -32768 -3336 -6320 4115 17594 END
START -13728 -32768 -4136 3017 4883 13287 END
START -11788 -32768 -3148 12374 4551 8495 END
START -9576 -32768 -2632 8254 6199 3204 END
START -8848 -32768 -3624 713 8706 -3245 END
START -9208 -32768 -2724 -18 8521 -9082 END
START -9556 -30900 -2060 752 8464 -14595 END
START -10364 -28896 -1040 -2346 10496 -18317 END
START -11408 -27840 1876 -3016 11725 -21874 END
START -12116 -26044 3260 -4062 10005 -25581 END
START -12460 -22640 4628 -2619 9940 -27482 END
START -11568 -18500 7252 -775 8277 -27918 END
START -10276 -15608 8496 -2527 5395 -27508 END
START -10048 -13940 9720 -2614 3791 -26746 END
START -9440 -11204 10876 -1986 1805 -25179 END
START -7960 -9400 11020 -4366 -1531 -24183 END
START -6388 -6796 10412 -5960 -5258 -21410 END
START -4808 -6264 9900 -4938 -9583 -18145 END
START -4640 -5992 7144 -403 -11446 -16150 END
START -3304 -3444 6116 -1593 -12986 -13813 END
START -1800 -1744 4608 -5119 -14866 -10742 END
START -1092 -1292 2868 -4708 -15909 -6767 END
START -748 -1512 1248 399 -17276 -1520 END
START 48 -2280 -1904 3869 -18434 2430 END
START 108 -4328 -5976 2898 -17401 5668 END
START -216 -7476 -9444 3674 -15035 8091 END
START -280 -10672 -13704 5189 -10314 9186 END
START -568 -13692 -18048 4712 -5491 10903 END
START -972 -17176 -23236 3352 1720 11164 END
START -2792 -21816 -23908 7389 11333 10698 END
START -4492 -22808 -19860 12224 17767 8436 END
START -3948 -22148 -16500 9673 23893 6352 END
START -4380 -21584 -12744 1465 30335 5747 END
START -5264 -20628 -8936 -3912 32767 4656 END
START -7340 -21576 -1812 1892 32767 3870 END
START -7188 -20096 4400 9513 31720 3265 END
START -7680 -20528 11424 8695 29828 2330 END
START -8044 -22352 18560 2561 28238 1909 END
START -10028 -22932 25504 -538 20993 -1411 END
START -7100 -22208 27192 1298 9025 -6438 END