START 1036 -5400 -12844 424 6762 5669 END
START 1176 -4692 -14560 -3108 9093 9562 END
START 1208 -5696 -14640 -272 14351 10435 END
START -860 -5164 -10748 5490 14210 9895 END
START -320 -5336 -6652 12588 10985 9397 END
START -984 -5572 -3520 18639 7628 10256 END
START -1232 -6632 -912 21731 5090 12733 END
START -1924 -6944 928 19418 4642 14242 END
START -2784 -8760 2008 10568 4046 15379 END
START -3152 -10484 1212 5116 3389 16258 END
START -2320 -11364 888 7007 2457 17239 END
START -2620 -12068 2308 10617 -80 17917 END
START -3756 -12828 2532 14068 -2570 19742 END
START -4420 -15124 1020 13516 -2980 21534 END
START -4992 -16864 768 13467 -1031 22012 END
START -5032 -18688 128 10529 -1048 23365 END
START -6284 -23896 -1184 7991 -2442 23495 END
START -7736 -31164 -3208 12416 -4040 21327 END
START -7192 -32768 -5140 13115 -3945 17972 END
START -6832 -32768 -7928 5742 -879 14447 END
START -7080 -32768 -6664 1182 936 8178 END
START -7684 -32768 -7080 -496 -171 2136 END
START -6116 -32768 -10292 -5395 1547 -1077 END
START -7284 -32768 -11164 -8027 5715 -6200 END
START -7572 -31264 -10352 -9361 9776 -10232 END
START -8548 -28828 -6260 -6705 11288 -14921 END
START -8548 -26212 -2816 -3715 8940 -18923 END
START -8252 -23352 -1032 -1731 6411 -22357 END
START -7912 -22208 -956 290 3441 -26330 END
START -7676 -18256 -1876 1580 2075 -30162 END
START -4980 -14204 -2140 -288 1457 -29700 END
START -2124 -13228 -3596 -1385 4382 -29938 END
START -1256 -12344 -5104 -923 9434 -32768 END
START 8 -11544 -8292 634 19808 -32768 END
START -364 -8628 -7924 909 31252 -32768 END
START 1344 -8680 -5968 2557 32767 -32768 END
START 1128 -2680 -2076 4289 32767 -26395 END