START -340 -2944 -7360 8102 15995 7358 END
START -1652 -4016 -3312 7256 14492 9534 END
START -2424 -5372 560 13035 10740 11086 END
START -2420 -4392 2344 17722 9546 14337 END
START -2784 -4440 4276 14765 9686 17705 END
START -3180 -5968 5264 6037 7229 20075 END
START -4532 -9796 2264 1425 2848 22551 END
START -6408 -13708 -1112 6984 3517 23481 END
START -7824 -15896 -1184 11238 2885 23591 END
START -7460 -18064 -1304 13795 2937 23269 END
START -7608 -20000 -372 14292 5711 23625 END
START -8040 -23384 -76 6703 7615 22287 END
START -10120 -27672 324 3736 7381 19552 END
START -8708 -29788 1112 9633 5279 17480 END
START -7004 -31560 1932 11789 4035 14521 END
START -6660 -32768 1608 1922 3667 10034 END
START -6596 -32768 -520 -2399 3568 4959 END
START -5180 -32768 -1372 -27 2674 463 END
START -4228 -32768 -1172 948 1721 -4007 END
START -4316 -32132 -1844 -2345 1689 -7524 END
START -4136 -30488 -3796 -6953 3378 -11598 END
START -4552 -28200 -4108 -9840 5239 -15153 END
START -4860 -26304 -3576 -8167 6332 -17849 END
START -5052 -23464 -3964 -7842 6570 -19033 END
START -5148 -21672 -2580 -6745 7954 -19980 END
START -5276 -19756 520 -4677 7249 -21041 END
START -5132 -17092 2480 -3320 4198 -20906 END
START -5152 -17008 2036 -1876 2941 -20303 END
START -4964 -15908 4304 -311 2461 -20398 END
START -4380 -14660 5140 -2871 318 -20482 END
START -3448 -13048 4924 -6234 -1258 -20063 END
START -3024 -11312 4804 -6708 -3254 -19587 END
START -2860 -9472 4784 -5356 -6266 -18035 END
START -912 -7056 3428 -4688 -7986 -16039 END
START 452 -5160 2296 -7159 -9589 -14296 END
START 1368 -3636 828 -9664 -11171 -11708 END
START 2432 -2916 -2840 -9997 -12730 -8607 END
START 2676 -3500 -5732 -4489 -12721 -5353 END
START 3208 -3824 -8556 173 -12740 -2730 END
START 4272 -4776 -13220 -2769 -11058 442 END
START 4236 -7260 -18720 -3118 -6113 2585 END
START 4120 -8792 -19984 -308 1088 3323 END
START 4188 -8972 -19200 -642 4279 4088 END
START 4364 -10208 -21564 -959 9288 6322 END
START 2848 -10392 -21516 1840 16166 7242 END
START 2180 -9568 -18388 1331 21039 8494 END
START 1300 -9696 -15348 1308 24643 10341 END
START 1072 -10964 -11936 4331 26429 11978 END
START 1812 -10736 -9100 5023 27106 12894 END
START 1616 -12296 -6380 6417 26075 14425 END
START -1312 -18944 -1244 22602 23370 15314 END
START -3540 -19396 5120 32767 21164 9924 END