START -1448 -2516 2140 6790 2265 13669 END
START -2376 -3024 3956 8266 712 16944 END
START -4284 -3352 3636 9955 -467 22315 END
START -6436 -5928 2676 10987 -575 27539 END
START -7872 -9988 960 11819 1376 29265 END
START -9884 -12060 340 9561 5065 29499 END
START -11036 -15220 516 5819 5749 30538 END
START -13564 -20500 -448 6083 6322 31289 END
START -14932 -25284 988 12648 7122 30726 END
START -14688 -29516 1904 11374 7364 27672 END
START -13420 -29880 892 3862 8763 23443 END
START -12748 -32120 -2696 -6419 9155 20884 END
START -13956 -32768 -2828 4309 8670 17779 END
START -12680 -32768 -1576 11819 7310 12069 END
START -9736 -32768 -2120 508 8776 4763 END
START -10088 -32768 -2516 -4769 11767 -2939 END
START -10072 -32768 -716 -853 10860 -8872 END
START -8728 -29228 -88 -559 9396 -12240 END
START -8812 -26836 504 -2076 10391 -15414 END
START -9400 -25792 1676 -4519 10879 -17606 END
START -10672 -24324 3656 -3838 9629 -20770 END
START -10724 -21008 5824 -3521 7182 -22148 END
START -10448 -18560 6132 -5367 6592 -22259 END
START -10980 -17584 7484 -5213 5753 -22720 END
START -9948 -15240 8820 -3119 1267 -23802 END
START -8724 -11576 7812 -3999 -1804 -21757 END
START -7216 -11332 6640 -6655 -1668 -20723 END
START -6912 -9984 6512 -7918 -3286 -20580 END
START -5580 -7472 5432 -5179 -6228 -18806 END
START -3816 -6216 3808 -4351 -6150 -15362 END
START -3332 -6044 4672 -2644 -7149 -13654 END
START -3164 -6164 4624 -1089 -10115 -11906 END
START -1960 -5540 3800 34 -12251 -10776 END
START -292 -3596 1188 -4602 -12919 -7280 END
START 444 -5012 -1616 -5065 -13842 -4655 END
START 1200 -4748 -5452 -1752 -16293 -1985 END
START 1732 -5544 -12608 -1494 -14809 2630 END
START 2216 -8776 -20616 -3124 -9087 4648 END
START 1892 -11008 -26284 -2213 817 5743 END
START 1616 -11932 -27032 4813 9187 6696 END
START 1100 -13828 -25228 10306 15939 8789 END
START -292 -14536 -19356 12659 22269 9403 END
START -1148 -17184 -11604 9755 24972 8483 END
START -3060 -19984 -4736 4577 26002 8447 END
START -5128 -22648 2888 6066 24029 7769 END
START -5688 -25464 9524 6975 19436 5622 END
START -5108 -26260 13624 4994 14483 1804 END
START -3372 -25404 14080 1318 11678 -2650 END
START -1808 -20104 14488 2028 7183 -5818 END
START 824 -16104 14208 2949 1403 -8440 END
START 2244 -12652 12232 -801 -4277 -7449 END