START 5724 -8412 -7368 398 7484 1207 END
START 5584 -6504 -6892 -1896 9942 3377 END
START 3784 -5196 -5892 770 11395 6025 END
START 1192 -3060 -2456 7496 11122 9592 END
START -1332 -3168 2508 14287 9525 12766 END
START -2832 -3860 7872 16834 6021 15290 END
START -3368 -3784 9604 12223 639 18452 END
START -4892 -5180 8008 6324 -1768 21059 END
START -5256 -5916 5944 2709 -1536 23535 END
START -6232 -7092 4656 309 -3282 26313 END
START -7856 -12672 2008 5152 -6088 28823 END
START -8860 -18816 -660 16177 -5123 30157 END
START -8396 -25080 -1540 23433 -832 29581 END
START -7700 -31204 -1036 19637 3186 25496 END
START -6652 -32768 -348 11207 6416 20016 END
START -6808 -32768 -928 2165 8939 15881 END
START -6992 -32768 576 2629 10566 12183 END
START -6140 -32768 2496 8007 8539 8606 END
START -5576 -32768 2876 7612 5833 4432 END
START -5440 -32768 2592 3905 5561 -416 END
START -4940 -31404 2460 -2916 5268 -4824 END
START -4268 -30576 1544 -5872 5137 -8419 END
START -3984 -29492 864 -6963 4861 -11648 END
START -4692 -29152 1596 -5490 5319 -15319 END
START -6132 -28100 4540 -4441 4746 -18191 END
START -6764 -26880 5808 -6585 3473 -21257 END
START -6912 -24344 6864 -9357 2586 -23623 END
START -7300 -21768 8484 -8651 1266 -25398 END
START -7188 -18488 9380 -6212 -1352 -26254 END
START -6068 -14652 9744 -6184 -4078 -26444 END
START -5116 -10792 9404 -8886 -6313 -24820 END
START -4060 -9068 8448 -10014 -8214 -22668 END
START -3296 -7588 7908 -9036 -11120 -20939 END
START -1932 -5596 6344 -7195 -14233 -18030 END
START -652 -4288 3572 -6718 -15070 -14820 END
START 276 -3592 824 -8236 -15419 -11252 END
START 652 -3844 -1400 -7708 -13842 -8718 END
START 172 -4116 -3112 -4754 -14532 -6448 END
START 1460 -5116 -6072 -1204 -15922 -3467 END
START 2124 -6232 -10492 859 -14803 -740 END
START 2572 -9048 -16396 1934 -7829 729 END
START 2636 -10676 -16836 1856 -3232 1321 END
START 3072 -10776 -18380 1027 286 1772 END
START 3224 -9744 -19524 51 6592 3622 END
START 2364 -10172 -18024 1127 12365 5542 END
START 1720 -11412 -16240 3267 16220 6764 END
START 1312 -11600 -14008 6041 19366 8131 END
START 1080 -12712 -12324 5737 22743 9740 END
START 716 -13204 -11232 1935 26795 10549 END
START 324 -14216 -8188 738 30948 11134 END
START -916 -15900 -3996 2064 32767 10885 END
START -2676 -17516 2052 9387 32767 11241 END
START -2868 -19056 8912 11735 32767 9725 END
START -2092 -19160 14244 3048 31295 7132 END
START -3712 -21792 19536 -5151 26239 4724 END
START -2260 -22508 23408 -4507 17170 1578 END