START -300 -2064 -2880 2859 38 13170 END
START -1540 -1868 -2608 3722 1840 15834 END
START -2620 -3116 -1900 5279 1949 18699 END
START -3612 -3920 -1068 11844 2371 21392 END
START -3988 -4396 932 16515 1460 24447 END
START -6028 -5908 1980 16701 732 27523 END
START -11316 -12800 848 20408 1375 32612 END
START -13016 -18828 932 18788 4070 32767 END
START -12884 -21788 2188 9950 7562 31602 END
START -13796 -24564 4940 5199 7348 29911 END
START -14508 -28100 7256 10671 3213 29051 END
START -13988 -31728 7720 18690 133 27819 END
START -12528 -31556 3748 8162 -266 24426 END
START -11456 -32768 -1812 -6564 2446 19596 END
START -10128 -32768 -5836 -6595 2676 13453 END
START -9116 -32768 -8064 2888 2881 7548 END
START -7716 -32768 -7832 6916 4471 506 END
START -7504 -32768 -6416 2056 6991 -5462 END
START -8792 -32768 -3736 -3512 9439 -11731 END
START -10260 -32768 -1420 -6579 9388 -16659 END
START -11460 -31644 824 -5622 8837 -21153 END
START -12672 -28020 3056 -3316 7738 -24502 END
START -11960 -25056 3264 -5049 6846 -26890 END
START -11948 -21928 4376 -7478 6546 -28522 END
START -11480 -18848 6232 -6948 5300 -29819 END
START -9640 -15380 6276 -8183 2757 -28680 END
START -7952 -13996 5596 -8107 1463 -27576 END
START -6808 -11664 4860 -7625 427 -26668 END
START -5148 -10040 4588 -7356 -1134 -25457 END
START -3988 -7912 3680 -5013 -2502 -23802 END
START -1804 -5968 2720 -5144 -3756 -21399 END
START -1940 -6200 2988 -3556 -4878 -19305 END
START -508 -4308 2516 -2708 -5874 -16789 END
START 888 -2836 2788 -4734 -6974 -14531 END
START 1360 -2708 1920 -3524 -8594 -11451 END
START 1468 -1484 584 -1334 -10481 -8261 END
START 2272 -796 -2072 -1591 -12424 -3585 END
START 3512 -1408 -5164 -3027 -12889 104 END
START 3680 -3432 -8860 -2856 -11278 2906 END
START 3700 -4628 -13780 -718 -9459 6474 END
START 3708 -7324 -19636 -1720 -6250 8822 END
START 3096 -9920 -24392 644 446 10286 END
START 3664 -12060 -26380 1726 8240 11546 END
START 3172 -12936 -25556 276 15621 12265 END
START 2736 -12880 -22936 -1813 22384 13665 END
START 768 -13892 -18760 -704 28692 14911 END
START -96 -16480 -12232 7656 30678 14614 END
START -712 -17016 -7572 11608 32767 13864 END
START -1016 -17696 -2084 6608 32767 13427 END
START -3372 -18268 4144 -1433 32767 11447 END
START -5964 -20380 13948 2584 32767 8934 END
START -7668 -25520 21032 10957 24389 6206 END