START -1708 -9252 -13332 13533 18669 -1118 END
START 24 -7136 -11728 14832 21283 -135 END
START -108 -4180 -8864 12602 25441 377 END
START 44 -2772 -4680 6179 26350 3955 END
START -816 -4368 1452 7342 23555 6723 END
START -1372 -3772 4712 12742 17085 10334 END
START -2544 -4772 6796 15549 11056 14898 END
START -3928 -6584 7192 13808 6703 16850 END
START -4468 -6280 7892 6580 5324 19148 END
START -6792 -8288 8636 1101 2333 21297 END
START -9368 -10224 8248 4366 -2238 24322 END
START -10632 -14772 5924 9296 -5497 26178 END
START -10856 -15628 3268 12067 -5224 24633 END
START -10800 -17488 192 7177 -1409 24524 END
START -10708 -21172 -708 4750 2903 23595 END
START -10708 -23036 -344 6005 3776 20916 END
START -9668 -24476 -624 5026 3036 19720 END
START -10600 -28420 -1152 3834 4299 17789 END
START -10936 -31972 -1904 1424 4772 14629 END
START -10892 -32768 -3776 1118 5623 9207 END
START -10244 -32768 -3240 4422 7066 1704 END
START -8432 -32768 -3764 1450 7456 -4184 END
START -7932 -32768 -3252 -3865 11085 -9307 END
START -8308 -31872 -636 -8202 14100 -13819 END
START -9620 -29552 2216 -8901 13511 -18043 END
START -8408 -26432 4136 -7707 10589 -20619 END
START -8004 -23472 5568 -6894 8488 -21940 END
START -8124 -21472 5724 -8534 7150 -23373 END
START -8296 -19820 5952 -8522 5771 -25065 END
START -7428 -16584 5476 -8486 3739 -25024 END
START -6184 -13864 4892 -8411 2247 -25040 END
START -5680 -12136 4880 -6546 -57 -23693 END
START -5184 -10588 4496 -4626 -1802 -22006 END
START -4712 -9224 5048 -4290 -3366 -21515 END
START -3968 -7232 4816 -4366 -5368 -19982 END
START -3628 -5428 5372 -3044 -7816 -16971 END
START -2056 -3308 4692 -2338 -10420 -14041 END
START -880 -2276 3292 -3557 -12399 -11182 END
START 4 -932 -120 -5831 -15162 -6259 END
START 180 -2512 -4752 -5175 -16791 -2854 END
START 480 -3436 -10980 -223 -16972 429 END
START 396 -5128 -18000 141 -15658 3318 END
START -288 -8152 -24736 377 -7767 3692 END
START -952 -9924 -24876 1966 1253 4192 END
START -272 -10368 -24284 -724 6648 6570 END
START -76 -11972 -23108 802 12002 9219 END
START -384 -12036 -21068 6413 16650 9928 END
START -356 -11928 -19556 8336 21577 11045 END
START -488 -12080 -16632 7800 26681 11962 END
START -1444 -12920 -11532 6654 31486 12848 END
START -3656 -17108 -4252 3694 32767 12387 END
START -5796 -23540 4436 7823 32767 11155 END
START -8100 -26540 12216 11381 32767 7701 END