START 332 -632 -1568 5354 5444 11157 END
START -64 -360 668 6715 4441 14062 END
START -772 -476 2652 7761 3453 17654 END
START -1972 -1576 3956 9920 809 21672 END
START -3716 -3804 3436 15250 -2159 25609 END
START -5492 -6140 1872 17680 -3196 30668 END
START -8064 -9732 -612 15383 -1534 32767 END
START -10824 -15720 -4140 12238 1302 32767 END
START -11916 -21596 -4388 14059 3819 32767 END
START -12428 -25456 -2444 19473 4858 30583 END
START -12556 -27988 -180 17095 5689 29167 END
START -11828 -31272 -1348 5947 5970 26569 END
START -12928 -32768 -1908 6330 8479 22214 END
START -12408 -32768 2372 18400 6064 16612 END
START -7704 -32768 1156 15954 2247 10972 END
START -5540 -32768 -2216 -76 3979 6122 END
START -4448 -32768 -3944 -8896 6379 575 END
START -3924 -32768 -5972 -9929 7660 -4220 END
START -4864 -32768 -4956 -6800 9082 -8397 END
START -5592 -32204 -2284 -5545 9597 -12184 END
START -6024 -31124 -108 -7181 8658 -15466 END
START -7468 -30300 1564 -8097 7653 -19258 END
START -8604 -27848 2596 -7866 7148 -22376 END
START -8984 -24548 2784 -9002 6708 -23718 END
START -9672 -22396 3420 -7533 5998 -25630 END
START -8732 -19520 3612 -4199 4136 -26661 END
START -7372 -15316 3864 -3051 3283 -26960 END
START -5316 -12088 3892 -4560 3105 -25704 END
START -3952 -10128 4984 -5168 2115 -23899 END
START -3144 -8320 6364 -2562 -452 -22115 END
START -2292 -6452 6544 -434 -4926 -20764 END
START -948 -3492 4240 -1333 -7046 -16805 END
START -132 -3208 3692 -2765 -6788 -13769 END
START -372 -3288 4312 -2487 -8905 -11944 END
START -4 -2248 3116 -576 -12312 -9456 END
START 320 -1376 184 -1204 -14673 -5276 END
START 1556 -2240 -3920 -2010 -13693 -1322 END
START 2236 -4196 -8160 -1874 -12050 1052 END
START 2920 -6588 -14240 -2908 -12122 3319 END
START 2104 -10684 -21300 -1508 -10685 5212 END
START 2108 -12736 -25676 6418 -3422 5011 END
START 2520 -12252 -24756 7010 4501 4812 END
START 2364 -12688 -21760 2910 10432 6415 END
START 1736 -14732 -18412 2286 14447 7970 END
START 876 -15336 -15308 5816 15712 8612 END
START 1160 -15060 -12852 8095 17307 9221 END
START 972 -14788 -12248 4282 20885 9752 END
START 992 -15176 -11612 -2205 26471 9789 END
START 356 -13704 -11272 -7889 32248 9839 END
START -3792 -16856 -7768 -7532 32767 11040 END
START -5360 -20372 908 8119 32767 9337 END
START -4380 -20492 8644 22274 31421 8250 END
START -6720 -21884 15392 12440 32280 6375 END
START -7828 -25192 21920 -2929 27126 -2375 END