START -1056 -5104 -7404 2194 8214 2874 END
START -824 -3808 -4216 7506 5801 5402 END
START -2184 -3604 -2616 8638 4075 6966 END
START -2936 -3956 -3744 7930 3126 9006 END
START -3712 -4584 -4892 9395 5327 10528 END
START -4612 -5292 -3632 9068 5000 12500 END
START -5516 -6096 -3168 10554 3645 15024 END
START -5608 -8052 -3192 13834 3433 17284 END
START -5060 -9700 -3548 14420 4371 19032 END
START -5732 -12456 -3132 13703 5748 19910 END
START -6624 -14644 -860 18382 7808 19971 END
START -7412 -15472 1384 19797 8744 20894 END
START -8204 -17740 3368 14829 9199 22212 END
START -9820 -22172 5552 14088 7890 21724 END
START -9836 -25444 5104 18632 5033 20444 END
START -7960 -25716 4052 19710 6194 16498 END
START -7104 -23808 4432 12124 10065 14891 END
START -7216 -28932 6824 5273 10312 13018 END
START -6900 -30464 8516 9625 6119 10256 END
START -6204 -31756 7752 9918 2101 7043 END
START -5812 -32492 6152 5532 1235 3266 END
START -5700 -32376 5064 1587 2239 -1680 END
START -5812 -31472 4864 -987 1418 -6273 END
START -6240 -31052 2696 -559 1053 -9217 END
START -6272 -30392 764 619 1474 -13171 END
START -6500 -30676 -1488 -852 2612 -17159 END
START -7440 -28620 -876 -348 5886 -20866 END
START -8764 -26688 1008 -2424 6165 -23618 END
START -8932 -25280 1720 -1386 6245 -25588 END
START -9468 -21720 3952 3283 7115 -27173 END
START -8916 -17712 6336 1711 6875 -27290 END
START -8780 -16444 7628 927 7022 -27489 END