START 2016 -5604 -4288 638 1414 3793 END
START 1876 -3736 -3328 11 886 7099 END
START 960 -2640 -4156 -712 2999 9018 END
START -356 -2300 -2868 -1341 3682 10519 END
START -1612 -2168 -1360 2267 1641 12512 END
START -2776 -888 -304 5705 -158 16642 END
START -3016 -1192 240 5123 -670 21525 END
START -5924 -4068 -1848 1710 -1606 25507 END
START -7848 -6904 -3772 3479 -1489 27653 END
START -10480 -9996 -3300 9639 -1910 29075 END
START -12996 -12624 -2920 14056 -2798 29480 END
START -14708 -14996 -2112 16373 -2303 30058 END
START -14832 -17684 -4216 11189 -713 30587 END
START -15580 -22992 -4896 11499 2637 28810 END
START -17532 -27788 -528 22904 3301 26013 END
START -14884 -29536 3444 23853 539 22684 END
START -14008 -32768 2296 16191 -865 20177 END
START -13052 -32768 1260 13877 -54 13775 END
START -11240 -32768 -488 8428 -508 6988 END
START -9344 -32768 -3540 5097 106 365 END
START -9140 -32768 -5700 5141 1412 -5761 END
START -10092 -32768 -5576 5296 3924 -11139 END
START -11148 -31868 -2708 6657 4607 -16645 END
START -11472 -28608 -1308 8495 4216 -20941 END