START 1144 -2512 -5556 7264 440 9049 END
START 236 -892 -6728 2450 4922 12739 END
START -828 -584 -6164 -4092 6361 14882 END
START -2812 -1616 -4332 -1017 6496 17318 END
START -4080 -2144 -2516 7979 5582 21445 END
START -6856 -4236 -1864 13878 5115 24525 END
START -9124 -8856 -1912 18264 4417 26811 END
START -11404 -13100 -1636 21514 3882 28192 END
START -13052 -17208 -1984 16625 4956 28537 END
START -13676 -21068 -1772 7942 7237 27443 END
START -13152 -24256 -1020 8212 6817 25678 END
START -11264 -26520 608 21722 5523 24800 END
START -9124 -25284 1852 23376 7156 24423 END
START -9016 -29800 2352 6475 8862 21853 END
START -9532 -32768 328 -408 8993 16796 END
START -9084 -32768 500 7977 7125 13179 END
START -6848 -32768 2596 13665 4695 9456 END
START -4976 -32768 2560 9210 4113 6045 END
START -5692 -32768 1308 -767 3801 -1191 END
START -7036 -32768 496 -1414 2941 -7995 END
START -7704 -32768 1108 1037 2032 -13554 END
START -7592 -31768 1188 397 1718 -16829 END
START -8888 -29984 1896 456 929 -20837 END
START -9412 -27716 3528 -318 -409 -24577 END
START -8228 -23676 4076 -2460 -2249 -26704 END
START -7724 -21096 3780 -5022 -3379 -26860 END
START -7132 -19072 3048 -3624 -4200 -26896 END
START -5420 -15520 2144 -5044 -3259 -25901 END
START -4304 -14288 2768 -7705 -3158 -25631 END
START -3920 -13380 3816 -5723 -3510 -25056 END
START -4088 -12364 3768 -2241 -5057 -24039 END
START -3136 -9840 2612 -2870 -4654 -22552 END
START -2964 -8220 4032 -6819 -4323 -21561 END
START -2532 -6800 4632 -6618 -5306 -19430 END
START -844 -4388 5404 -4877 -6522 -16861 END
START 48 -1136 4424 -6462 -9122 -12703 END
START 1908 700 1996 -8752 -10909 -8280 END
START 2620 172 -1408 -10260 -12510 -4482 END
START 2672 -596 -6084 -3800 -13156 -846 END
START 3724 -1948 -12984 -1026 -12845 3722 END
START 3284 -6576 -20312 -2444 -9159 5268 END
START 3680 -8992 -22240 1035 -1463 5758 END
START 4068 -9548 -21976 204 5017 6039 END
START 3168 -9744 -19860 -560 10162 8540 END
START 3756 -12352 -17136 2352 14907 10569 END
START 3064 -12632 -14272 4758 18059 11592 END
START 3408 -13548 -12624 2882 21439 12100 END
START 1992 -15264 -11904 179 26936 11879 END
START 1548 -16312 -9232 -907 31605 11697 END
START 1692 -16672 -3900 940 32767 12294 END
START -2372 -18076 2984 2412 32767 12948 END
START -7128 -22768 13700 9124 31869 10253 END
START -7392 -27428 21748 15853 21628 4664 END