START -788 -5508 -3744 4793 3192 8969 END
START -848 -5128 -5052 2037 3689 10877 END
START -1236 -5540 -6532 3130 6632 11458 END
START -2252 -4396 -4024 6140 7105 12858 END
START -1896 -5076 -2736 9556 5116 15397 END
START -3008 -5000 -3708 11540 4917 18913 END
START -4792 -5692 -4784 11087 7035 21590 END
START -5564 -8812 -2640 13485 9586 24193 END
START -7068 -11156 120 14087 9128 26107 END
START -9288 -15980 -1872 8924 8413 26942 END
START -12456 -21256 -2624 10264 11524 24552 END
START -13348 -24284 1824 21238 10449 22917 END
START -10728 -23152 5900 21759 10962 23754 END
START -10432 -26500 7968 3774 12637 22264 END
START -11508 -30940 9276 -1669 9559 18131 END
START -10012 -30608 8456 2617 3736 15392 END
START -7780 -30300 5072 2601 736 13450 END
START -6840 -32768 3300 2409 321 9757 END
START -5616 -32768 2896 3735 -732 4246 END
START -4876 -32768 1016 806 -1169 -635 END
START -5572 -32768 1348 -941 -379 -5976 END
START -6496 -32768 1728 -1276 -671 -11263 END
START -6648 -32768 144 -1553 -1404 -15996 END
START -6876 -30080 -2344 -2888 -92 -20332 END
START -7320 -26440 -4868 -7635 1613 -22683 END
START -8132 -25504 -4056 -4734 5049 -25253 END
START -8788 -21868 -628 2591 5970 -26575 END
START -8092 -18552 1820 934 4194 -27291 END
START -6984 -15816 2476 -4278 5460 -26725 END
START -6248 -14648 4684 -6149 5109 -26150 END
START -6448 -13356 7224 533 1841 -25217 END
START -4812 -10388 6892 611 -2227 -23030 END
START -3608 -8884 6572 -3762 -3518 -21443 END
START -2676 -7144 6888 -6935 -4869 -19413 END
START -2000 -5076 7884 -5659 -7814 -17028 END
START -704 -2448 7368 -4087 -11396 -12933 END
START 296 -712 5060 -7216 -13792 -8918 END
START 356 -344 2280 -8093 -14282 -5729 END
START 304 -1612 -632 -5590 -15674 -2164 END
START 964 -2276 -4436 -662 -17879 1437 END
START 2144 -4992 -11880 -710 -17212 5187 END
START 2440 -7036 -17540 -2199 -11331 6814 END
START 2228 -10724 -20124 -2415 -5972 7700 END
START 2860 -12548 -21912 -1052 -706 8779 END
START 3104 -13420 -21728 1947 4665 9933 END
START 2796 -14652 -22008 3483 11675 11302 END
START 2804 -16544 -19844 2905 18608 11305 END
START 4164 -16264 -19760 -5051 26660 12327 END
START 3004 -13936 -18916 -24121 32767 14478 END
START -2704 -22972 -6656 -14339 32767 14855 END
START -2408 -24000 4920 22925 29609 12020 END
START -1768 -24020 9928 17148 28691 9292 END
START -5820 -31568 15276 -5042 32172 2786 END
START -9672 -32768 20488 2952 23683 -5423 END
START -4300 -25004 20532 8802 7581 -10395 END