START 3536 -1828 -1908 -3274 1322 285 END
START 2744 -1376 -1732 -24 1460 4118 END
START 1052 1020 -2728 -642 2962 9499 END
START -1128 -1240 -1124 -914 4432 13768 END
START -2340 -2048 368 2393 3094 17683 END
START -3108 -3376 480 3495 1470 20390 END
START -5380 -3432 -1724 4079 3582 21938 END
START -8544 -7420 -1316 3792 6154 26868 END
START -9776 -11640 124 6676 5423 29232 END
START -10560 -15572 44 6918 6251 29191 END
START -12432 -19800 680 6764 8893 28465 END
START -11416 -24332 1788 6111 8832 27430 END
START -10132 -27228 2084 7012 8576 24738 END
START -10172 -30408 4212 11994 7959 22957 END
START -10064 -32768 5936 14906 6334 21330 END
START -8420 -32768 6216 7016 5246 15699 END
START -5912 -32768 4988 -2334 3937 7653 END
START -4160 -32768 2784 -645 2585 1984 END
START -3004 -32768 -292 848 2406 -1688 END
START -3568 -32716 -1184 -2111 3927 -5865 END
START -5336 -31212 -1508 -522 4935 -10477 END
START -7304 -28804 -1804 1400 6180 -13748 END
START -8032 -26092 -1940 1808 7439 -15796 END
START -7928 -25828 -1176 1534 7329 -19487 END
START -9192 -24744 -1324 4549 9059 -22079 END
START -9088 -22824 116 5421 10087 -23587 END
START -8580 -21240 1156 5107 9545 -25581 END
START -8372 -21516 624 5936 10895 -26861 END
START -8480 -18468 3308 8947 11238 -26971 END
START -8712 -16724 4896 9427 9698 -27277 END