START 512 -2712 3408 3744 1311 11662 END
START -1992 -1844 3652 9107 538 17990 END
START -2796 -2472 4696 13241 -499 22393 END
START -4864 -3904 3932 10294 -1858 27109 END
START -7028 -8988 1092 8581 -1217 29419 END
START -9260 -14600 -620 12459 12 29856 END
START -11076 -16864 -2212 16475 2221 31299 END
START -11964 -20676 -1816 10901 5269 30246 END
START -12984 -26236 -1788 4431 6662 29272 END
START -13432 -31380 44 12895 7728 27020 END
START -12080 -32768 596 14202 5608 24003 END
START -11108 -32768 -2800 5469 6935 17543 END
START -9688 -32768 -1628 2130 9189 11020 END
START -7468 -32768 -1240 1027 8945 5344 END
START -5692 -32768 -2504 -1927 8748 325 END
START -5572 -32676 -3108 -1279 10394 -4618 END
START -5512 -29828 -3588 -1977 12126 -8008 END
START -6504 -28532 -1560 -2335 13831 -11398 END
START -7732 -27848 1876 -1829 13024 -14122 END
START -8584 -27204 4472 -631 11138 -17399 END
START -9420 -24524 7052 -679 9204 -19967 END
START -9164 -21708 8228 -5758 6506 -20561 END
START -9224 -20684 8724 -5187 3908 -22231 END
START -8716 -18128 8648 -2779 1888 -22955 END
START -8236 -15060 8580 -5340 -774 -22064 END
START -7184 -13756 7956 -5964 -2796 -21876 END
START -5772 -11316 7184 -5505 -4874 -20987 END
START -4308 -9324 6092 -4638 -6312 -19328 END
START -3464 -7288 4732 -4302 -6920 -17038 END
START -2776 -6604 3276 -4831 -7470 -14838 END
START -2996 -7496 2600 -1355 -8638 -14097 END
START -2080 -6204 1784 -99 -9640 -12515 END
START -1528 -4816 1120 222 -9293 -10424 END
START 196 -3668 988 -2297 -10178 -7734 END
START 984 -4516 -624 -1942 -11547 -4955 END
START 1900 -5592 -4020 28 -12725 -960 END
START 3024 -7916 -9512 127 -11388 1586 END
START 3968 -9180 -14740 -2596 -8212 3614 END
START 3864 -11972 -20660 -4039 -1888 4727 END
START 3280 -14432 -23416 946 4428 5436 END
START 2640 -14752 -24040 3762 9253 6158 END
START 2736 -16784 -24356 4422 15767 6466 END
START 1940 -15396 -21956 3673 24100 6870 END
START -112 -13676 -16852 769 29431 8252 END
START -2080 -13500 -7860 4508 30829 10197 END
START -5516 -15648 -168 14702 28780 11605 END
START -7084 -17864 9832 17154 30227 9033 END
START -8480 -22964 18788 -2961 28008 5302 END
START -8880 -27332 25728 -6227 20711 601 END
START -5316 -24376 26488 1552 9751 -1061 END
START -440 -18836 22692 1895 2739 -2709 END