START -340 -4620 -10192 2606 7144 10889 END
START -2116 -4200 -6544 10141 5456 11062 END
START -964 -4032 -1848 16724 980 12440 END
START -2224 -4392 2544 18589 -3968 15746 END
START -4184 -6600 4344 16590 -6816 17862 END
START -5376 -9956 2104 11504 -10152 18914 END
START -6664 -12412 -1568 12830 -10037 18685 END
START -8616 -13804 -2208 14220 -8708 18771 END
START -8184 -14968 -2556 12988 -7587 20252 END
START -7124 -18980 -3700 10061 -7751 21054 END
START -7812 -21668 -5476 10168 -8396 21225 END
START -9484 -23584 -8168 7033 -7033 20893 END
START -11076 -27532 -11184 1446 -6209 21738 END
START -11716 -32768 -15532 855 -5035 18401 END
START -13020 -32768 -16228 4078 238 11193 END
START -14052 -32768 -13888 1692 5031 4952 END
START -12968 -32768 -12168 -3951 8323 1035 END
START -11848 -32688 -11428 -8315 11529 -2878 END
START -11200 -29616 -9788 -8796 13839 -7091 END
START -10620 -25872 -6648 -8437 13661 -11567 END
START -9368 -21624 -5932 -9323 12849 -13073 END
START -7372 -20432 -6240 -11383 13440 -12990 END
START -8296 -19640 -4436 -10693 14010 -15288 END
START -7996 -18488 -3368 -8672 10957 -17709 END
START -6588 -16180 -4240 -5736 10224 -18434 END
START -5072 -13680 -4428 -8962 11994 -18161 END
START -4800 -12892 -3556 -13714 13052 -19197 END
START -4784 -11596 -3724 -12128 12529 -19745 END
START -3712 -9088 -3168 -8829 10676 -18252 END
START -2644 -7012 -1628 -9112 7642 -18105 END
START -1332 -4468 -1088 -7999 3678 -15256 END
START -40 -2340 -1664 -6062 -479 -12137 END
START 824 -100 -2776 -6663 -5119 -8435 END
START 756 496 -3472 -6328 -9233 -4583 END
START 432 256 -6100 -2360 -10720 -3192 END
START 16 872 -7304 -606 -12524 -1848 END
START 572 1724 -11316 -1737 -14008 3185 END
START 604 1192 -17180 -4593 -10433 7680 END
START -1024 672 -23144 -5412 -5404 10630 END
START -2084 860 -26680 -2620 -514 14527 END
START -1980 -956 -28932 4192 5911 16121 END
START -2028 -1952 -30936 10489 16402 18440 END
START -3036 -2068 -26352 7399 27723 21842 END
START -4916 -9388 -17140 5370 32767 23433 END
START -7696 -17692 -5240 13165 31586 22294 END
START -9480 -23268 1460 14573 25211 19286 END