START -7876 13852 8344 -7396 806 1767 END
START -8880 11700 11752 -7932 -798 7346 END
START -11044 8844 10992 -6772 -6191 12437 END
START -9684 7420 4904 -3118 -10401 17355 END
START -8684 3404 -2404 1027 -10597 21095 END
START -8756 -5348 -9876 7360 -8833 24887 END
START -5816 -17096 -19984 13184 -6224 26838 END
START -4876 -32768 -26832 11234 2616 27315 END
START -5976 -32768 -25284 8462 11157 23200 END
START -9392 -32768 -18936 3826 16045 14416 END
START -12180 -32768 -10412 5189 17419 3259 END
START -11368 -32768 -1620 726 17504 -8564 END
START -8812 -32768 3920 -3326 16219 -15495 END
START -8672 -30836 5864 -5126 12453 -19312 END
START -7564 -21552 6012 -6005 9229 -21908 END
START -6952 -14352 4704 -5235 8866 -21982 END
START -6956 -7172 4552 -2965 8081 -21668 END
START -5252 -1528 4572 -1531 6721 -19725 END
START -3592 3632 3844 539 4736 -16123 END
START -3224 7768 2636 2433 3821 -11935 END
START -2528 10484 3596 4111 3549 -6175 END
START -2060 11400 5564 4965 -19 -200 END
START -2528 10268 5784 4014 -2914 5159 END
START -3624 9036 5232 2164 -4367 11153 END
START -5380 7384 3324 1438 -6166 17163 END
START -6068 3440 -1168 2234 -7612 23093 END
START -8288 -1732 -5996 2384 -6346 28119 END
START -10888 -13368 -13468 4733 -7202 32202 END
START -12160 -28636 -24512 10499 -3787 32767 END
START -14276 -32768 -29144 6290 3688 29999 END
START -15520 -32768 -30684 5793 10796 21677 END
START -15900 -32768 -23052 1011 19510 11111 END
START -17272 -32768 -10904 -181 22425 -152 END
START -16032 -32768 -188 -1916 20880 -10930 END
START -13980 -32768 5316 -8886 18478 -18573 END
START -12748 -32768 5508 -10055 14468 -23228 END
START -11876 -24416 3396 -7961 12972 -25631 END
START -10052 -16724 5132 -8143 15204 -26862 END
START -8068 -9144 7636 -7899 13623 -26180 END
START -5524 -3692 7280 -8491 10401 -23774 END
START -4260 -640 4500 -6529 8626 -19725 END
START -3876 2392 3332 -4108 8221 -16360 END
START -2716 3520 3556 -3249 6806 -13663 END
START -1268 5276 2512 -50 4628 -9710 END
START -444 6720 2916 1830 1684 -5935 END
START 320 7616 3136 1889 -471 -1741 END
START 440 7204 4400 970 -2935 2141 END
START -204 5952 4380 963 -5895 6143 END
START -1732 5852 4840 346 -7893 10767 END
START -3584 4492 6324 -407 -9831 14374 END
START -5612 3412 8388 25 -12207 17953 END
START -8792 -340 10900 -275 -15022 20810 END