START -10280 8936 3740 832 -4750 25240 END
START -12956 3032 676 714 -7703 30791 END
START -14172 -10408 -12312 7240 -11342 32767 END
START -13204 -27728 -23852 25798 -1527 32767 END
START -11940 -32768 -20880 26208 10139 32767 END
START -19376 -32768 -10088 13859 15562 22707 END
START -21552 -32768 3252 4559 14417 8263 END
START -18628 -32768 4984 -2501 13392 -5170 END
START -16452 -32768 6608 -5929 10871 -17103 END
START -12280 -32768 6124 -10527 8861 -24085 END
START -10224 -23388 3348 -15024 9155 -25748 END
START -7720 -15164 1168 -16773 10710 -25177 END
START -6652 -8448 2100 -11705 10596 -23178 END
START -5192 -3296 3500 -8009 8098 -19602 END
START -4148 -1084 4136 -5758 7217 -15946 END
START -4448 1140 5080 -5884 7938 -13514 END
START -3996 3456 6136 -3737 4268 -10486 END
START -3208 5816 4872 -856 3145 -5798 END
START -4048 7416 6576 280 2377 -2685 END
START -4136 7996 8048 1019 -990 677 END
START -3208 8196 6888 1506 -3925 4579 END
START -2956 7996 5352 2533 -5170 9631 END
START -3328 7240 3124 3507 -7583 15625 END
START -4532 3648 -656 3464 -8029 21230 END
START -6868 -4972 -7596 4775 -8963 26311 END
START -7668 -18296 -19500 8297 -9123 30860 END
START -9300 -32768 -31272 9325 -1172 31043 END
START -15800 -32768 -32428 8473 8628 24604 END
START -19736 -32768 -25044 10446 14656 13544 END
START -19796 -32768 -12188 6806 19362 238 END
START -17940 -32768 604 -447 18601 -10708 END
START -14004 -32768 5036 -7215 15253 -16684 END
START -10452 -27596 4196 -12045 13261 -19298 END
START -7924 -18716 1172 -14883 13540 -19663 END
START -6284 -12388 60 -13720 13682 -18982 END
START -3836 -6040 -380 -9772 13251 -16254 END
START -2396 -5884 -2224 -8700 12948 -12837 END
START -3420 -6848 -3072 -4921 15735 -11358 END
START -6468 -8812 1544 -1117 14541 -11027 END
START -6684 -8784 5676 -278 9246 -11427 END
START -5396 -6440 6656 1064 5834 -11411 END
START -3580 -4364 7128 577 2610 -11392 END
START -1080 -1672 6916 434 -2205 -10699 END
START 1332 1068 5604 2524 -6300 -8823 END