START -2488 -1452 -1776 4557 6968 10559 END
START -3940 -1296 52 6125 7000 16056 END
START -5780 -944 1644 6826 6190 20313 END
START -7784 -4076 688 4451 8236 23301 END
START -10644 -6812 1512 9165 7871 26423 END
START -10448 -12856 2500 16564 3840 31066 END
START -10080 -22208 592 18550 2169 32767 END
START -10176 -32360 -1132 13668 6637 28516 END
START -10264 -32768 -548 6547 8203 22117 END
START -7564 -32768 1208 10160 5997 16466 END
START -4816 -32768 72 6293 5280 10594 END
START -5304 -32768 148 161 7101 1911 END
START -5576 -32768 1616 -2065 6179 -5794 END
START -6096 -32768 3124 -2171 5210 -11996 END
START -6648 -32768 4552 -5535 4059 -16525 END
START -7180 -27824 4056 -7093 3353 -19998 END
START -7300 -22492 3596 -6247 2965 -22004 END
START -7240 -18224 1604 -7522 2905 -22173 END
START -7244 -14472 1376 -6760 4032 -22837 END
START -7140 -11180 2508 -5386 3256 -21600 END
START -6364 -7024 2452 -4964 2465 -19057 END
START -4976 -4616 2252 -4997 2714 -16815 END
START -4616 -3032 2520 -5280 2129 -14271 END
START -3384 -1212 1976 -2834 764 -10437 END
START -2932 612 1284 -2079 76 -6698 END
START -1880 444 748 -2186 -43 -3367 END
START -1288 988 872 -1737 -79 -219 END
START -1228 396 168 -153 -430 3496 END
START -1200 308 -40 1368 -1019 7242 END
START -1056 -424 -1608 1783 -225 11230 END
START -2572 -2712 -2076 2802 815 14726 END
START -3892 -5188 -2208 6219 1428 18067 END
START -3968 -7900 -2408 9356 2273 21304 END
START -4532 -11048 -3788 8711 3726 24084 END
START -5432 -15924 -5248 4910 6700 25078 END
START -6320 -23272 -3792 4220 8761 25345 END
START -7832 -30876 -3116 7797 7685 24308 END
START -9252 -32768 -4240 8529 7477 20989 END
START -9756 -32768 -820 8437 8099 14503 END
START -8816 -32768 2092 3340 7782 6320 END
START -7088 -32768 2232 -1996 7361 -1479 END
START -7416 -32768 2704 -1250 4849 -7655 END
START -6956 -32768 4336 -1687 2851 -12954 END
START -7184 -31544 5332 -7045 1502 -16929 END
START -6992 -29408 3576 -10243 2500 -21114 END
START -7496 -26036 3416 -9871 2398 -23538 END
START -7116 -22128 2716 -10181 2021 -25054 END
START -7108 -19240 2028 -9624 3350 -25897 END
START -7228 -16368 2112 -8173 4217 -26092 END
START -7320 -12808 3380 -6072 3170 -26429 END
START -6284 -8468 4416 -3046 945 -24599 END
START -4444 -4764 4972 -3203 -829 -21748 END
START -2840 -2220 5092 -4368 -3897 -18719 END
START -1476 -8 4512 -3407 -6835 -15176 END
START -636 2752 3044 -1070 -10126 -9693 END
START 156 3708 272 -174 -12094 -4433 END
START 452 3716 -2408 -990 -10918 -43 END
START 328 3064 -4096 -1460 -11427 4497 END
START 1400 -300 -9588 -2891 -12744 9083 END
START 3032 -5120 -20460 -1886 -8443 12173 END
START 4168 -9044 -29076 110 1938 12619 END
START 4380 -11232 -30572 3796 12698 12744 END
START 4016 -12544 -28008 8587 23968 13312 END
START 3496 -13452 -22512 10948 32767 15900 END