START -236 1964 -188 -6710 6535 -10135 END
START -880 4716 1836 -5105 5058 -3868 END
START -132 4972 3148 -1225 2108 4698 END
START -656 5540 1324 3312 1776 11072 END
START -2448 5556 1500 3685 3337 15279 END
START -4476 5144 1916 1296 4548 20109 END
START -7168 3420 2884 778 4478 25054 END
START -10056 -28 2780 4342 2602 30465 END
START -12620 -5124 1280 9096 1179 32767 END
START -14032 -11840 -384 7542 2504 32767 END
START -15492 -23492 -692 7632 3432 32767 END
START -15068 -32768 -2776 8869 2571 32767 END
START -13132 -32768 -5432 9907 4309 29146 END
START -9664 -32768 -4832 9857 6652 19101 END
START -6876 -32768 -3564 2275 7520 7731 END
START -6152 -32768 -2700 -218 8152 -1846 END
START -6020 -32768 -96 1654 6341 -8444 END
START -6988 -32768 612 -932 4634 -14455 END
START -7776 -31452 448 -5344 4020 -19390 END
START -8344 -26848 -80 -3407 4470 -22103 END
START -8796 -20980 724 -3354 4762 -23649 END
START -8824 -16528 1608 -3625 5391 -24438 END
START -8272 -12760 3000 -4220 5496 -24303 END
START -8100 -8220 4096 -2649 3897 -22356 END
START -6508 -5380 2980 -3632 3248 -19425 END
START -5628 -3328 2840 -3887 2548 -16855 END
START -4540 -1472 2244 -3053 1940 -14461 END
START -3544 696 1916 -2303 1436 -10939 END
START -2848 1800 1344 -1112 1280 -6683 END
START -2372 2044 900 -755 410 -2252 END
START -2412 1908 536 607 428 1972 END
START -2180 1816 192 2372 300 6756 END
START -1716 1428 -1064 2907 303 11412 END
START -2260 224 -3348 3613 2235 16377 END
START -3436 -2360 -3496 5419 3773 20761 END
START -4664 -5232 -4836 8674 5163 25388 END
START -6168 -9832 -4488 7949 7774 29094 END
START -7288 -16924 -4044 5874 8808 30783 END
START -7684 -28592 -4184 3664 8158 31090 END
START -10588 -32768 -5368 2709 7340 27676 END
START -12068 -32768 -5468 3372 9042 18262 END
START -9252 -32768 -3724 1831 10240 5951 END
START -7828 -32768 1208 210 10126 -4265 END
START -7612 -32768 4676 -2254 7516 -12581 END
START -7076 -32768 5088 -5281 4863 -17825 END
START -7120 -30904 4040 -7870 2512 -20573 END
START -7884 -26556 1432 -7162 2133 -22409 END
START -8444 -23104 164 -6082 2436 -23038 END
START -8692 -20968 352 -4692 2670 -24312 END
START -8712 -18368 528 -3021 3426 -25787 END
START -7836 -14888 960 -3081 4213 -26472 END
START -7152 -11728 1172 -3799 4992 -25777 END
START -5488 -9324 1592 -3229 4713 -24082 END
START -3736 -8068 2060 -449 3705 -21313 END
START -2140 -4960 1608 890 4337 -16529 END