START -6672 13676 4616 4923 -1068 11322 END
START -6260 11120 2072 3364 -99 17067 END
START -7488 9168 -612 2926 500 22954 END
START -10276 4192 -4800 5203 -591 29251 END
START -14060 -7540 -12748 12348 618 32767 END
START -13072 -20596 -16684 20253 2521 32767 END
START -12136 -32768 -21092 16676 9742 32767 END
START -19764 -32768 -12980 13562 17764 26960 END
START -23736 -32768 2860 9350 16774 11488 END
START -18048 -32768 5524 -1989 12801 -4222 END
START -11712 -32768 2856 -7658 12927 -14087 END
START -10208 -32768 4600 -6519 12531 -20715 END
START -9120 -27672 5676 -8868 11101 -25754 END
START -8120 -16220 5840 -9833 9556 -26830 END
START -6628 -7576 6532 -8726 7669 -24571 END
START -5240 -1356 6024 -7501 6607 -20627 END
START -3956 2488 5144 -6427 5260 -17644 END
START -2976 6956 4380 -2303 3907 -13064 END
START -2472 10536 4092 612 2601 -8197 END
START -2364 11840 5004 1265 1277 -2931 END
START -2776 11256 5148 2810 -646 2733 END
START -3640 10172 5988 3230 -2380 8056 END
START -4004 8996 5136 2383 -5998 13681 END
START -4588 7584 2384 2999 -7974 19697 END
START -6344 5280 -2140 788 -7941 27289 END
START -10108 -7068 -11284 2237 -9981 32767 END
START -11800 -22460 -25916 9509 -6434 32767 END
START -13044 -32768 -32768 6741 2563 32767 END
START -17996 -32768 -32768 4407 12470 25846 END
START -20636 -32768 -31012 5221 24620 14652 END
START -24208 -32768 -16612 6939 29572 2787 END
START -24488 -32768 -1192 9942 25549 -9796 END
START -23484 -32768 7332 7265 20847 -20862 END
START -21148 -32768 7980 3868 16453 -29681 END
START -18236 -26808 5756 4275 14392 -32768 END
START -15144 -13312 6032 5803 13749 -32768 END
START -12052 -1504 8960 7339 11845 -32768 END
START -7484 8260 9632 6290 7903 -29851 END
START -3044 11720 7416 4153 3497 -22247 END
START -580 13632 5724 2161 1430 -15677 END