START -5196 8296 832 8833 6932 8382 END
START -6136 6152 3708 5264 5093 13005 END
START -8392 8212 2164 2718 2608 19478 END
START -9996 3600 -704 -34 19 25409 END
START -9780 -9692 -8232 12648 -3181 30300 END
START -7560 -20092 -15556 21734 -206 32767 END
START -7380 -32768 -16992 16893 4981 31392 END
START -13576 -32768 -11640 7451 9884 23697 END
START -15492 -32768 -6160 -2460 13003 9408 END
START -13196 -32768 -1668 -4243 16088 -3798 END
START -11196 -32768 3532 -2954 15369 -14231 END
START -8604 -32768 5908 -4885 13526 -21324 END
START -6936 -23460 5800 -13905 13434 -24086 END
START -5616 -14600 5572 -13590 11967 -23374 END
START -4808 -7400 5784 -7115 9627 -20632 END
START -3936 -2592 6788 -5274 6230 -17934 END
START -3720 760 6596 -3855 4196 -15306 END
START -3440 4372 6380 -2346 2707 -12225 END
START -2608 8032 6116 13 2430 -7972 END
START -1980 9604 7092 1345 132 -3465 END
START -1576 10620 6492 3013 -3213 2120 END
START -1184 10016 4748 4710 -4698 7286 END
START -2196 10756 5168 3188 -6381 12854 END
START -3736 8444 2268 680 -8270 18611 END
START -6324 4076 -2976 4150 -9935 25551 END
START -8924 -4384 -11000 4910 -10312 32211 END
START -10980 -18136 -23380 4244 -6854 32767 END
START -14804 -32768 -32768 8328 715 32767 END
START -18172 -32768 -32768 14016 9251 26567 END
START -19176 -32768 -31436 14323 19514 18353 END
START -21156 -32768 -18424 10613 25811 9814 END
START -20432 -32768 -4940 5099 28485 -841 END
START -20012 -32768 3192 -2554 27273 -9596 END
START -19328 -32768 7900 -5294 23083 -15702 END
START -17044 -28184 8128 -5729 19206 -20459 END
START -13908 -18060 8336 -7051 18618 -22746 END
START -10964 -10284 9264 -6342 17631 -23077 END
START -7888 -4688 9768 -4433 14205 -23051 END
START -5768 -420 9088 -2114 11290 -22094 END
START -4240 3756 9236 -2251 8843 -18101 END
START -2820 6488 9648 -2888 7409 -15073 END