START -8096 11072 10112 -3606 -6249 18459 END
START -8676 6312 4688 -5250 -10398 24973 END
START -9660 -544 -4132 -1290 -10899 30200 END
START -10452 -10692 -13236 3358 -8171 32767 END
START -9772 -25968 -20692 15494 -5681 32767 END
START -8432 -32768 -22588 22419 1600 30448 END
START -14600 -32768 -16200 12090 13076 22887 END
START -17416 -32768 -8176 843 18884 11717 END
START -16376 -32768 140 2179 17754 1225 END
START -14408 -32768 7052 1372 14934 -8283 END
START -11932 -32768 10848 -4216 12644 -15243 END
START -10760 -30992 10580 -10600 10539 -20399 END
START -8600 -21112 7976 -12604 8679 -22140 END
START -6800 -13344 6016 -11901 6924 -21856 END
START -5176 -5880 3788 -10104 5834 -20478 END
START -3368 188 2464 -8635 5449 -16984 END
START -2148 4116 2832 -5125 3868 -13365 END
START -1772 7580 1892 -1525 2748 -9138 END
START -2300 7904 4044 1600 2895 -5159 END
START -2828 8320 6276 2852 -142 -1841 END
START -2464 8844 6592 2768 -3697 1666 END
START -1860 7696 4792 2541 -4806 6989 END
START -2784 6868 3148 2538 -5516 12014 END
START -4224 3472 932 2431 -7509 17996 END
START -5780 -2944 -3944 6102 -9805 23405 END
START -7516 -12772 -12704 11027 -8210 27119 END
START -11512 -24660 -17800 10347 -3512 27784 END
START -13424 -32768 -21528 10691 1179 25437 END
START -13288 -32768 -23644 7416 6925 20499 END
START -13964 -32768 -23908 2865 14915 13064 END
START -17068 -32768 -16428 3359 21641 3656 END
START -18236 -32768 -3688 8370 20138 -6391 END
START -17504 -32768 4628 595 19075 -15777 END
START -16900 -32768 8400 -10328 18954 -22893 END
START -16104 -28436 9668 -12267 16800 -26414 END
START -13668 -17876 8412 -11825 15442 -28403 END
START -10412 -9340 7680 -13029 14542 -28171 END
START -7508 -2628 6212 -9388 12070 -25431 END
START -4876 3168 4880 -5497 9224 -22291 END
START -2800 6980 4828 -3991 6727 -17869 END
START -1284 7428 3964 -4807 4538 -14195 END