START 7416 -13120 -9232 -1305 -4299 -2088 END
START 6976 -13696 -9900 -1788 -3651 -1248 END
START 7096 -14216 -10916 -1710 -2083 -2743 END
START 6648 -12560 -13052 -931 -521 -2387 END
START 6844 -11944 -15328 66 3771 -2571 END
START 5856 -10420 -14732 468 8289 -1952 END
START 5320 -9072 -12520 -32 8797 -1611 END
START 4948 -8432 -10904 1239 8884 -340 END
START 3808 -7564 -8600 3925 8695 2114 END
START 3524 -6460 -6660 4923 8178 3893 END
START 3688 -6912 -5704 3578 7447 5710 END
START 3184 -7136 -4868 2881 7219 6813 END
START 3084 -6416 -3428 3023 6713 8194 END
START 3464 -6764 -1824 2225 6055 9836 END
START 2536 -7972 -1164 2628 5187 11336 END
START 1364 -8940 -204 3477 3787 12853 END
START 424 -9236 48 5080 1986 14502 END
START 1208 -10240 760 5136 1361 16262 END
START 364 -11976 1852 4563 943 17131 END
START -416 -13268 1692 2969 -701 17923 END
START -736 -15088 804 3367 -1541 18412 END
START 20 -17140 -252 6177 -2609 19574 END
START 1324 -19936 -2020 7291 -3361 19572 END
START 892 -23316 -3164 4909 -2630 18262 END
START 196 -28012 -4592 3501 -2180 15776 END
START 1960 -31648 -6444 4851 -2993 12544 END
START 3264 -32768 -9044 5814 -2968 8868 END
START 3808 -32768 -11048 5098 -1220 4870 END
START 3488 -32768 -11516 -435 817 -164 END
START 2160 -32768 -10596 -5707 3143 -5612 END
START 1156 -29728 -8844 -7094 4476 -9138 END
START 952 -26308 -7596 -7545 4959 -11117 END
START 460 -23984 -6448 -7058 5349 -12854 END
START -300 -21756 -5444 -6825 5548 -14449 END
START -372 -19668 -5340 -7918 6078 -14787 END
START -1040 -17384 -5236 -9434 6663 -15024 END
START -1216 -15244 -4624 -7586 6968 -15112 END
START -728 -12740 -3540 -5715 7251 -14426 END
START -320 -10236 -2644 -4840 6849 -13195 END
START 196 -8564 -2252 -4509 6412 -11327 END
START 624 -7128 -1580 -3246 5694 -9190 END
START 1016 -5940 -868 -2365 4354 -7066 END
START 2096 -5456 -680 -1955 3286 -5210 END
START 1980 -6512 -232 -677 2398 -3364 END
START 2352 -7428 -504 -29 1228 -1596 END
START 1948 -7016 -656 631 190 -258 END
START 2652 -6676 -524 1047 -623 950 END
START 2544 -6728 -824 1923 -1209 2381 END
START 2628 -7120 -1100 2895 -2020 4389 END
START 2080 -7852 -1408 4106 -2107 5803 END
START 1668 -7176 -932 4411 -2428 7620 END
START 1544 -7580 -520 4189 -3559 9388 END
START 1108 -7972 -724 4448 -4946 11971 END
START 720 -9724 -3128 5151 -5680 14865 END
START 1100 -13040 -5760 9104 -3660 15846 END
START 1284 -14424 -6376 11459 -2389 16626 END
START 1620 -16736 -6624 11877 -1336 18169 END
START 1428 -20968 -7748 9905 530 18249 END
START 644 -26768 -8876 8095 3270 16986 END
START 1704 -30788 -8476 5207 4309 14540 END
START 2128 -32768 -8896 3982 4347 10669 END
START 3188 -32768 -10600 2015 4774 7388 END
START 2240 -32768 -9416 1086 6118 2843 END
START 1760 -32768 -8224 1596 5903 -2176 END
START 2472 -32768 -8356 -2352 7172 -6307 END
START 2656 -32768 -7688 -6624 9315 -10362 END
START 1768 -31560 -8216 -8625 11055 -13813 END
START -96 -31288 -9040 -8076 14127 -17645 END
START -3136 -28128 -6332 -3722 17348 -21953 END
START -5424 -24812 -2372 -3631 18621 -24643 END
START -6628 -22856 -592 -2398 21113 -28022 END
START -7180 -16328 3420 -969 21820 -27528 END
START -5892 -9932 6308 -1910 18704 -26532 END