START -2524 1712 128 8682 -162 13020 END
START -3756 3656 708 7294 2643 18712 END
START -6256 420 3648 7598 4027 24264 END
START -9844 -1812 5628 15351 2509 29834 END
START -12652 -6156 4612 17562 2338 32767 END
START -14396 -12572 2652 9925 2824 32767 END
START -15852 -21708 -236 8192 2906 32767 END
START -16064 -30624 -5592 13033 4179 32767 END
START -15560 -32768 -4988 14939 7546 31698 END
START -14412 -32768 12 13627 8865 25524 END
START -11480 -32768 -1536 2568 8337 18162 END
START -12252 -32768 -1748 323 9973 9957 END
START -12436 -32768 2680 4492 6585 773 END
START -9660 -32768 2068 -1567 3812 -8514 END
START -8200 -32768 1068 -7537 5802 -15650 END
START -8592 -32768 1108 -9268 5955 -20668 END
START -8436 -29280 768 -9824 6323 -23303 END
START -10772 -26108 4648 -5829 5926 -25980 END
START -11820 -19108 6592 -5870 3851 -26730 END
START -11248 -15892 6048 -8704 3332 -27569 END
START -9816 -12260 4840 -9947 3522 -27567 END
START -8676 -7268 5056 -7421 2442 -25710 END
START -6948 -3636 3796 -6574 1575 -21644 END
START -5132 -2764 1392 -7390 1260 -18377 END
START -4040 -1928 704 -6094 1843 -16257 END
START -3596 1308 784 -2368 576 -11904 END
START -2580 2064 104 -811 948 -7342 END
START -2088 2244 756 -920 1382 -3693 END
START -2844 1680 1860 1620 -1031 -343 END
START -2600 2220 124 2264 -1571 4651 END
START -2648 1108 -132 414 -1323 8520 END
START -3232 -812 -1244 230 -2890 12044 END
START -3624 -2308 -3956 3577 -2211 15772 END
START -4392 -4216 -5100 7850 -1160 19270 END
START -5240 -6456 -6588 9073 693 23569 END
START -5376 -9592 -7776 8095 4048 26675 END
START -6676 -16568 -10272 8127 6688 28972 END
START -6584 -25220 -11976 11381 7506 29565 END
START -7328 -32768 -11900 10087 10357 28874 END
START -10100 -32768 -10680 1128 13051 25236 END
START -13736 -32768 -5108 5555 17543 14827 END
START -14532 -32768 3128 9234 16161 2395 END
START -11232 -32768 6340 -3828 14996 -9153 END
START -8768 -32768 7956 -9070 13275 -16522 END
START -7588 -32768 6792 -7545 9730 -20663 END
START -7384 -30176 5800 -8713 8388 -24552 END
START -7804 -25108 6904 -10696 7180 -26816 END
START -8436 -20988 7968 -7668 4259 -26823 END
START -8116 -17236 8212 -6216 1220 -26781 END
START -7324 -12972 8152 -6506 -807 -26325 END
START -6120 -9188 6340 -8999 -1875 -25304 END
START -4916 -6132 5292 -9957 -3194 -23582 END
START -4088 -2588 4300 -6544 -5202 -20401 END
START -2800 -876 3096 -5090 -7114 -17002 END
START -1744 1456 1980 -3780 -7951 -13491 END
START -1180 1644 308 -4204 -8111 -10273 END
START -436 1876 -832 -2467 -9475 -7431 END
START 156 1668 -2796 -887 -10259 -3920 END
START 432 -352 -5060 1778 -10462 -1137 END
START 824 -1296 -7380 3316 -10326 1311 END
START 1744 -2776 -10040 2638 -9245 3913 END
START 2032 -3712 -14004 1179 -6460 6345 END
START 2176 -5668 -18244 81 -2919 9239 END
START 2708 -8284 -22988 2632 -310 12573 END
START 4468 -11600 -30540 8228 6762 15194 END
START 4456 -13252 -32768 11358 18422 14882 END
START 4664 -17456 -30036 13876 29789 14992 END
START 2048 -20676 -20152 14619 32767 17711 END