START -4672 11016 10496 6222 3271 7401 END
START -5984 9048 10836 1717 -5797 14214 END
START -7812 7076 6068 3961 -10212 20593 END
START -9320 5916 3992 -157 -9097 25354 END
START -11928 -484 -2872 -4183 -11703 32603 END
START -11532 -13004 -16708 2772 -12235 32767 END
START -8596 -24828 -26036 14547 -4665 32767 END
START -7000 -32768 -25024 17230 3018 32767 END
START -11816 -32768 -20340 11476 8191 29176 END
START -16632 -32768 -14904 3469 16280 17263 END
START -18572 -32768 -3984 -2755 24855 1607 END
START -16860 -32768 6676 -1063 20314 -10935 END
START -12044 -32768 9524 -5575 15498 -19072 END
START -8912 -32292 9744 -11642 13520 -23125 END
START -6948 -21460 7596 -14979 11565 -25000 END
START -5716 -13396 5296 -12833 9519 -23332 END
START -4704 -8180 3156 -8800 8747 -20756 END
START -4744 -4192 3936 -6216 8448 -18559 END
START -4236 48 4112 -2402 6475 -16240 END
START -3196 4868 4400 421 4625 -12752 END
START -1980 6828 4252 565 2828 -8294 END
START -2036 7296 3852 1677 2937 -3602 END
START -2616 7824 5252 4395 136 148 END
START -2584 8188 5876 5152 -4042 4564 END
START -3048 7200 6372 3876 -6502 8949 END
START -3600 7212 5188 624 -9067 13871 END
START -4376 6708 1956 -1698 -10650 19968 END
START -6600 1632 -4700 -3541 -14182 27325 END
START -8524 -9420 -17620 -682 -14667 32158 END
START -9964 -20780 -28308 2349 -8708 32767 END
START -13124 -32768 -32768 2936 -892 32355 END
START -17484 -32768 -32768 7756 11591 25657 END
START -20096 -32768 -32768 8771 25991 15867 END
START -22212 -32768 -18828 3813 32767 3830 END
START -21432 -32768 -3940 -7650 32767 -5084 END
START -21320 -32768 6064 -7410 32767 -11003 END
START -17104 -31716 10008 -1251 24561 -16487 END
START -11116 -19512 10256 -5354 19836 -19853 END
START -7360 -10856 9496 -10968 18256 -20176 END
START -6380 -4716 8680 -14698 15861 -17995 END