START -6248 -2772 -2488 6616 -4741 21045 END
START -6788 -5356 -5324 9873 -5580 25750 END
START -6084 -13828 -11848 9282 -5039 29796 END
START -5036 -27976 -19796 7461 -167 31072 END
START -8608 -32768 -24420 4233 7371 27768 END
START -12324 -32768 -17928 5553 12994 18894 END
START -13312 -32768 -6348 6048 14920 6173 END
START -10560 -32768 3708 -945 13503 -5696 END
START -7208 -32768 6548 -6912 11708 -12933 END
START -5736 -32180 5380 -10013 10503 -16788 END
START -5584 -23408 4296 -11816 8674 -18364 END
START -5140 -16336 3904 -11630 6486 -18808 END
START -3972 -11236 3020 -9959 5813 -17903 END
START -3688 -7288 2792 -8947 6480 -16951 END
START -3184 -4696 3444 -6597 4813 -14976 END
START -2548 -2352 3360 -3339 2827 -12456 END
START -2028 -628 3448 -1541 1349 -9868 END
START -1224 1500 2848 -2427 -410 -6996 END
START -808 2428 1600 -1753 -1541 -3380 END
START -872 2080 1016 913 -2268 498 END
START -1524 1668 736 1695 -3288 3301 END
START -2420 232 472 4225 -4473 6309 END
START -3016 8 -904 5136 -5104 9644 END
START -3688 -304 -3740 5350 -4394 13225 END
START -4952 -1848 -5148 6315 -4706 17880 END
START -5260 -6676 -10788 3757 -5242 23725 END
START -6708 -17640 -21128 4779 -4110 26640 END
START -5672 -31336 -32304 4508 815 26662 END
START -7824 -32768 -32768 6510 10325 23180 END
START -10732 -32768 -28008 7567 19556 15906 END
START -13568 -32768 -13160 826 24183 5300 END
START -15352 -32768 384 -3895 23855 -5243 END
START -14616 -32768 7268 -7388 19668 -13595 END
START -11656 -32044 7364 -9465 16501 -18309 END
START -8528 -22416 6336 -11543 13864 -20502 END
START -5992 -13612 5924 -11618 11338 -20637 END
START -4120 -6912 5008 -11465 9610 -18653 END
START -2000 -3040 4548 -11540 8896 -16092 END
START -1168 -444 4320 -9129 7355 -13795 END
START -1032 2212 3984 -5282 5396 -11270 END
START -504 2988 3924 -4165 5068 -8510 END
START -1372 2448 5264 -1768 3137 -6126 END
START -1496 2160 6000 -264 100 -3711 END
START -124 2812 5960 1907 -2018 -657 END