START 2616 -7884 -10952 -3208 8051 1416 END
START 1236 -6944 -7748 4443 8693 2495 END
START 988 -6696 -5908 9830 9323 3971 END
START -968 -3180 -3556 8267 11776 4930 END
START -2440 -1468 612 1433 11577 7571 END
START -4144 -3272 4896 2678 9777 11972 END
START -4732 -2544 8360 8070 4743 17019 END
START -5504 -3384 9072 9918 444 20732 END
START -6328 -5496 7004 8528 -3649 24523 END
START -6132 -9124 2576 9752 -5060 26445 END
START -6320 -14136 140 14097 -3240 28188 END
START -6952 -19728 12 17032 -1138 27979 END
START -6540 -26596 -324 18002 -284 27146 END
START -5712 -31812 -360 18415 1710 25414 END
START -4408 -32768 1136 15817 3554 21635 END
START -3280 -32768 1140 12659 3095 16640 END
START -704 -32768 496 10382 2035 10102 END
START 812 -32768 -916 9213 -124 2687 END
START 24 -32768 -2956 4588 -666 -3649 END
START -1540 -32768 -4344 -6595 2550 -10420 END
START -3588 -32768 -2164 -12638 4603 -15763 END
START -4284 -31140 -596 -10559 4410 -18796 END
START -5932 -26088 -576 -11068 4688 -20163 END
START -6632 -22616 -1268 -12191 6136 -20515 END
START -7596 -18844 -476 -11316 8903 -21962 END
START -7880 -15016 1772 -10456 8351 -22260 END
START -6780 -11836 2916 -7765 7326 -21038 END
START -5660 -8448 2076 -5966 7058 -19243 END
START -4816 -5232 3284 -5461 6229 -16926 END
START -2776 -2616 4516 -4957 4624 -14115 END
START -1620 -1844 2944 -4716 3511 -10822 END
START -1420 -556 3028 -3263 2497 -7725 END
START -456 -420 3084 -1771 425 -3935 END
START 236 -544 2816 -305 -451 -861 END
START 732 -912 2624 -297 -1386 2136 END
START 512 -2196 1104 -419 -1755 5265 END
START -268 -3664 24 1521 -1782 7488 END
START -828 -4420 -572 5284 -1575 10544 END
START -1296 -4564 24 6611 -478 12876 END
START -1780 -5036 852 7599 280 15533 END
START -2592 -7332 160 8887 -27 18859 END
START -3364 -11308 -2708 11328 715 20764 END
START -3076 -14248 -4164 14780 3206 22216 END
START -2888 -17944 -4288 15054 6925 23273 END
START -4340 -24752 -2884 9113 8565 23643 END
START -5264 -31536 -2588 8152 9818 21551 END
START -3936 -32768 -1016 8543 9716 19111 END
START -3168 -32768 616 5094 8311 14846 END
START -3732 -32768 1892 5774 6925 9362 END
START -3216 -32768 1900 4329 5847 2038 END
START -2284 -32768 1168 -3537 5872 -4557 END
START -2384 -32768 760 -6921 5688 -9862 END
START -3624 -32768 -1404 -6476 6615 -16260 END
START -5328 -32768 -1232 -7697 8186 -21867 END
START -7404 -32768 -1620 -8154 10120 -25678 END
START -10156 -29128 -852 -8120 12575 -28959 END
START -11920 -23180 508 -5442 13869 -31645 END
START -11740 -16320 -252 -2948 15952 -32479 END
START -9544 -11464 548 -5318 20643 -32768 END
START -9364 -7208 4404 -2817 25426 -32768 END
START -7312 -3500 7460 483 23908 -31901 END
START -4788 -540 8788 3080 19246 -23625 END