START -2328 1116 -576 1296 4665 15877 END
START -4560 624 1416 1888 6013 20834 END
START -7792 -556 3556 5102 4455 28222 END
START -10028 -2064 4692 8116 3343 32767 END
START -14224 -9320 3540 6679 2272 32767 END
START -17672 -17248 2020 7016 4372 32767 END
START -18544 -24768 5240 7497 4792 32767 END
START -16824 -31716 6312 4526 2255 32767 END
START -14668 -32768 2156 2188 -868 29096 END
START -12928 -32768 -3812 4856 2797 21100 END
START -11248 -32768 -2412 4935 4283 12811 END
START -8808 -32768 -1612 3332 4042 3080 END
START -7608 -32768 -2724 -1243 5062 -5732 END
START -8180 -32768 -2464 -3211 7510 -13088 END
START -10164 -32768 -260 -2498 7657 -18759 END
START -12228 -32036 1408 -2532 7884 -23864 END
START -13380 -26836 3616 -5047 7340 -27779 END
START -13768 -22408 3296 -7008 6952 -29953 END
START -13640 -18644 3024 -4901 6669 -31034 END
START -12364 -12860 2660 -4150 6825 -29782 END
START -10920 -10192 3284 -5108 6281 -28698 END
START -9468 -6332 3140 -5059 5361 -26254 END
START -7168 -3280 3808 -4278 3835 -23228 END
START -5624 -1324 3020 -3649 3774 -19086 END
START -3600 1016 4224 -4053 1738 -15427 END
START -2388 2072 2652 -4192 -519 -10962 END
START -1440 1984 1292 -4061 285 -6628 END
START -928 2392 1140 -3313 -376 -2548 END
START -84 3032 212 -1955 -750 1809 END
START 240 3384 -264 -935 45 6963 END
START -584 3792 -44 -1338 -278 12207 END
START -1900 1604 -1384 1424 610 17895 END
START -2960 248 -1856 5248 1515 23065 END
START -3792 -2552 -2932 4672 2088 28005 END
START -5580 -7144 -2204 6937 4322 32177 END
START -7400 -12820 -1600 8289 2607 32767 END
START -9524 -21544 -5524 6200 3209 32767 END
START -12988 -31368 -5148 3985 6864 32767 END
START -13372 -32768 -3616 858 7850 28128 END
START -13512 -32768 -2760 416 7786 20419 END
START -12880 -32768 640 6757 8044 12475 END
START -10916 -32768 1524 3490 5765 5410 END
START -9736 -32768 384 -4489 5244 -1726 END
START -10012 -32768 -1344 -7857 5305 -8659 END
START -10016 -32768 -2184 -4478 4594 -14512 END
START -9444 -31192 -2772 -2367 5024 -18222 END
START -10696 -28220 -900 -3522 5870 -21016 END
START -11456 -25776 72 -4421 5465 -23450 END
START -11076 -22848 832 -3615 5150 -25133 END
START -10548 -19564 1068 -3276 4206 -25193 END
START -9684 -17432 1824 -4242 3321 -25609 END
START -9192 -15812 848 -4194 2282 -25047 END
START -8352 -13780 1564 -2745 2009 -25367 END
START -6712 -11572 1632 -1071 1291 -25318 END
START -5400 -8472 -112 -3634 2939 -24613 END
START -3080 -6852 -744 -5067 6353 -23818 END
START -1532 -3856 -60 -3023 8823 -19897 END