START -3856 4196 5748 1267 5434 -2997 END
START -5112 3544 4504 3971 3098 2899 END
START -7208 6404 6896 6769 1163 5189 END
START -6232 8008 7772 2737 -4302 10430 END
START -7232 7912 7068 3425 -8262 17350 END
START -9076 5628 3456 5552 -8385 24535 END
START -11896 1644 244 3008 -9969 31255 END
START -12772 -11056 -8464 3655 -12833 32767 END
START -11320 -25944 -20344 10529 -9158 32767 END
START -10148 -32768 -26732 11772 -2297 32767 END
START -8596 -32768 -26496 7555 7367 31314 END
START -11032 -32768 -19112 -298 17209 21075 END
START -12896 -32768 -6736 -5689 23542 7331 END
START -13196 -32768 5164 -6494 22494 -5476 END
START -11532 -32768 13864 -12935 18465 -13167 END
START -10692 -32768 15112 -16364 15570 -18074 END
START -8684 -24164 14308 -17903 13548 -20647 END
START -7000 -12748 12308 -16847 9997 -20693 END
START -4984 -5900 9364 -14294 8045 -19191 END
START -4200 1968 8056 -9690 7236 -17699 END
START -3868 7920 6736 -7832 6184 -13295 END
START -4312 9132 7420 -2664 3503 -8367 END
START -5040 10008 8788 3052 -480 -4218 END
START -4904 11916 8180 3455 -3108 33 END
START -5344 11076 7404 2719 -5278 4991 END
START -5528 10852 6820 2663 -9035 11130 END
START -6992 9740 4200 3191 -12176 17825 END
START -9384 5404 1328 2496 -14885 26213 END
START -11012 -3764 -8828 -430 -18912 32767 END
START -16280 -20604 -26744 -640 -16746 32767 END
START -21976 -32768 -32768 -1014 -7239 32767 END
START -23476 -32768 -32768 1160 7367 28020 END
START -21724 -32768 -32768 -986 21791 16653 END
START -22176 -32768 -32768 -9141 32767 5874 END
START -24084 -32768 -21084 482 32767 -3274 END
START -21928 -32768 -8460 -4088 32767 -8335 END
START -18760 -31088 -1204 -14709 32767 -12883 END
START -15892 -23588 -436 -15181 32767 -15445 END
START -14312 -16372 3484 -13768 32767 -17404 END
START -12824 -9448 5600 -10423 32224 -14611 END
START -10112 -6028 9568 -5272 26643 -12856 END
START -8468 -2768 11212 -252 19555 -11074 END
START -5948 -1240 11588 1454 11641 -9112 END
START -3592 -128 8612 1800 6672 -8022 END
START -2648 908 5468 2872 4997 -9003 END
START -1156 720 4828 5984 1948 -8853 END
START 204 2400 4376 9654 -1641 -6775 END