START -1660 -2976 2424 1298 -3981 10114 END
START -2476 -3332 76 1898 -6446 13576 END
START -3712 -6064 -3920 5957 -9412 17038 END
START -4520 -9608 -8856 8885 -9532 21359 END
START -5004 -18544 -13592 11259 -7529 24063 END
START -5432 -29184 -18348 11549 -2075 24392 END
START -6092 -32768 -18756 7345 2519 21196 END
START -5364 -32768 -15160 3011 5943 15648 END
START -5588 -32768 -12104 -3285 9658 7813 END
START -4780 -32768 -6952 -7758 11973 -437 END
START -4536 -32768 -1320 -8979 12797 -7344 END
START -4788 -32768 4536 -9782 12101 -12186 END
START -3636 -24540 5996 -12946 10198 -14543 END
START -2272 -17328 5336 -14797 8224 -14912 END
START -2276 -13588 4400 -11761 6289 -13991 END
START -2472 -10148 2900 -7171 6970 -13418 END
START -3228 -7088 3684 -6411 6274 -13954 END
START -2368 -3716 3764 -5498 4907 -13005 END
START -1276 -1064 3972 -2402 3214 -11110 END
START -496 2092 3484 59 2053 -7712 END
START -392 2872 2520 -337 428 -4109 END
START -540 2668 1384 2578 -1100 -441 END
START -932 2176 704 5694 -2118 3295 END
START -1852 824 -52 6681 -4389 6973 END
START -2784 -1900 -2932 8053 -5131 10076 END
START -3248 -4512 -5856 9651 -4132 13266 END
START -3272 -6964 -7524 11795 -2795 16357 END
START -3008 -10084 -10176 12198 -1437 19033 END
START -3772 -16952 -14976 11259 1546 20060 END
START -3684 -22100 -17068 13173 5554 22193 END
START -2352 -32108 -17812 7395 8751 23356 END
START -5848 -32768 -18472 3508 9787 22435 END
START -12096 -32768 -16424 1928 14583 14720 END
START -16216 -32768 -6292 2012 19251 1113 END
START -13636 -32768 6056 -4509 17872 -11141 END
START -11012 -32768 9764 -12295 13325 -18889 END
START -9032 -29980 8428 -13174 8970 -21101 END
START -7104 -20656 6100 -12584 6819 -21659 END
START -5944 -14644 4212 -12833 5251 -20986 END
START -5508 -10252 1904 -12429 5935 -20429 END
START -4632 -5964 2664 -10705 7386 -19907 END
START -3828 -2444 3668 -5737 7012 -18567 END
START -2220 1284 4504 -2700 4463 -15678 END
START -752 3700 3100 -2104 1105 -11384 END
START 588 2528 436 -268 2249 -9686 END
START 1220 3020 264 58 1773 -7573 END
START 1240 3292 -112 408 1089 -3584 END
START 1200 716 2016 477 335 -169 END