START -4712 9580 -8948 -2586 13044 -15107 END
START -4996 15752 -4748 -1958 15312 -8394 END
START -8976 14156 2572 -1445 12009 2813 END
START -12872 10260 5288 2451 5102 10040 END
START -14092 5396 4092 1327 -1160 14140 END
START -12532 1208 -1532 1685 -4797 19165 END
START -9340 -4820 -9348 3970 -4827 24142 END
START -9288 -13948 -14488 9566 -1440 28191 END
START -8828 -24084 -17260 12766 3821 29634 END
START -5608 -32768 -14540 14454 8652 27610 END
START -3612 -32768 -11988 7509 15313 22441 END
START -8188 -32768 -6680 179 22884 12953 END
START -13612 -32768 3604 -889 22427 -27 END
START -13228 -32768 11840 -215 17460 -11128 END
START -11236 -32768 14600 -3270 11762 -19629 END
START -8984 -29852 12048 -7856 7636 -24218 END
START -7140 -18564 6196 -9627 7906 -25637 END
START -7032 -9872 5016 -8102 8003 -24878 END
START -5660 -3988 5660 -4467 4846 -22173 END
START -4164 1424 5700 -2068 1342 -18735 END
START -3424 6728 3300 -534 1623 -14087 END
START -3116 11276 3664 80 2071 -8927 END
START -2840 12156 4052 2105 -90 -1825 END
START -3224 11972 4064 3997 -2765 3462 END
START -2888 10676 3532 5630 -5083 9026 END
START -3420 9628 2544 4816 -5195 14513 END
START -4484 6352 1056 3170 -5577 20185 END
START -5332 2448 -1772 6118 -7053 25971 END
START -6972 -3304 -7248 6319 -4326 32165 END
START -9788 -15276 -11908 7177 -2431 32767 END
START -12740 -32768 -17968 11593 -1454 32767 END
START -19072 -32768 -23160 10395 5913 31262 END
START -21816 -32768 -18156 4105 17092 17547 END
START -22832 -32768 -8012 1228 19923 4318 END
START -19580 -32768 -1136 2517 15622 -6370 END
START -17384 -32768 4356 -1347 11965 -15208 END
START -16756 -32768 2904 -6998 10637 -21584 END
START -15220 -32768 2740 -11698 11696 -26509 END
START -14420 -24004 3836 -10669 12169 -29218 END
START -13584 -14912 6568 -8945 11205 -29065 END
START -11172 -9488 8092 -7829 8978 -28258 END
START -8256 -3896 7892 -8921 6278 -25651 END
START -6076 -400 5832 -8484 5912 -22746 END
START -4228 3508 4692 -7173 5219 -19864 END
START -1868 5596 3340 -6320 4487 -16401 END
START -484 6008 1932 -5982 3787 -13268 END
START 376 6844 1912 -2757 2279 -10421 END
START 1172 6948 2196 -2955 268 -8038 END
START 1184 6228 2560 -5159 -554 -5889 END