START -2556 -1956 -2648 2889 8343 11472 END
START -3564 -1068 84 2235 9941 15819 END
START -6716 -3732 1508 4431 8328 22043 END
START -8736 -7068 1956 10789 6770 26738 END
START -9064 -12360 2100 9957 6942 29112 END
START -11512 -18908 940 7702 8151 28777 END
START -12272 -24416 2392 9947 8482 27811 END
START -10140 -29176 3592 10034 7636 26559 END
START -8240 -32768 3896 6902 7985 22654 END
START -6072 -32768 5456 6128 6958 17209 END
START -4520 -32768 7136 5581 4368 11389 END
START -3160 -32768 5972 178 2211 3246 END
START -3244 -32768 2320 -3810 2161 -5134 END
START -4044 -32768 484 -5942 3360 -12721 END
START -5660 -32768 1152 -6570 3938 -17936 END
START -7056 -28204 1632 -7193 4118 -21120 END
START -8200 -22780 2116 -6927 3676 -22967 END
START -8564 -18460 1400 -5942 3763 -23314 END
START -8036 -14184 2256 -4862 3531 -22583 END
START -7548 -12008 1944 -4848 3585 -21420 END
START -6720 -8736 2264 -4754 3290 -19885 END
START -5944 -5744 2896 -3329 3079 -18123 END
START -4544 -2400 2968 -3707 2114 -14686 END
START -3452 -1540 2540 -4576 1762 -11226 END
START -2420 228 3084 -3817 1000 -8279 END
START -2044 608 2756 -1521 -860 -4840 END
START -1100 948 1680 61 -1810 -51 END
START -852 248 1368 601 -1392 2909 END
START -644 -620 632 -34 -1259 5960 END
START -592 -992 -788 62 -568 9853 END
START -944 -3136 -1680 2206 107 13503 END
START -1972 -5900 -2352 5333 976 16323 END
START -2980 -8548 -2808 8416 2600 18894 END
START -3576 -10360 -2304 8916 4291 21153 END
START -3936 -15928 -2292 7989 5646 23170 END
START -5004 -20548 -2116 5223 5844 23969 END
START -5188 -28156 -3384 2372 6999 22694 END
START -5472 -32768 -5440 4304 8082 19696 END
START -5544 -32768 -5048 8432 9038 15639 END
START -6100 -32768 -216 4850 9822 8783 END
START -7088 -32768 3292 -2576 8473 1158 END
START -7092 -32768 2148 -2199 7850 -5794 END
START -5896 -32768 5060 -2111 6900 -11158 END
START -6436 -32768 5408 -3134 4803 -15874 END
START -6624 -30080 4704 -5222 3565 -19501 END
START -6624 -25720 4716 -5999 3267 -22317 END
START -6484 -20876 5392 -7528 3014 -23199 END
START -7748 -18796 5696 -6505 1810 -23911 END
START -7424 -14920 6096 -4401 610 -23509 END
START -6392 -11996 6324 -5617 -393 -22912 END
START -5652 -8604 5680 -6108 -1767 -22077 END
START -4164 -5584 5332 -6544 -3902 -20252 END
START -3004 -3124 5276 -3935 -6031 -17740 END
START -2352 -464 4164 -4883 -8362 -15108 END
START -1384 272 1956 -6982 -9707 -11065 END
START -332 856 -1216 -7059 -9399 -7947 END
START 184 916 -1828 -5000 -10856 -4266 END
START 1132 716 -3764 -2541 -12441 184 END
START 2212 -2200 -7704 -2242 -12679 4278 END
START 3484 -4700 -12768 -4190 -10764 7696 END
START 5732 -9196 -20288 -6300 -6642 10282 END
START 6760 -13912 -27408 -5964 829 11448 END
START 6912 -16972 -31236 -3616 9679 11492 END
START 6292 -18924 -29432 245 18564 10962 END
START 5124 -18460 -23432 6040 25798 10618 END
START 3680 -18444 -14968 9078 30355 10804 END
START 460 -19916 -5036 14432 32377 13116 END