START -7236 140 -2664 1552 1361 19881 END
START -7672 -5748 -9268 3453 1008 27322 END
START -6848 -17056 -15076 6243 2224 32654 END
START -9752 -32768 -21772 3216 6277 31645 END
START -12236 -32768 -19296 3952 11899 25060 END
START -16184 -32768 -11440 3532 14005 13190 END
START -16636 -32768 -1268 4145 15956 893 END
START -14144 -32768 7716 -1287 18676 -11127 END
START -12508 -32768 12508 -4956 14938 -18694 END
START -9928 -29188 12120 -9031 11242 -22862 END
START -7996 -18900 8328 -11160 9752 -24255 END
START -6392 -10744 6824 -11218 9815 -23820 END
START -5584 -3668 5820 -7833 7674 -21168 END
START -3852 1560 5612 -5749 5301 -17641 END
START -2728 4932 4008 -4155 3085 -13413 END
START -2324 6068 2612 -3769 3480 -9328 END
START -2896 7260 3072 -1303 2146 -4893 END
START -3136 6940 4072 1611 -111 -1046 END
START -2908 7912 3852 3144 -2199 3778 END
START -2524 7388 3812 2239 -2676 8192 END
START -2844 6908 2836 1300 -5380 13174 END
START -2972 6660 -404 -408 -6553 19097 END
START -4604 3088 -5252 -3689 -9750 26289 END
START -6060 -11400 -22196 -4543 -10131 32767 END
START -8868 -27876 -32768 -3280 -1707 32767 END
START -10748 -32768 -32768 999 11109 27717 END
START -13860 -32768 -32768 6295 25150 20298 END
START -20460 -32768 -29360 12220 32767 12688 END
START -24180 -32768 -9140 8564 32767 4786 END
START -22360 -32768 4668 -1477 32767 -4162 END