START -2588 -2164 296 2125 3770 16538 END
START -5508 -4348 -164 -199 5770 19593 END
START -7464 -8116 1392 3076 4459 23197 END
START -7572 -10048 1212 6818 3682 27343 END
START -8496 -15360 -2284 7096 4402 30140 END
START -9524 -21636 -4028 8935 7432 30175 END
START -8600 -29232 -2112 13388 8367 29403 END
START -6860 -32768 -296 10810 6797 25306 END
START -5016 -32768 860 5332 5155 19692 END
START -3768 -32768 2756 8299 4392 10714 END
START -1000 -32768 2488 3092 1333 383 END
START -404 -32768 104 -6129 1382 -8628 END
START -2172 -32768 -1392 -10630 2911 -15890 END
START -3808 -32560 -472 -9864 3878 -20505 END
START -5720 -25420 1244 -7195 3489 -23208 END
START -6164 -18832 2316 -8392 3172 -24629 END
START -6368 -13576 2028 -8936 2663 -23312 END
START -5908 -10376 1184 -7314 3089 -22251 END
START -5500 -6844 1796 -4327 3627 -19897 END
START -4444 -3424 1620 -4126 3084 -17085 END
START -3484 -2148 1832 -2709 2084 -13666 END
START -2816 -700 2172 -1500 848 -9668 END
START -2144 -508 1520 -800 -162 -6077 END
START -2376 -508 1440 1037 -922 -2919 END
START -1900 -32 512 1876 -1695 823 END
START -1228 -960 12 2171 -2538 4876 END
START -1352 -1896 -972 3385 -2220 8505 END
START -1384 -3840 -2460 5595 -576 11752 END
START -1936 -4328 -2816 5661 1299 14876 END
START -2304 -6828 -2468 5361 1881 17894 END
START -3224 -9320 -2228 9590 3243 21264 END
START -3840 -12264 -2576 11358 3716 24304 END
START -4808 -17912 -3460 8997 5406 25241 END
START -5300 -22020 -3040 7559 7350 25047 END
START -4700 -28976 -3056 6227 6704 24403 END
START -5120 -32768 -3496 8528 6237 21739 END
START -4120 -32768 -4372 1668 6703 15340 END
START -5144 -32768 -4716 -3932 8092 7488 END
START -5332 -32768 -2720 1416 8605 -518 END
START -3936 -32768 -60 3514 7106 -7834 END
START -4040 -32768 1292 -5214 6592 -14143 END
START -5620 -32768 1476 -11244 6534 -18436 END
START -6792 -30844 -304 -10463 8607 -21998 END
START -7200 -26784 836 -8837 9015 -24377 END
START -7116 -23092 -244 -7326 10323 -24770 END
START -8656 -19376 1712 -5628 11861 -25514 END
START -9044 -15580 3432 -3540 13064 -25981 END
START -9324 -12792 5900 -2451 14562 -25663 END