START -5440 9752 6772 2110 -4466 9594 END
START -6160 12960 5688 3774 -5124 16542 END
START -9480 10304 6612 1565 -3667 22130 END
START -13256 4396 6360 2070 -6286 26888 END
START -15496 -2292 -188 5025 -8713 30364 END
START -16448 -10656 -7828 4686 -5525 32767 END
START -15880 -30136 -19520 10918 -4194 32767 END
START -11728 -32768 -27308 19476 3061 32732 END
START -9960 -32768 -23828 13653 15381 24238 END
START -14560 -32768 -8940 6200 21528 12031 END
START -17144 -32768 4404 -1548 20083 -3532 END
START -16504 -32768 13600 -6395 18578 -16858 END
START -13736 -32768 19000 -11323 15451 -25165 END
START -11220 -24148 17360 -15565 11332 -28203 END
START -8808 -13248 14112 -16019 8348 -27539 END
START -7156 -4544 11196 -13055 5418 -25098 END
START -5092 1460 8956 -11751 4112 -21850 END
START -4196 6376 6776 -7854 2779 -18351 END
START -3428 10916 5332 -1543 2022 -13097 END
START -2928 12796 5928 2167 492 -7960 END
START -2620 12604 6624 5552 -762 -2481 END
START -3016 11980 6988 6349 -2423 2836 END
START -3368 9940 6236 6754 -3609 7728 END
START -5080 8404 5832 5513 -5316 12897 END
START -7256 6436 3264 5494 -6720 19062 END
START -10088 1744 -1340 7810 -8530 26446 END
START -12196 -7532 -9396 9606 -8618 32767 END
START -13820 -23660 -20780 10958 -6007 32767 END
START -15920 -32768 -32768 8894 2259 32767 END
START -17952 -32768 -32768 4635 13837 26527 END
START -19232 -32768 -32768 6812 23375 15438 END
START -21044 -32768 -19360 5364 29823 2238 END
START -22952 -32768 1452 -1043 31887 -10008 END
START -22796 -32768 14092 -6309 26923 -19340 END
START -20128 -32768 16336 -9016 19948 -25234 END
START -16444 -25556 13836 -13032 17334 -28788 END
START -13488 -16276 11812 -12962 15366 -29762 END
START -9784 -7736 10324 -13387 13380 -28126 END
START -7196 -2240 8968 -13122 11303 -24930 END
START -5572 1668 6600 -9489 9534 -20979 END
START -4128 3920 4824 -6207 10215 -17589 END