START -7416 8404 -112 1953 383 19749 END
START -8720 2536 -3720 -522 190 23931 END
START -9140 -8028 -9928 6233 -364 29640 END
START -7828 -22432 -16924 15082 891 32767 END
START -7780 -32768 -18000 13648 7969 30419 END
START -12524 -32768 -14532 4500 12289 20290 END
START -14192 -32768 -5496 437 12806 8899 END
START -13828 -32768 -920 -2900 13328 -1537 END
START -12240 -32768 2872 -5357 13539 -11845 END
START -10456 -32768 5284 -9924 12453 -18879 END
START -8888 -25164 5816 -11038 10253 -21499 END
START -7156 -14508 5060 -10122 9262 -21133 END
START -5484 -7812 4868 -10619 9881 -20003 END
START -4936 -3244 5456 -8408 8490 -17868 END
START -3876 1724 5872 -5401 5362 -15471 END
START -2296 6572 3704 -2702 5088 -10395 END
START -3124 9804 4928 -879 4597 -6280 END
START -2980 9792 6932 1832 543 -1510 END
START -2968 9392 6368 4556 -1958 2954 END
START -3248 9848 6424 3635 -3401 7927 END
START -3392 9428 4476 2066 -5463 13420 END
START -4400 8072 1840 2576 -7178 19524 END
START -6968 4792 -2264 5027 -7820 25975 END
START -9248 -3632 -11464 4994 -8385 32533 END
START -11092 -18060 -24580 6274 -5049 32767 END
START -13680 -32768 -32768 9556 2212 32767 END
START -17704 -32768 -32768 14656 12277 29045 END
START -23268 -32768 -32392 16338 23388 17508 END
START -27228 -32768 -13560 13221 30651 3159 END
START -26596 -32768 1552 76 32138 -10473 END
START -25032 -32768 8492 -2683 26891 -19857 END
START -21244 -32768 8016 -1715 20883 -26321 END