START -5624 8188 16 4116 -47 17183 END
START -7224 4512 -1332 4285 4427 24009 END
START -8868 -3832 -5876 5899 1579 30552 END
START -8432 -18416 -12860 15013 -335 32767 END
START -9344 -32768 -18536 16588 8638 32767 END
START -13752 -32768 -13620 2319 15778 24118 END
START -14388 -32768 -5936 -1366 14812 10796 END
START -12320 -32768 3004 -2156 12107 -2824 END
START -10080 -32768 7648 -3839 9974 -14462 END
START -7976 -32768 7932 -11330 11087 -22333 END
START -6928 -26124 6976 -16931 9990 -25429 END
START -6420 -16344 5968 -15397 8553 -25113 END
START -5896 -10000 5068 -12913 7733 -22959 END
START -5136 -5392 6580 -12322 6230 -20367 END
START -4524 -2448 6588 -11441 6354 -18147 END
START -4028 60 6596 -9751 6133 -16205 END
START -3948 3816 6004 -7356 3997 -13083 END
START -3208 5092 5096 -2686 753 -8874 END
START -2924 6692 3524 2324 -311 -3890 END
START -2424 7364 3796 5432 -794 268 END
START -2372 7232 3688 6877 -1955 4555 END
START -2336 6808 3412 8629 -3866 8924 END
START -3532 7168 2632 7401 -5283 15140 END
START -4372 3760 -144 5616 -5651 21484 END
START -6236 -3468 -5948 9668 -7198 27357 END
START -7896 -13540 -15936 11656 -5567 31765 END
START -10052 -27464 -24824 10113 196 32480 END
START -13540 -32768 -29428 10095 6492 29461 END
START -13328 -32768 -27720 8204 12089 22272 END
START -13864 -32768 -20344 2953 16895 13267 END
START -15380 -32768 -13676 -1841 23408 261 END
START -16128 -32768 -4640 -8050 26045 -11365 END
START -15192 -32768 4164 -12381 25452 -20367 END
START -12868 -31376 10028 -14549 22735 -23483 END
START -10892 -20816 12072 -16386 18226 -22985 END
START -9280 -12120 11136 -16861 14176 -20593 END
START -8576 -8088 11168 -13294 12421 -18949 END
START -7028 -3380 10656 -12159 10113 -17812 END
START -5416 1072 8532 -10136 8612 -15764 END
START -3528 5128 8012 -6934 6619 -12716 END
START -2044 6404 7296 -2507 3618 -9506 END
START -1248 8332 6988 1022 759 -6572 END
START -1528 7992 6684 4035 -1950 -3712 END
START -804 6304 6496 7377 -5063 -596 END
START -1124 5116 6644 8680 -6603 2674 END