START -4616 -1192 -4204 1086 9333 13188 END
START -6196 -1612 -2312 2001 9360 15610 END
START -7268 -3784 -1964 6236 9995 20050 END
START -8760 -5640 -1240 8028 10805 23916 END
START -9884 -9480 308 7048 9096 25991 END
START -11724 -17028 1020 9527 8160 28491 END
START -12528 -26768 4628 23476 7566 29226 END
START -7968 -32768 11152 20571 4264 25836 END
START -3724 -32768 9376 2817 249 20219 END
START -3144 -32768 1156 349 -1066 11615 END
START -872 -32768 -4340 4470 -263 3161 END
START 860 -32768 -3588 1690 980 -4889 END
START -812 -32768 -3540 -5407 1917 -12014 END
START -2880 -32768 -3072 -9014 2513 -17131 END
START -3888 -29920 -2712 -8433 2827 -19645 END
START -4716 -24792 -2436 -7940 3064 -20297 END
START -5456 -21144 -2420 -8933 5576 -21666 END
START -6448 -17840 -412 -7244 6489 -21534 END
START -6280 -12992 132 -6043 6098 -20586 END
START -5080 -9380 1320 -6482 5541 -19056 END
START -3736 -5064 2028 -7166 5181 -16431 END
START -2988 -2904 1520 -5830 4606 -12769 END
START -2548 -652 1888 -5730 3423 -9911 END
START -2272 156 776 -6306 3149 -6540 END
START -2144 1224 1452 -5844 2999 -3833 END
START -2608 732 1408 -2677 2024 -465 END
START -2936 1136 1816 -201 533 2597 END
START -2996 376 1940 1678 -415 5232 END
START -3096 928 1432 2560 -633 8307 END
START -2800 -144 1108 3911 -1275 11457 END
START -2828 -1828 -580 5862 -1949 15137 END
START -3396 -4072 -836 8767 -873 18264 END
START -3920 -5524 -1020 9636 -786 22386 END
START -4112 -10760 -372 10168 -855 26158 END
START -4908 -17696 -2280 7763 -1453 28604 END
START -7996 -27504 -6688 6947 926 27700 END
START -8348 -32768 -7444 5461 3884 25693 END
START -7332 -32768 -7504 4682 5134 19987 END
START -5984 -32768 -5396 8787 5682 12256 END
START -4276 -32768 -4584 4023 6395 5746 END
START -4336 -32768 -4000 -2663 7835 -2672 END
START -5320 -32768 -644 -171 7460 -8725 END
START -5452 -32768 1004 -3626 6157 -13738 END
START -5576 -32420 1644 -4834 5936 -17412 END
START -5192 -27936 3432 -5677 5501 -19635 END
START -5796 -24368 5228 -7333 3396 -21300 END
START -6372 -20688 5384 -8459 1262 -22206 END
START -6504 -17644 4512 -8545 1299 -21253 END
START -5848 -13672 5216 -8539 2048 -21338 END
START -4948 -11080 4568 -8572 444 -20890 END
START -4244 -7700 3616 -8729 -143 -19174 END
START -3924 -6332 4016 -6985 -758 -17178 END
START -3696 -4024 3800 -6300 -2418 -15149 END
START -2788 -2304 3928 -5226 -3953 -13523 END
START -1500 -816 3112 -4071 -6260 -10417 END
START -696 240 1372 -2972 -7638 -7933 END
START 256 876 -1608 -2989 -8789 -3821 END
START 1904 96 -5260 -3594 -9353 -310 END
START 3480 -2940 -10380 -3804 -10123 3169 END
START 4544 -6116 -18156 -2921 -9759 6529 END
START 5568 -8732 -26292 -2558 -3562 8599 END
START 6572 -9924 -30480 -3759 5883 10313 END
START 6232 -12420 -31460 -4580 13748 12091 END
START 6616 -12420 -32768 -2960 24634 14618 END
START 3944 -13752 -26040 -3215 32767 17334 END
START 1400 -17444 -13832 9029 32767 19969 END