START 2656 -7244 -10380 -811 7448 -3283 END
START 900 -6092 -8700 -1033 9964 -1023 END
START -884 -5212 -6092 -1311 9451 -1271 END
START -484 -4688 -4440 -100 8303 2052 END
START -872 -4024 -3992 5616 9684 4264 END
START -1972 -904 -1320 8237 9464 5859 END
START -1444 -968 1768 7084 6801 8780 END
START -1592 4 3332 5949 4354 12829 END
START -1124 -1652 2712 5206 1511 17115 END
START -1764 -4768 424 8823 49 20661 END
START -2868 -7808 -756 12033 62 22643 END
START -4248 -11016 -620 13788 1351 24689 END
START -4640 -15780 776 13655 1929 25896 END
START -5532 -21552 388 16010 2781 26561 END
START -5136 -26804 -40 16839 4581 24990 END
START -3432 -31960 896 17820 5995 21663 END
START -556 -32768 2216 17153 5710 18534 END
START 1196 -32768 1376 11570 3257 14483 END
START 2364 -32768 28 8289 2575 7748 END
START 3356 -32768 -1292 1830 1183 990 END
START 2264 -32768 -4772 -5100 343 -5472 END
START 980 -32768 -7080 -9275 2274 -11689 END
START -1244 -32768 -6788 -11621 6293 -17534 END
START -3208 -29984 -3492 -13188 8140 -21121 END
START -4016 -25240 -652 -11399 8231 -23579 END
START -5284 -19008 1616 -10605 6971 -23639 END
START -5536 -15408 1168 -11683 6199 -21660 END
START -5076 -11976 1560 -11408 6861 -20977 END
START -4692 -7936 2084 -10989 6797 -19201 END
START -3476 -4780 2172 -9510 5614 -15841 END
START -2276 -2152 2196 -6517 4251 -12373 END
START -1324 -620 1884 -4046 2557 -8662 END
START -1460 360 1840 -2952 1131 -5083 END
START -1244 572 1592 -1683 1267 -2120 END
START -1732 672 2192 -927 508 1461 END
START -1372 452 1916 -2 -856 5358 END
START -1208 -536 172 371 -1977 8660 END
START -904 -2052 -1112 3061 -2356 11260 END
START -856 -3560 -2444 6515 -2174 14168 END
START -1372 -5184 -3200 8593 -356 16842 END
START -2216 -7488 -3288 8934 951 19819 END
START -2612 -11276 -2284 11405 1312 22750 END
START -3480 -14684 -3148 14363 2384 25037 END
START -4568 -19164 -3956 12798 5959 25218 END
START -5184 -22620 -3024 7500 8384 25661 END
START -4884 -30128 -1848 7468 7210 24788 END
START -3432 -32768 -1036 14540 4443 22422 END
START -2860 -32768 -488 17502 2591 18250 END
START -1932 -32768 -2172 9647 3479 11641 END
START -1132 -32768 -4136 -3042 5380 3247 END
START -2452 -32768 -3916 -6164 7957 -6285 END
START -3276 -32768 -4796 -4447 8313 -14753 END
START -5460 -32768 -5984 -4178 9936 -22299 END
START -9676 -32768 -5824 -4083 16053 -31605 END
START -14240 -32768 -4012 -3922 22359 -32768 END
START -18108 -30844 1512 942 26390 -32768 END
START -16624 -21424 1464 319 25459 -32768 END
START -16428 -13188 2680 5853 29968 -32768 END
START -15924 -5104 5944 5031 24915 -32768 END
START -13184 3852 6456 5833 19797 -32768 END