START -2116 1552 -88 -1340 3358 1721 END
START -1860 192 432 -861 3585 4807 END
START -2912 -1316 640 1794 3974 8806 END
START -4992 -1024 1172 8003 4566 13008 END
START -5432 -1764 1856 11139 3090 16650 END
START -6148 -5368 992 12873 1960 21242 END
START -6196 -9204 56 14885 2720 24925 END
START -7652 -12812 236 11779 3369 26657 END
START -7896 -19596 332 9857 1119 28413 END
START -9348 -26672 -136 18217 2966 28285 END
START -8724 -30384 1176 23339 3926 25676 END
START -6736 -32768 456 18012 4695 21308 END
START -4124 -32768 208 12276 7055 16298 END
START -924 -32768 4560 11691 7944 11185 END
START 352 -32768 5476 6775 2867 6415 END
START 136 -32768 3300 -1367 -276 1363 END
START -160 -32768 -668 -7777 1497 -5959 END
START -1992 -32768 -528 -9054 4299 -13135 END
START -3324 -32420 2948 -7417 4336 -17792 END
START -4528 -26548 4748 -7965 2895 -20184 END
START -5640 -22620 4820 -9088 2676 -21800 END
START -6968 -18832 4580 -11068 2286 -22521 END
START -6764 -16248 3288 -11386 2189 -22049 END
START -6192 -13284 2044 -9674 2605 -21012 END
START -5896 -10172 2112 -7160 2998 -19647 END
START -5044 -7020 2996 -5670 2724 -17712 END
START -3796 -4712 2848 -5670 1906 -14981 END
START -2980 -3056 2832 -5784 845 -12344 END
START -2012 -1052 1800 -5119 797 -8148 END
START -1916 76 2084 -2890 1285 -4175 END
START -1292 776 1548 -2458 516 -22 END
START -1292 592 1076 -1319 -484 4009 END
START -2304 40 -160 425 -737 8694 END
START -2872 -2752 -780 3828 -39 11859 END
START -3116 -4136 -812 5644 418 14906 END
START -5044 -5632 3076 8376 1802 18185 END
START -4540 -7928 1556 10255 2086 20605 END
START -4760 -12484 516 11085 2760 22272 END
START -4616 -16632 -288 10613 5709 22626 END
START -6028 -20432 412 11867 7433 22425 END
START -5192 -25624 1960 11518 8027 21490 END
START -5040 -29800 2056 10976 9287 18923 END
START -4632 -32768 1800 11887 8972 15978 END
START -4284 -32768 3368 15587 7280 11750 END
START -3116 -32768 5552 9894 5274 6505 END
START -1372 -32768 2840 374 3399 521 END
START -2352 -32768 1216 -4289 2606 -5284 END
START -3420 -32768 168 -4487 2577 -11048 END
START -4296 -32768 864 -4561 3425 -15970 END
START -5856 -30244 3172 -3742 3003 -19201 END
START -6508 -26216 4836 -5439 2045 -21941 END
START -7272 -23580 3900 -7675 580 -23656 END
START -7448 -22056 -1296 -7569 3192 -25092 END
START -7956 -18388 -3828 -7173 6969 -26951 END
START -6376 -13600 -5164 -6457 10975 -26909 END
START -5248 -9244 -2648 -4909 14314 -25784 END
START -4260 -4936 -864 -4577 16059 -22613 END
START -2236 -2376 1876 -4823 16979 -17126 END
START -1376 -3536 4884 -3013 17718 -12030 END