START -3808 648 -9112 13371 1148 23488 END
START -6416 -13036 -14236 15001 8762 29709 END
START -5624 -25072 -13384 14018 12221 28745 END
START -6292 -32768 -8332 8959 11285 27723 END
START -7092 -32768 -7432 -4384 11796 18951 END
START -10112 -32768 -4816 -5717 14823 7021 END
START -10832 -32768 1268 -2254 16720 -5771 END
START -9408 -32768 9928 -7742 16728 -16044 END
START -8948 -32768 13872 -11660 12807 -21975 END
START -6640 -21704 12160 -11972 8457 -23434 END
START -5884 -13104 9944 -12190 6025 -22349 END
START -5424 -8172 8376 -12132 4399 -21617 END
START -4548 -3656 7228 -10537 4153 -20516 END
START -2996 784 5932 -8766 3452 -16726 END
START -2808 3892 5092 -5315 1504 -13337 END
START -2120 5600 4116 -1430 122 -9246 END
START -2356 6520 3172 974 287 -5044 END
START -2868 6776 3984 1406 -1257 599 END
START -3224 5900 4144 3770 -3198 5033 END
START -3480 4524 3432 5934 -4954 9585 END
START -4108 4616 1196 5870 -5202 13883 END
START -4488 2060 -2740 2669 -4681 19598 END
START -5572 -4396 -9240 5006 -4312 25092 END
START -6528 -12656 -16696 8805 -2777 29492 END
START -7552 -23748 -24136 10099 2421 31176 END
START -8652 -32768 -29724 8235 7796 30144 END
START -11464 -32768 -31292 7333 14611 24500 END
START -15044 -32768 -27436 6111 24222 13956 END
START -18928 -32768 -13992 2403 31874 -248 END
START -21608 -32768 5204 -4523 32767 -14698 END
START -21400 -32768 16464 -7127 27521 -24937 END
START -18064 -32768 18216 -5513 20453 -30682 END
START -13136 -21416 16148 -11780 16986 -32768 END
START -10032 -12244 13672 -15587 14308 -32386 END
START -7584 -5496 11380 -13318 11477 -30267 END
START -4852 -248 9012 -9847 8484 -26557 END
START -3172 2972 7276 -5378 6815 -22157 END
START -1892 5860 6624 -4005 5492 -18415 END
START -784 7148 6108 -3885 3519 -13768 END
START -4 7752 6228 -3565 1010 -9545 END
START 384 7800 6136 -1737 -2646 -5491 END
START 832 7192 5416 2675 -6190 -1443 END
START 1828 6940 4700 4064 -7864 3102 END