START -5900 9056 3216 -523 -3737 11936 END
START -6244 7592 200 770 -2550 19210 END
START -8188 4368 -876 3542 -2724 24601 END
START -11788 2068 -3244 5239 -2021 29233 END
START -14816 -9600 -8096 1203 -2339 32767 END
START -14716 -28684 -16668 9785 -704 32767 END
START -11476 -32768 -18820 17411 6300 32767 END
START -12088 -32768 -10176 10089 14562 24895 END
START -16576 -32768 -424 2100 18247 8865 END
START -17056 -32768 9536 -930 16937 -7877 END
START -12376 -32768 14536 -5086 13131 -20017 END
START -9984 -32768 12436 -11152 11620 -26417 END
START -9996 -27036 9820 -13050 11070 -30115 END
START -9884 -16324 7356 -12799 10742 -31191 END
START -9428 -7652 7816 -8965 9430 -29704 END
START -8244 720 8120 -5403 6743 -26478 END
START -6876 7244 6296 -4091 5137 -21788 END
START -6300 10996 6076 -1073 4101 -16224 END
START -6060 14316 7012 2663 2228 -9670 END
START -4812 16112 8100 2107 -120 -3886 END
START -4176 14320 6892 1901 -3679 2137 END
START -3236 12812 4188 4585 -6300 9698 END
START -3532 10928 1396 4617 -4937 15154 END
START -4628 8356 116 3949 -4843 21502 END
START -6088 3212 -2612 6446 -5840 29561 END
START -8540 -9296 -11292 9046 -4569 32767 END
START -10524 -27652 -20352 12296 -1843 32767 END
START -13016 -32768 -28048 10754 8348 32767 END
START -18836 -32768 -27996 2720 20321 24228 END
START -23104 -32768 -17452 1264 25751 9398 END
START -24248 -32768 -1380 3744 24485 -5124 END
START -22036 -32768 13660 608 19527 -16855 END
START -18640 -32768 16036 -7413 13254 -25003 END
START -14908 -30572 10588 -15267 14275 -31123 END
START -12452 -19340 9924 -16784 14165 -32768 END
START -10104 -9484 7928 -11563 10961 -30460 END
START -6564 -2352 6872 -9607 8883 -27255 END
START -4608 3004 4740 -9392 9125 -23710 END
START -3628 7328 4756 -6177 8447 -18944 END
START -2268 9704 4700 -2225 6088 -13577 END
START -2100 10032 5072 1440 3364 -9100 END
START -1812 9320 5168 3300 1116 -5627 END
START -1452 8208 5724 5114 -254 -2203 END
START -844 6812 6336 3504 -2493 2663 END