START -9916 19072 11260 -159 -2389 11293 END
START -7396 14108 6592 -4697 -6575 20762 END
START -8816 11316 880 -4752 -9195 29919 END
START -11600 2336 -7804 49 -6566 32767 END
START -11976 -11028 -17180 8992 -4905 32767 END
START -9824 -26208 -25176 17488 994 32767 END
START -13720 -32768 -20600 20013 7083 32767 END
START -22516 -32768 -12520 14723 15924 24075 END
START -24372 -32768 -3436 -1686 19436 8671 END
START -21108 -32768 -1316 -2259 18857 -3979 END
START -16348 -32768 704 1753 14305 -12807 END
START -14124 -32768 2348 35 11659 -19855 END
START -12152 -24196 3812 -3745 10717 -22559 END
START -10684 -16396 5172 -4813 11369 -24396 END
START -9272 -8660 7264 -4863 9669 -24442 END
START -6504 -3448 7412 -4892 7193 -21359 END
START -4484 412 6060 -5541 5209 -18264 END
START -3076 3344 4236 -3521 3066 -15288 END
START -1188 8332 1256 -1079 2615 -11406 END
START -16 10764 1768 510 2381 -6319 END
START -804 9756 2128 3369 -672 -244 END
START -1428 9476 2440 6422 -2024 4044 END
START -2980 8660 3992 4763 -1687 9048 END
START -3492 8184 3356 3557 -4034 14746 END
START -3972 6636 664 1124 -6773 21631 END
START -5996 656 -7008 -1123 -6417 27583 END
START -8872 -11504 -18780 748 -4403 32474 END
START -9612 -27328 -32288 6630 38 32767 END
START -13640 -32768 -32768 8345 10807 31154 END
START -23432 -32768 -32088 9787 21550 22115 END
START -28192 -32768 -12356 12174 25921 8888 END
START -27256 -32768 6516 8739 21983 -5098 END
START -22636 -32768 10720 -179 16868 -16718 END
START -19316 -32768 11288 -6098 12387 -24410 END
START -14652 -26712 6844 -8359 12254 -28207 END
START -11676 -15860 6228 -9117 12270 -29976 END
START -8240 -7692 4760 -9563 11141 -29224 END
START -6092 -1832 4668 -10102 10306 -26873 END
START -4172 1396 4068 -9079 8601 -24992 END
START -1688 6024 4228 -9293 5819 -20006 END