START -5180 6680 5928 720 -153 6157 END
START -6324 7176 6604 -1684 -3579 10575 END
START -8280 5632 980 -2328 -2885 15720 END
START -8256 -808 -2716 -1186 -2854 18855 END
START -9268 -7388 -8764 7977 -1944 22634 END
START -7292 -18120 -13656 14358 -124 25222 END
START -6116 -30048 -14072 18077 3250 26788 END
START -6924 -32768 -10420 7623 6572 22193 END
START -8088 -32768 -6376 552 6916 15373 END
START -7892 -32768 -4836 -1258 5295 9338 END
START -4700 -32768 -7040 -4385 8263 3374 END
START -2760 -32768 -4188 -5776 12181 -3947 END
START -3128 -32768 2252 -6671 12493 -8895 END
START -2292 -29792 6604 -10486 11475 -13143 END
START -2948 -23400 6436 -13609 10221 -15170 END
START -4008 -17016 5740 -11906 8937 -15199 END
START -3756 -11740 5700 -10505 7252 -14828 END
START -3440 -7092 5028 -9701 7895 -13883 END
START -3236 -2764 5448 -9085 6899 -12990 END
START -2808 -320 5636 -4829 3659 -10642 END
START -2736 3112 4780 -1462 1516 -6888 END
START -3140 4504 5304 -455 785 -3637 END
START -3824 5360 5948 1133 -2113 -269 END
START -3072 6204 5348 2804 -5285 3504 END
START -2144 7628 1744 809 -6406 9626 END
START -2940 6000 -1364 813 -5951 14911 END
START -6456 3616 -2800 4480 -6711 19600 END
START -8420 -2496 -6232 6108 -8779 25010 END
START -10088 -13088 -15880 6195 -9586 29660 END
START -12332 -28532 -29348 5691 -4673 30443 END
START -12732 -32768 -32768 9995 4325 27198 END
START -13588 -32768 -32768 7791 14768 20361 END
START -15552 -32768 -22488 1053 21557 9511 END
START -17968 -32768 -7880 -2050 24046 -1735 END
START -18160 -32768 5080 -3113 21615 -11759 END
START -15648 -32768 8928 -7182 18349 -20585 END
START -11832 -28608 9836 -12552 16377 -24818 END
START -9864 -17632 8640 -12810 13645 -25795 END
START -6772 -10052 6376 -13680 11893 -24028 END
START -4844 -4472 5816 -12023 10161 -21764 END
START -3040 -64 5060 -9232 9468 -18160 END
START -2284 2704 3904 -8527 7795 -15216 END
START -1304 4176 2744 -4297 5791 -12142 END
START -296 5952 2456 -1057 4928 -9448 END
START -244 6196 2808 392 4408 -6428 END
START 340 4648 4116 1348 2478 -3376 END
START -204 3696 4916 1684 239 -1 END