START -4952 320 -1504 2754 6717 13711 END
START -5656 -1484 1380 4436 7650 19491 END
START -8244 -2828 4512 2886 6943 28002 END
START -12644 -10884 4916 5361 4716 32767 END
START -12588 -21172 5320 12702 3374 32767 END
START -9856 -27284 1236 11069 3432 32767 END
START -8528 -30908 1168 10038 1202 27861 END
START -3764 -32768 -1884 11075 -669 24608 END
START -2140 -32768 -4596 12026 1571 19259 END
START -532 -32768 -2848 3854 3070 10140 END
START 600 -32768 -1712 -4966 3054 555 END
START -1024 -32768 -2196 -6693 1395 -6883 END
START -1552 -32768 -3892 -7270 3655 -14187 END
START -3340 -32768 -1524 -9080 6458 -20964 END
START -5592 -30900 1476 -7501 6684 -24595 END
START -7896 -24476 3844 -6141 4296 -25469 END
START -8396 -19256 4568 -7048 2145 -25491 END
START -8760 -15292 3208 -7539 3270 -25468 END
START -8900 -11284 3920 -6970 3174 -25050 END
START -7344 -7128 4280 -5144 912 -21891 END
START -5488 -3112 3160 -5236 -204 -18411 END
START -3676 -1092 1664 -5585 426 -15544 END
START -2656 1088 1876 -4490 1219 -12440 END
START -2152 2148 2356 -1723 -5 -8599 END
START -1380 3444 1276 44 -1590 -2603 END
START -1892 2264 820 1470 -1220 1426 END
START -2176 -324 2048 1364 -1080 4145 END
START -2304 -1284 1548 1722 -2798 7134 END
START -928 -1996 -540 3403 -2948 11557 END
START -1272 -3072 -1804 5818 -1408 14694 END
START -2748 -5868 -1636 7577 -241 17740 END
START -3264 -8628 -2116 8781 74 20727 END
START -2952 -11996 -5044 10228 1442 23606 END
START -3672 -15920 -7296 10267 5041 25043 END
START -4192 -19196 -7268 8303 8846 25795 END
START -3156 -24424 -4896 6657 9638 25971 END
START -4328 -31948 -4212 8015 9104 25258 END
START -5160 -32768 -3932 8586 8287 22561 END
START -3252 -32768 -2908 4915 10085 15287 END
START -3612 -32768 600 -467 10680 5857 END
START -4644 -32768 2772 -4129 9515 -4204 END
START -5044 -32768 6152 -3046 7688 -13137 END
START -4476 -32768 6528 -5479 6320 -20008 END
START -6296 -32632 6324 -8419 5156 -24852 END
START -8264 -25380 7016 -8089 4188 -26977 END
START -9776 -20188 8164 -5839 2596 -27960 END
START -9484 -14736 7544 -5554 43 -27807 END
START -8200 -10380 6292 -6351 -882 -26658 END
START -7204 -7356 4412 -5035 -1940 -24455 END
START -5264 -4480 2952 -2220 -2511 -22227 END
START -4148 -1840 2020 -928 -3562 -19046 END
START -3388 952 2092 671 -5680 -15061 END
START -2116 1164 1256 2798 -6948 -11029 END
START -1352 1760 928 5499 -8249 -5976 END
START 600 2792 -1816 4229 -9374 -1425 END
START 1548 1616 -4948 -704 -8326 2542 END
START 3080 -1604 -11056 -2673 -5432 5944 END
START 5212 -5984 -17992 -215 -3793 10465 END
START 6584 -12652 -27880 5299 1956 12457 END
START 7444 -17008 -30576 8678 13000 10133 END
START 6924 -20856 -28704 8452 23779 8444 END
START 4356 -24732 -21280 15426 32767 8045 END