START -28 3404 728 2500 5450 3626 END
START -1864 3780 356 4728 5548 7766 END
START -3736 6116 616 2303 11031 11800 END
START -5972 4876 4160 -3862 10447 14548 END
START -7784 2672 5512 445 6728 19903 END
START -9112 2344 5876 3437 3687 26164 END
START -10324 -1888 5004 2409 847 31863 END
START -11540 -8788 1020 4232 -1836 32767 END
START -11412 -18612 -3760 10046 -2176 32767 END
START -10228 -28772 -6000 14350 991 32767 END
START -8664 -32768 -3780 7351 4055 31903 END
START -9432 -32768 -6864 3710 5677 24825 END
START -9872 -32768 -6996 6411 8552 16168 END
START -7176 -32768 -2688 7074 9249 7677 END
START -5344 -32768 1332 3189 8393 15 END
START -6200 -32768 2660 -2520 6632 -6253 END
START -6456 -32768 1764 -5445 6013 -11967 END
START -6828 -32768 1872 -5862 6398 -16621 END
START -7228 -27884 2312 -3660 5843 -20168 END
START -7880 -22172 2576 -4076 4637 -22388 END
START -7440 -18596 2048 -6309 4707 -23128 END
START -7836 -16096 1912 -5141 5652 -23271 END
START -7828 -12300 3540 -2163 4056 -23038 END
START -6452 -8216 3368 -2655 2345 -21367 END
START -5120 -5228 2516 -4111 2193 -19074 END
START -3620 -2984 2076 -5336 2469 -16246 END
START -2648 -1032 1832 -4654 1673 -13663 END
START -1412 1324 1012 -3812 1024 -9484 END
START -772 2100 1400 -2424 554 -5507 END
START -748 3172 1836 -549 -794 -1170 END
START -880 3652 1860 -492 -1550 3400 END
START -1180 2456 452 -1333 -533 7925 END
START -1868 968 668 752 -935 12116 END
START -2392 -524 -252 3242 -1577 16766 END
START -3144 -2368 -1016 4689 -1004 21350 END
START -4516 -5728 -2220 5601 -80 25027 END
START -6392 -11140 -2800 7693 1196 27832 END
START -7452 -15300 -2108 7102 3003 29265 END
START -8404 -22584 -3120 4004 4407 29661 END
START -9952 -31852 -3316 6448 4000 27977 END
START -9756 -32768 -2756 8830 4659 23917 END
START -9240 -32768 -572 7953 5262 19049 END
START -7860 -32768 -460 2907 4240 11761 END
START -6536 -32768 -2836 -2355 4068 3242 END
START -6924 -32768 -3132 -739 4006 -3508 END
START -7248 -32768 -2668 -1958 3088 -10386 END
START -7248 -32768 -4192 -4911 4395 -15349 END
START -7616 -32768 -3148 -7415 6455 -20046 END
START -8568 -29228 -2936 -6353 6710 -22605 END
START -9196 -24924 -2180 -5492 8213 -24314 END
START -9528 -23244 -1344 -4658 9349 -25140 END
START -9764 -19904 -512 -3909 9920 -26360 END
START -9444 -16920 872 -4086 10489 -27444 END
START -8932 -13540 1512 -3380 11021 -27645 END
START -8216 -10696 3148 85 11097 -26224 END