START -360 4936 -3528 -5597 6325 -6291 END
START -2232 7672 -880 -2383 8381 -1348 END
START -2960 8304 756 787 8322 3874 END
START -3548 9164 4108 3547 7458 9628 END
START -5940 8264 5972 4548 5972 15234 END
START -8040 5952 7508 5421 4357 21181 END
START -9960 1808 8252 4312 1858 26483 END
START -10936 -3820 6696 6551 -1384 30792 END
START -10544 -10248 1480 10178 -2696 32767 END
START -9768 -20336 -3588 13006 -2049 32767 END
START -9160 -30356 -5276 14685 2455 32767 END
START -8392 -32768 -5136 5160 3221 29912 END
START -9120 -32768 -6860 3056 3088 22808 END
START -8668 -32768 -5552 7230 7030 15043 END
START -7912 -32768 -1732 -352 8435 6495 END
START -8344 -32768 -712 -4590 7038 -1495 END
START -8544 -32768 -312 -5007 6239 -9773 END
START -8416 -32768 480 -8423 7213 -15753 END
START -7436 -29068 1268 -12114 6499 -19218 END
START -6520 -24016 480 -10686 6585 -20484 END
START -7808 -20164 616 -8622 6499 -21096 END
START -8196 -16176 212 -7880 6989 -21763 END
START -8040 -12700 1584 -7419 7744 -22217 END
START -7092 -8632 2732 -5363 7202 -21634 END
START -5852 -3160 2160 -3763 6407 -18803 END
START -3936 -1136 2436 -3974 6729 -16066 END
START -3368 772 3072 -5019 5148 -13667 END
START -2820 2908 2724 -1202 2476 -10170 END
START -2120 4072 1532 1540 2066 -5036 END
START -1660 4656 2296 2557 1865 -1113 END
START -1464 4064 2628 2279 505 2729 END
START -1912 4268 2816 4862 -691 7650 END
START -2740 3244 2304 4649 -2554 12984 END
START -3888 820 120 5820 -2332 17812 END
START -4680 -2304 -904 7413 -1933 22808 END
START -5808 -7304 -2200 8669 -2950 27449 END
START -6320 -14908 -5980 9246 -2950 31442 END
START -7580 -24932 -10720 8489 -634 32511 END
START -8560 -32768 -13332 6111 2927 30206 END
START -9180 -32768 -13124 3726 4566 25608 END
START -10664 -32768 -12436 4815 6391 18313 END
START -10840 -32768 -7356 6714 11879 6100 END
START -11232 -32768 584 185 12966 -4649 END
START -9972 -32768 4808 -5456 10738 -12143 END
START -8292 -32768 4964 -7173 7955 -16886 END
START -7876 -30980 2116 -8125 7181 -20104 END
START -8508 -26824 148 -7368 8235 -23413 END
START -8688 -22984 216 -6579 9913 -26315 END
START -8448 -18696 2316 -5394 11712 -28168 END
START -10224 -14788 4836 -5383 11127 -29480 END
START -10672 -11668 6096 -1941 7858 -29115 END