START -7340 8744 528 5806 1066 18366 END
START -8012 2708 -3248 2447 3007 27105 END
START -9452 -12448 -9284 5780 401 32767 END
START -11540 -31148 -17632 12604 2877 32767 END
START -11940 -32768 -19212 4911 9560 31252 END
START -10948 -32768 -15752 964 12697 18404 END
START -9720 -32768 -7176 4020 12501 5978 END
START -9920 -32768 620 2942 13909 -6117 END
START -9872 -32768 6664 -5884 17262 -17896 END
START -9208 -32768 9080 -11352 15122 -23428 END
START -8176 -21952 8928 -12663 11882 -23840 END
START -7432 -13784 9012 -12790 9482 -23333 END
START -6648 -7368 8504 -11621 7513 -22534 END
START -5384 -3240 8356 -10800 6144 -19797 END
START -4700 -716 7812 -8344 3860 -16616 END
START -4320 1924 6428 -6131 2064 -13189 END
START -3748 4684 5368 -3540 1797 -9992 END
START -3716 6836 4348 -922 1305 -5424 END
START -3884 8164 4064 1541 -971 -644 END
START -3528 6764 2684 3860 -1812 3972 END
START -3780 5216 2152 4991 -1644 8109 END
START -4612 4800 2480 7204 -2654 12377 END
START -5348 3020 1040 7564 -6110 18842 END
START -5564 -3172 -6000 9681 -5834 25563 END
START -5832 -13740 -15096 9569 -5255 30831 END
START -7480 -28592 -26588 8906 -113 32404 END
START -9992 -32768 -30400 7600 7256 28602 END
START -10956 -32768 -29192 6134 13826 20971 END
START -12476 -32768 -21368 4148 18304 11806 END
START -14324 -32768 -12944 -388 22426 917 END
START -17364 -32768 -3316 -9168 26471 -11406 END
START -18648 -32768 6200 -10838 26568 -20594 END
START -16464 -31172 11164 -10442 23013 -25314 END
START -12968 -19048 13176 -10018 18588 -27128 END
START -8992 -8304 12332 -10402 15147 -25238 END
START -5688 -3064 10656 -12304 11725 -22232 END
START -3384 388 8168 -10837 9651 -18261 END
START -2028 1804 7096 -8718 8299 -15381 END
START -1236 3672 6236 -4968 5807 -12294 END
START -392 4696 5612 -2684 3468 -9493 END
START -424 5676 5792 -2100 1562 -5801 END
START -720 4444 6968 142 -484 -3019 END
START -552 4264 7796 563 -3150 -147 END
START -668 3236 8552 -711 -5705 3185 END