START -5380 6392 -436 -922 -11244 18303 END
START -5544 728 -8072 302 -2961 21938 END
START -7796 -5524 -12744 2861 911 24867 END
START -8348 -14248 -17796 8032 -708 29491 END
START -8144 -26936 -26404 17441 6757 32767 END
START -10748 -32768 -20744 10111 17444 28721 END
START -17352 -32768 -8244 2912 17861 19893 END
START -18620 -32768 880 1218 17531 6717 END
START -16024 -32768 10700 -6269 18746 -6436 END
START -12736 -32768 13916 -13167 15732 -16751 END
START -9640 -32768 10588 -16535 11757 -22397 END
START -7288 -24260 6064 -17734 11292 -24238 END
START -6892 -14852 4188 -16783 12572 -25056 END
START -6840 -5904 6256 -14755 11375 -23938 END
START -4864 732 6020 -10952 8533 -19724 END
START -3536 5620 4952 -6962 6861 -14409 END
START -3536 7272 4632 -3532 7058 -9938 END
START -4540 8072 7604 -1726 4681 -6629 END
START -4224 8416 8372 1585 -19 -2348 END
START -3696 8752 7024 1413 -3028 1856 END
START -4048 6432 5540 2587 -4931 5332 END
START -3932 5292 4136 5521 -6970 9168 END
START -5324 4488 3340 7292 -7879 13077 END
START -7420 3132 3420 5689 -10340 18242 END
START -10012 -1972 -2876 7557 -12494 24051 END
START -11620 -9312 -13148 9439 -13814 30491 END
START -13664 -22388 -26284 7110 -9615 32767 END
START -16044 -32768 -32768 6572 -1426 32635 END
START -17804 -32768 -32768 6892 9223 27197 END
START -19140 -32768 -32768 4755 19278 21154 END
START -22216 -32768 -27356 1671 32702 9294 END
START -23116 -32768 -11580 -7383 32767 -3061 END
START -23032 -32768 -1312 -9740 32767 -12389 END
START -21904 -32768 8324 -3228 31386 -18974 END
START -18108 -26568 12688 -7871 27882 -24796 END
START -13640 -14508 14148 -14119 23229 -25808 END
START -9616 -7200 12276 -12841 18135 -22302 END
START -6212 -1544 9124 -8407 13370 -19491 END
START -3708 2608 6696 -5540 10875 -16241 END
START -3244 5068 5176 -2380 9977 -13536 END
START -2708 4856 5508 782 8568 -12058 END
START -2072 4808 6284 2888 5656 -9201 END
START -1928 5184 6808 1156 807 -5350 END