START -2872 -2124 1824 6249 3337 7455 END
START -2496 -3848 1124 7640 3917 11206 END
START -4236 -2908 4184 13377 5656 15170 END
START -5032 -2872 5556 14700 3858 20622 END
START -6312 -8624 3396 15071 1577 23646 END
START -6356 -14836 1556 18030 3032 25906 END
START -5272 -20800 616 14346 4109 26509 END
START -5456 -28576 -312 10831 4497 25261 END
START -5552 -32768 -920 12265 5306 22389 END
START -4024 -32768 -1152 12190 6144 18389 END
START -2428 -32768 -1704 6357 7429 13608 END
START -856 -32768 -3492 388 7951 8475 END
START -704 -32768 -3128 1626 8826 2775 END
START -3372 -32768 -128 3889 8613 -3475 END
START -4976 -32768 2908 -450 7509 -9793 END
START -5804 -32768 4856 -8121 7093 -15400 END
START -5840 -28620 5652 -8476 4811 -18691 END
START -5756 -23600 4448 -7413 3775 -19816 END
START -6700 -20636 4100 -7327 2863 -20766 END
START -7172 -16316 3208 -7375 2823 -21044 END
START -6968 -11916 3608 -7907 2374 -20086 END
START -5968 -7660 2788 -5678 3047 -18512 END
START -4668 -4080 3192 -5329 3285 -16547 END
START -3528 -2040 3416 -5414 1972 -13593 END
START -2524 -892 2216 -3659 1283 -9901 END
START -2376 1060 2388 -2155 1178 -6133 END
START -2304 -304 1944 -2083 174 -2208 END
START -2528 -1540 2364 -51 -623 922 END
START -1672 -1688 1760 1688 -579 4118 END
START -1560 -3264 888 3272 -225 7623 END
START -1784 -5176 -1488 4262 518 10620 END
START -1264 -6852 -2760 6171 810 13236 END
START -3520 -8420 -772 9102 3002 15186 END
START -3892 -11728 -656 10531 4341 16648 END
START -4772 -14236 372 12768 5452 18056 END
START -4564 -18068 624 14067 6730 19593 END
START -4504 -22160 1284 13766 8958 19221 END
START -4788 -26384 3464 12763 8171 18344 END
START -3204 -31872 6180 11741 6983 16596 END
START -744 -32768 3656 7740 5035 13725 END
START -332 -32768 2072 2251 3496 9220 END
START -288 -32768 -680 -1801 3954 2733 END
START -936 -32768 -616 -4848 6232 -3830 END
START -1232 -32768 -1368 -4999 6990 -9991 END
START -2632 -32768 -8 -6486 7778 -15465 END
START -5700 -32768 -756 -5788 9808 -21228 END
START -8292 -31484 524 -5976 11742 -26418 END
START -10120 -27604 940 -5166 12524 -29685 END
START -11608 -21972 1788 427 15254 -32589 END
START -10920 -14948 5140 2605 14537 -32549 END
START -10296 -9460 8924 3419 13898 -30129 END