START -5972 7268 280 -1260 -6603 20071 END
START -7980 4388 -1820 -5400 -4016 26974 END
START -8176 -5976 -11712 -6951 -8249 32621 END
START -8664 -22420 -26712 5545 -9286 32767 END
START -7936 -32768 -29560 19812 1148 32767 END
START -11196 -32768 -22224 12602 10459 26924 END
START -14968 -32768 -14180 2419 14720 16275 END
START -14636 -32768 -10188 -2610 17570 5685 END
START -13800 -32768 -3012 -141 18422 -4150 END
START -11424 -32768 1200 235 16040 -11388 END
START -10052 -32768 4836 -2990 14656 -17586 END
START -8356 -25132 4104 -7562 13683 -21352 END
START -6648 -18044 3332 -9390 13345 -22494 END
START -5396 -11292 3828 -6073 11374 -20839 END
START -4832 -5476 5272 -3091 8805 -17756 END
START -3772 -2020 5380 -3405 7046 -15325 END
START -3328 748 5868 -2716 5561 -12781 END
START -2524 3348 5608 -1678 3609 -9581 END
START -2340 5504 5380 -1553 1177 -5862 END
START -2112 6208 4636 -789 -1083 -1442 END
START -2124 7060 3812 824 -2638 2863 END
START -2780 6056 3312 1464 -4670 6498 END
START -4080 5996 2488 3405 -6531 10610 END
START -4912 4764 972 1807 -8362 15162 END
START -5624 1736 -3272 1421 -10813 21046 END
START -6492 -4252 -10468 2216 -12073 26748 END
START -8068 -15416 -21752 2297 -10590 30268 END
START -7880 -29832 -32768 2463 -4716 30507 END
START -10420 -32768 -32768 9040 4012 26756 END
START -14004 -32768 -32768 16140 15000 19063 END
START -17656 -32768 -20100 14114 22080 8068 END
START -18884 -32768 -3552 7283 24917 -2318 END
START -16256 -32768 5844 -4583 24076 -10970 END
START -13820 -32768 8028 -7486 19851 -16103 END
START -10276 -25568 5768 -7591 17143 -18361 END
START -8308 -19256 4772 -7653 16224 -19872 END
START -6676 -13252 4588 -6234 14849 -20789 END
START -5628 -7320 6016 -4962 12144 -19904 END
START -3572 -2772 5088 -4171 9350 -16412 END
START -2084 -104 4904 -2000 8053 -13566 END
START -1508 2092 4732 -908 5645 -10003 END
START -804 3472 4088 -850 3682 -6779 END
START -736 3592 4564 -450 1706 -3787 END
START -104 4880 4696 150 -1291 -445 END
START -8 4800 4384 -245 -3344 2743 END
START -600 4748 4568 -1080 -4859 6109 END