START -3184 2052 6508 4095 -6741 10591 END
START -3820 4200 7016 4555 -7827 15889 END
START -6096 2028 5072 2141 -9916 20214 END
START -8688 -3284 676 4340 -10252 23546 END
START -10604 -11112 -5608 8608 -10587 27288 END
START -12008 -23560 -13252 15914 -10231 28003 END
START -11776 -32516 -19996 13626 -5631 26502 END
START -9460 -32768 -20272 6158 36 24493 END
START -7816 -32768 -23140 1469 2877 20620 END
START -6036 -32768 -24272 5932 10438 14969 END
START -7284 -32768 -14472 2062 17358 7007 END
START -8008 -32768 -2436 -2433 18221 -2946 END
START -7220 -32768 5276 -6812 16335 -10285 END
START -6328 -32720 8284 -11550 13006 -14362 END
START -5780 -24092 7368 -12816 10494 -16751 END
START -4896 -15792 6136 -13421 9076 -17121 END
START -3152 -9492 4656 -13570 9349 -16297 END
START -1768 -4056 3356 -14356 7994 -14114 END
START -2220 -1500 2672 -10246 6255 -11822 END
START -4132 784 2124 -2341 5719 -9537 END
START -5740 2784 4020 1135 5843 -7455 END
START -5736 5072 5764 2340 2759 -4608 END
START -4704 5912 6028 5969 -889 -731 END
START -3372 6632 4364 6851 -3743 4170 END
START -3920 3352 2840 7006 -5182 8556 END
START -4256 1144 28 7197 -8767 13973 END
START -3560 -6212 -7480 6730 -11194 19512 END
START -3336 -15128 -16148 3575 -10292 22892 END
START -6624 -23304 -22276 2437 -6486 25324 END
START -9016 -32768 -25276 239 -4426 25692 END
START -10872 -32768 -29380 2036 -2270 22264 END
START -10880 -32768 -32768 -3073 9697 14226 END
START -13440 -32768 -24888 -6965 21645 4453 END
START -12880 -32768 -11284 -3121 22845 -3722 END
START -11648 -32768 -2292 -4988 22289 -8531 END
START -10124 -28344 2000 -12147 21765 -11802 END
START -9084 -23500 3148 -12671 20885 -14547 END
START -7924 -17904 4192 -9579 17352 -17063 END
START -6272 -12180 4780 -7835 15237 -17301 END
START -4732 -8008 6208 -6920 13053 -16429 END
START -4144 -3968 6440 -2822 9378 -15497 END
START -2176 388 6580 -359 4999 -12999 END
START -1196 3064 6544 1352 2317 -11186 END
START 584 5204 5568 787 1990 -7764 END
START 332 6440 5332 -1637 -1270 -3674 END
START 732 5084 4824 571 -6514 13 END