START -3228 -1920 2228 4132 -1195 14342 END
START -3960 -5452 420 2663 -2112 19209 END
START -4316 -8048 -2152 4337 -3048 25007 END
START -4296 -14384 -7444 7338 -2179 28903 END
START -4072 -22312 -12212 5730 1707 27801 END
START -5492 -32768 -14860 3221 4862 23682 END
START -6932 -32768 -13404 2125 8023 18989 END
START -8276 -32768 -9608 -747 9371 13722 END
START -7748 -32768 -4180 -6014 9046 6675 END
START -7832 -32768 -3248 -8012 11836 -1507 END
START -7768 -32768 1628 -8027 11745 -8294 END
START -6616 -31636 4672 -9376 9739 -13018 END
START -5572 -24256 5236 -12103 8393 -16238 END
START -5368 -17904 4736 -11053 6833 -17047 END
START -4624 -12748 3712 -10476 5135 -16077 END
START -3808 -9488 2920 -8962 4567 -15185 END
START -3340 -6788 2344 -7994 3386 -13714 END
START -2648 -4940 1712 -6679 2422 -11790 END
START -1588 -3240 1264 -4271 623 -9293 END
START -1332 -2084 40 -3900 -95 -6382 END
START -1424 -2272 -532 -2514 351 -4171 END
START -2064 -2468 264 -244 -668 -2314 END
START -2200 -2796 640 4915 -2622 -578 END
START -1640 -212 308 4580 -4161 3295 END
START -1160 -1100 -1316 1173 -2861 6507 END
START -1696 -1896 -2660 -1518 -2556 9691 END
START -2232 -3256 -4260 2671 -3905 13420 END
START -3560 -4280 -6576 6203 -4267 17654 END
START -4760 -7360 -10636 3775 -3108 21970 END
START -4760 -13504 -16596 -486 -884 25021 END
START -4432 -24536 -26612 1649 2727 25589 END
START -5032 -32768 -30672 8781 8441 23936 END
START -8568 -32768 -27524 12149 15751 19602 END
START -12664 -32768 -18708 7662 21268 12320 END
START -15272 -32768 -8308 468 25856 1540 END
START -16640 -32768 172 -3194 25123 -8980 END
START -15484 -32768 4236 -148 20632 -15634 END
START -12664 -29432 6384 -370 17403 -19789 END
START -10040 -20768 6980 -2666 14722 -21860 END