START -3992 9660 3464 3792 -1018 10444 END
START -5840 9072 3152 456 1085 14547 END
START -8484 8264 1920 4209 -2782 19877 END
START -10152 7884 -2044 5616 -3313 26867 END
START -12752 -400 -6488 7587 -473 32767 END
START -14592 -18084 -14524 12654 1910 32767 END
START -12716 -32768 -20364 18377 7207 32767 END
START -12992 -32768 -13340 9262 15126 30182 END
START -18104 -32768 -4644 700 19535 16073 END
START -20720 -32768 7116 -3934 20914 -1437 END
START -17296 -32768 16488 -3059 15686 -15981 END
START -13008 -32768 19200 -8452 10861 -24070 END
START -10000 -24696 15156 -14986 7020 -26111 END
START -7700 -13888 9560 -15983 6341 -26195 END
START -6032 -5856 7624 -13020 5683 -23971 END
START -4484 -268 6884 -10550 3708 -20786 END
START -3756 3176 6340 -8927 2364 -17099 END
START -3692 6280 4624 -7569 1944 -13390 END
START -4460 10084 4588 -3291 2650 -9570 END
START -4288 11404 6628 1689 336 -5536 END
START -3204 13256 7648 2992 -2036 -146 END
START -3060 13748 6072 5035 -3932 6352 END
START -3796 12844 5676 5530 -4828 12836 END
START -5984 10388 4164 4700 -6697 19602 END
START -9436 5344 -264 7270 -7655 27456 END
START -11952 -6020 -8356 9610 -8534 32767 END
START -15132 -24200 -20016 10831 -5713 32767 END
START -16620 -32768 -29112 7922 -489 32767 END
START -18744 -32768 -32768 9876 8010 28836 END
START -22512 -32768 -29628 14444 23874 16506 END
START -27080 -32768 -9768 5734 29658 2033 END
START -26152 -32768 6444 2058 26346 -9517 END
START -21940 -32768 14488 -3179 20703 -16972 END
START -18820 -32768 12512 -10299 17247 -22013 END
START -16212 -26544 9812 -10646 15916 -26004 END
START -13684 -17048 8884 -10159 14573 -28574 END
START -10760 -8444 9192 -8643 13061 -27662 END
START -7772 -1980 9960 -8875 10702 -25326 END
START -5344 2280 9052 -7741 8376 -21487 END
START -4344 5728 7408 -5951 5350 -17980 END
START -3128 9540 6020 -2401 3402 -13466 END
START -2012 10504 5880 -651 1837 -8630 END
START -1172 9680 6304 383 -798 -4657 END
START -920 7900 6844 763 -4292 -757 END