START -6344 5308 4080 5456 -3517 10698 END
START -6128 8744 736 1923 -1557 18619 END
START -8680 6992 2132 4517 436 24096 END
START -14572 284 24 3356 -2442 30419 END
START -19920 -11056 -8996 4882 -779 32767 END
START -18292 -28832 -18712 6097 1367 32767 END
START -12080 -32768 -24468 15160 6497 32767 END
START -11492 -32768 -15716 12654 10877 29854 END
START -13064 -32768 -8852 2553 9394 18869 END
START -14320 -32768 -5556 -2479 15860 3907 END
START -14372 -32768 3468 -9199 17812 -10604 END
START -11928 -32768 6660 -13778 16146 -20391 END
START -10668 -32768 6732 -16896 15141 -24053 END
START -11544 -24548 8132 -16328 13456 -25096 END
START -11052 -16036 8788 -16882 13316 -24528 END
START -10440 -10460 10044 -14239 11719 -23101 END
START -9572 -3136 8864 -11122 10336 -21248 END
START -7276 3100 6660 -8330 10495 -18375 END
START -6532 6624 7732 -5793 9721 -13401 END
START -6820 7212 8640 -1762 6610 -10258 END
START -6012 8740 9640 2011 2714 -6943 END
START -5060 11072 9284 1020 589 -1870 END
START -4840 10488 7376 2306 -1790 3065 END
START -5140 9140 5408 4803 -5229 7916 END
START -6768 8940 3928 5911 -8640 13503 END
START -7316 4332 -1840 5295 -9547 20561 END
START -7916 -5732 -11072 5416 -11632 27044 END
START -7456 -20184 -27172 5828 -12016 31438 END
START -8480 -32768 -32768 7322 -982 30276 END
START -11992 -32768 -32768 3300 8693 25555 END
START -12324 -32768 -32768 1217 15940 16712 END
START -14752 -32768 -28372 -9227 27804 6596 END
START -17600 -32768 -12388 -11869 31787 -3155 END
START -17364 -32768 2060 -1806 27373 -10048 END
START -14684 -32768 8816 -9505 21125 -16082 END
START -10352 -23436 6408 -18416 18618 -17868 END
START -6652 -15240 2968 -20055 22761 -16131 END
START -7764 -10264 6532 -12817 21853 -16660 END
START -6380 -4684 9548 -3808 16771 -14959 END
START -5400 -924 10140 -1848 13149 -14006 END
START -4016 824 9772 1234 9236 -13497 END