START -4780 11404 7296 1070 4144 9567 END
START -5616 11696 7720 3066 -1056 16004 END
START -7144 9748 4248 5001 -1332 23065 END
START -10676 6572 3920 4879 -1579 27153 END
START -12480 -752 -960 4049 -3468 31052 END
START -13464 -11440 -6784 10716 -3347 32767 END
START -12288 -22952 -11396 18654 -105 32767 END
START -14700 -32768 -10156 13670 4961 32767 END
START -18900 -32768 -10172 6658 7051 25388 END
START -18660 -32768 -11604 525 12385 13427 END
START -19648 -32768 -7164 210 16018 923 END
START -17768 -32768 2528 3046 13888 -10843 END
START -13504 -32768 6676 -6323 12643 -19023 END
START -11608 -32768 6648 -15484 12580 -23299 END
START -10972 -24440 4032 -14941 12597 -24959 END
START -9012 -17012 3528 -9595 11213 -25561 END
START -7384 -8952 5756 -5439 10263 -24315 END
START -5388 -3048 7400 -7448 8911 -22018 END
START -4372 1744 7924 -5795 6427 -18642 END
START -3160 7108 6412 -3161 4903 -14520 END
START -2104 10936 7084 -1928 4565 -9719 END
START -2356 12396 9340 551 1153 -4768 END
START -2620 12688 9580 3050 -4134 316 END
START -2844 11864 7984 3666 -6586 5768 END
START -3304 10376 6796 3137 -7886 10128 END
START -4816 9232 4464 1074 -10180 15640 END
START -6052 5940 252 1703 -12021 22370 END
START -8780 -1668 -8572 4059 -14128 29833 END
START -12992 -16172 -21588 9795 -12502 32767 END
START -14564 -29140 -28876 15331 -3946 32557 END
START -17300 -32768 -31172 11178 3946 29349 END
START -20204 -32768 -29276 9241 12018 21252 END
START -20812 -32768 -20592 5571 20180 10933 END
START -21956 -32768 -5076 7375 23919 -1878 END
START -19472 -32768 9492 5877 20407 -13222 END
START -16204 -32768 14776 -6019 16641 -20942 END
START -13828 -32768 11844 -11142 12486 -25043 END
START -10952 -24392 6964 -12410 12026 -27476 END
START -9712 -16240 5660 -11393 11014 -27726 END
START -8652 -8160 3780 -8955 10287 -26256 END
START -7164 -3172 1572 -5745 9559 -23685 END
START -5688 684 720 -1611 8959 -20798 END
START -3928 6124 576 1640 8297 -18498 END
START -2324 9880 360 3238 7869 -13733 END
START -1896 10388 1708 5368 6413 -8905 END
START -1704 9612 4024 6885 3762 -5047 END
START -1276 8312 5552 6303 1281 -1525 END
START -1292 7056 6180 3341 -490 2741 END