START -4228 -1128 -1452 -2332 7489 13719 END
START -6584 -4316 1288 3124 8999 17257 END
START -7776 -3800 3244 6922 7558 23190 END
START -10040 -8220 1892 10553 7877 28125 END
START -11864 -15200 2456 10267 8313 28808 END
START -11416 -21880 3324 8400 6109 29030 END
START -9376 -27228 4436 15901 4949 30111 END
START -6420 -32768 2400 16917 4979 27863 END
START -3432 -32768 3488 9731 5584 21127 END
START -132 -32768 2468 1914 2717 13575 END
START 1512 -32768 -72 1258 -269 6879 END
START 1292 -32768 -3760 -428 194 -2294 END
START -196 -32768 -4368 -4051 2419 -12283 END
START -2108 -32768 -2204 -7197 3849 -19211 END
START -4464 -29440 984 -6321 3635 -22234 END
START -6184 -23404 2748 -6196 1900 -23224 END
START -7140 -19064 992 -8587 1798 -23006 END
START -8072 -15772 932 -9015 2852 -22611 END
START -7584 -11660 1200 -7157 3299 -21357 END
START -6872 -8512 1504 -5952 2864 -19012 END
START -5860 -5724 1428 -5629 3174 -16353 END
START -4828 -3620 1576 -4685 3193 -13715 END
START -3840 -1632 2276 -3357 3027 -10425 END
START -3052 -656 2736 -2487 2579 -6916 END
START -3000 284 3388 -1829 851 -3143 END
START -2012 -64 2688 -734 -319 1194 END
START -1760 -172 1584 -125 -209 5105 END
START -1784 -1456 512 598 -474 8453 END
START -1804 -2984 -700 2691 -79 11538 END
START -2776 -5008 -276 4930 1136 14781 END
START -3052 -7240 1068 7746 1137 17507 END
START -3644 -9820 416 6943 1138 20017 END
START -3996 -12476 -1084 6248 2378 21623 END
START -3656 -17600 -1856 5822 3743 22720 END
START -3880 -23020 -2768 9702 4011 23322 END
START -3972 -28360 -3528 8642 4966 22742 END
START -3280 -32768 -3160 1611 6346 18648 END
START -3632 -32768 -2524 1244 6053 13908 END
START -3336 -32768 -3220 1933 5654 8387 END
START -2876 -32768 -1196 3200 5797 1494 END
START -2748 -32768 780 1678 4998 -5332 END
START -2684 -32768 1112 -3087 4317 -11061 END
START -3056 -32768 2360 -4994 3533 -15116 END
START -4444 -29440 2908 -4326 2531 -17659 END
START -5088 -25100 4164 -6738 1757 -20207 END
START -5364 -22244 5036 -9236 345 -20902 END
START -6252 -19752 4528 -10130 -947 -20608 END
START -6856 -17084 2996 -9087 895 -20883 END
START -6392 -14896 4752 -7810 633 -21063 END
START -6212 -11300 5024 -7192 -1275 -20273 END
START -5396 -9368 3360 -7107 -201 -19355 END
START -4596 -6640 3340 -6648 -7 -18221 END
START -3536 -4124 2916 -4187 -1603 -15985 END
START -3196 -1384 2776 -1148 -2727 -12972 END
START -1740 292 1480 -1761 -3264 -9577 END
START -1260 1880 1960 -702 -4382 -6409 END
START 560 1424 -332 634 -6681 -1357 END
START 2048 636 -3428 1955 -7322 2802 END
START 3184 -2600 -7888 1138 -7875 6598 END
START 4528 -7876 -14160 949 -6776 10779 END
START 6076 -13700 -25496 63 1735 10435 END
START 6468 -17404 -29836 1063 11685 9080 END
START 6936 -18376 -28008 5402 20252 8950 END
START 4228 -19704 -20964 10673 28271 8257 END
START 1932 -20108 -11800 11730 32767 6477 END
START -1648 -21328 -908 5437 32767 6260 END