START -1968 -11708 -17772 -3548 5224 -1082 END
START -4612 -6328 -24960 2822 12535 1016 END
START -4028 -1996 -25560 12084 19457 1290 END
START -4744 3080 -20760 18528 25308 1970 END
START -4388 6788 -13872 20144 29387 4022 END
START -3984 7592 -3068 19373 30680 9322 END
START -2028 6116 10620 18932 25870 14957 END
START -1164 2552 20356 18031 16803 22153 END
START -2832 -4992 28396 12333 6373 27609 END
START -6256 -13208 29668 3561 69 29905 END
START -8880 -21208 29712 -7851 -6894 28333 END
START -6480 -28328 27908 -1305 -15903 23181 END
START -3692 -32768 17044 5206 -25992 18349 END
START -4744 -32768 3336 2259 -26417 13762 END
START -5956 -32768 164 -1047 -21839 8857 END
START -7996 -32768 -4944 439 -23318 3216 END
START -9372 -32768 -14400 469 -21683 -1844 END
START -11088 -32768 -16968 -1262 -15683 -7324 END
START -11492 -32768 -18632 -2087 -11266 -11206 END
START -10580 -26024 -18724 -2974 -7512 -14409 END
START -9928 -19800 -16328 -15 -3398 -15497 END
START -9552 -12420 -12500 -1038 -520 -14734 END
START -7656 -8676 -9200 -5349 1084 -11891 END
START -5968 -6136 -6688 -8058 1066 -8386 END
START -4064 -4252 -6692 -6133 1337 -5035 END
START -3512 -3268 -6032 -4414 3697 -2569 END
START -3464 -3808 -3028 -2938 4847 -444 END
START -2776 -3196 -800 394 4222 1397 END
START -2188 -4112 352 3018 4468 3547 END
START -2600 -3976 648 3511 4810 5845 END
START -3900 -5020 -712 2588 4488 7960 END
START -4436 -6340 -4996 2863 4668 10234 END
START -3892 -8316 -9792 5267 6228 12910 END
START -2608 -14664 -13584 9262 7864 15940 END
START -3312 -24928 -13904 13751 11088 17134 END
START -5872 -32768 -8456 5895 15499 16273 END
START -10608 -32768 -72 1779 15402 10724 END
START -11892 -32768 7532 3074 12495 -952 END
START -8932 -32768 11352 -2349 10823 -11380 END
START -6236 -32768 10536 -9509 7974 -18095 END
START -4328 -29492 6640 -10094 5813 -21617 END
START -2988 -18476 2732 -12389 6599 -21895 END
START -3476 -13384 3176 -12604 6555 -20740 END
START -4004 -9740 2452 -9008 4810 -19631 END
START -3140 -6460 968 -8282 4543 -17824 END
START -1984 -4504 2108 -6349 4278 -16081 END
START -788 -1948 2932 -5171 3086 -13731 END
START -64 -252 2408 -4783 1635 -11149 END
START 504 1180 2288 -4215 34 -8456 END
START 480 2400 2820 -2542 -1999 -5624 END
START 684 3756 2504 -1532 -4183 -2776 END
START 1400 4332 1164 -2490 -5234 788 END
START 1076 4528 852 -992 -6106 4386 END
START -132 3880 -16 -43 -7726 8472 END
START -2308 652 648 2778 -9938 11161 END
START -4396 -568 -3988 4115 -11814 14752 END
START -4936 -2540 -9712 161 -10481 19203 END
START -7524 -8276 -16732 474 -10223 22128 END
START -9652 -13516 -27436 7977 -5953 22772 END
START -9260 -18492 -32536 9793 2767 23997 END
START -11772 -26744 -32768 9808 11068 24121 END
START -13932 -31492 -29500 6300 20787 24440 END
START -17840 -32768 -21240 1506 29297 22433 END
START -19128 -32768 -9232 1104 31752 17223 END
START -17260 -32768 1356 2063 29351 11076 END
START -13996 -32768 7992 2960 24172 3777 END
START -10316 -30732 8684 -1809 19689 -1990 END
START -6920 -23280 6708 -6187 17106 -5904 END
START -4036 -16988 6756 -6577 14853 -7576 END
START -2932 -13440 7760 -1650 11501 -8595 END
START -1152 -9672 8384 -317 8687 -9076 END
START -496 -7028 9104 -3584 5443 -7877 END
START -484 -6104 9052 -4779 1865 -6633 END
START -788 -5600 7848 -2119 -1521 -5859 END
START -1096 -5460 6972 702 -3952 -4728 END