START -1332 -1052 -17836 535 20193 8632 END
START -1920 -524 -13240 9612 22266 10643 END
START -3232 -388 -9312 14760 22745 12088 END
START -4888 -832 -5264 18873 25418 14497 END
START -5736 -760 56 22297 28778 16700 END
START -8244 -696 7324 21968 27628 20205 END
START -8792 -4700 14556 27952 22719 22745 END
START -9188 -4476 18776 29102 18968 26233 END
START -10848 -7692 24928 19422 16567 28244 END
START -12444 -12844 31380 10060 7260 30129 END
START -15060 -19220 32767 9776 -5266 31162 END
START -15484 -23024 30368 3639 -15709 29837 END
START -16168 -29128 23540 -4426 -23099 26649 END
START -15156 -32768 15316 -9833 -30070 22861 END
START -15084 -32768 4736 -5725 -32768 15374 END
START -13916 -32768 -820 -3609 -29709 6413 END
START -13148 -32768 -1956 -3468 -28559 -1989 END
START -11580 -32768 -6380 -6322 -26938 -6451 END
START -9932 -28868 -9204 -11123 -22967 -10706 END
START -9132 -21296 -11428 -11250 -17574 -12535 END
START -8344 -15440 -11296 -10088 -12661 -12269 END
START -8128 -10328 -10284 -8061 -8251 -11037 END
START -7204 -7528 -8516 -7329 -5050 -7560 END
START -6396 -5932 -7052 -5365 -2286 -4667 END
START -5624 -4580 -5616 -6593 621 -1918 END
START -6036 -4344 -4316 -7727 2547 1358 END
START -6344 -5596 -4496 -4654 5020 5039 END
START -7016 -7552 -4040 1946 8071 6745 END
START -7284 -9508 -4004 3845 10003 7991 END
START -7808 -12736 -4500 3351 12512 9615 END
START -7900 -20808 -6176 4685 14950 10383 END
START -7824 -28540 -4832 12440 17432 7998 END
START -7452 -32768 -2284 9763 18312 3550 END
START -8464 -32768 2512 -1704 19133 -684 END
START -9484 -32768 7204 1672 16923 -8436 END
START -9044 -32768 10684 9913 13833 -16968 END
START -6932 -32660 15372 8873 10289 -21003 END
START -5008 -26220 16108 -7746 7153 -23770 END
START -4168 -20112 13524 -13412 4877 -24929 END
START -3336 -15588 9952 -10149 1203 -24168 END
START -2692 -12936 7220 -7793 284 -22844 END
START -2784 -10672 7264 -6656 1876 -22032 END
START -2432 -7564 7796 -8189 1257 -20386 END
START -1860 -6748 7960 -4813 -847 -18481 END
START -1204 -3848 7688 -4485 -3135 -15828 END
START -820 -1184 6656 -2997 -4077 -12710 END
START -92 1072 5464 -3863 -4912 -9108 END
START 272 3616 4056 -4711 -5372 -5354 END
START -212 5404 3120 -2858 -5643 -1420 END
START -220 7536 2396 -652 -6106 3531 END
START -1292 8756 2540 1040 -7819 9756 END
START -2348 8536 1296 605 -8779 16004 END
START -5368 6316 1372 235 -9969 22606 END
START -9124 1312 -920 5608 -12710 28374 END
START -12416 -6624 -7396 4276 -12545 32767 END
START -15740 -18120 -14824 2091 -10338 32767 END
START -16492 -26416 -20360 4430 -5158 32035 END
START -16944 -32768 -24480 7755 556 29638 END
START -17296 -32768 -21896 12130 9021 23374 END
START -16320 -32768 -16296 7917 18135 17272 END
START -14916 -32768 -9844 -1854 24155 13129 END
START -14364 -32768 -4688 -5201 25084 9718 END
START -13540 -29176 -1360 -597 23921 6391 END
START -11752 -24416 1472 -1033 25867 3251 END
START -9540 -19600 3540 -7211 26776 1741 END
START -8900 -17976 6660 -7546 25118 424 END
START -7968 -14908 9164 -730 20019 -848 END
START -6472 -13532 10636 1323 14969 -1434 END
START -5312 -12120 11560 399 10048 -3203 END
START -4824 -11732 12440 1144 5716 -4765 END
START -4280 -10604 13072 4138 1044 -6544 END