START 1948 -1712 -752 4609 4032 2618 END
START 544 76 768 2920 4220 4367 END
START -484 372 1416 -1620 2479 5956 END
START 984 -996 -580 -2271 1290 8069 END
START 72 -1420 -3856 958 2953 10231 END
START -1588 -1920 -4604 1788 2773 12122 END
START -3060 -4036 -4132 4858 2538 14482 END
START -4972 -5588 -3324 5688 3878 16459 END
START -6752 -6884 -424 3810 4335 17962 END
START -7088 -9892 464 2516 3530 19819 END
START -7964 -14256 -2608 5776 3422 21091 END
START -8844 -15260 -2112 10349 5293 21985 END
START -8680 -14708 3280 11276 6347 23385 END
START -9188 -14504 5212 5072 7040 24408 END
START -11156 -20480 828 -1489 6945 24217 END
START -15064 -25380 -308 3061 8879 24047 END
START -16864 -25492 4920 13227 8174 21604 END
START -14000 -22136 8656 11638 7114 19441 END
START -12280 -23620 8300 288 7021 17933 END
START -12036 -28940 2692 -4767 7106 16016 END
START -13260 -31716 2760 537 7297 12209 END
START -13268 -30452 5780 7038 4048 8407 END
START -11728 -29160 6024 6856 925 5809 END
START -10944 -30988 3752 1959 503 2187 END
START -12136 -32196 2348 -937 1619 -2841 END
START -12652 -29240 4084 -590 1275 -7013 END
START -11964 -26588 5820 -609 -1321 -9291 END
START -12196 -26580 4628 -1001 -3796 -10175 END
START -12540 -27460 2404 -2221 -4396 -12610 END
START -12852 -26736 2304 -2854 -3095 -15886 END
START -12204 -25760 3092 -2872 -3819 -18161 END
START -12332 -25572 2996 -2051 -5649 -18643 END
START -12796 -25032 2692 -2963 -6086 -19854 END
START -13540 -23108 1708 -7690 -3580 -21939 END
START -12692 -22760 2996 -7536 -2410 -24566 END
START -10848 -17404 2488 -2993 -5628 -24389 END
START -8424 -11864 -344 -5188 -4059 -22655 END
START -7732 -10304 328 -9213 -676 -20779 END
START -6668 -8920 804 -9068 363 -19610 END
START -4452 -5404 548 -7204 937 -17529 END
START -3496 -3816 1064 -6987 1484 -14616 END
START -3124 -2476 2060 -7069 954 -11924 END
START -1656 -1124 1912 -7478 -918 -9112 END
START 740 -1156 -712 -7442 -773 -6828 END
START 1304 -1688 -1544 -4988 1195 -5407 END
START 832 -2700 -520 -2263 683 -4549 END
START 1616 -1320 464 -985 -385 -2366 END
START 2076 -2040 728 -3801 -940 -202 END
START 1596 -4104 1144 -2104 -2109 798 END
START 1592 -3472 732 -1113 -3652 2278 END
START 1688 -4316 752 -2381 -4145 3451 END
START 1304 -5376 876 -2773 -4826 3996 END
START 968 -4672 1280 -4855 -5073 5448 END
START -396 -5488 5340 63 -7106 7463 END
START -2000 -4916 6668 -1897 -10518 11211 END
START -4488 -7044 7308 -5738 -10876 12014 END
START -6368 -10788 5548 -5037 -13431 12070 END
START -6152 -10992 4416 3349 -15665 12508 END
START -5184 -8820 3952 2200 -14958 13940 END
START -5876 -8668 5656 -4591 -13677 16161 END
START -10076 -11832 5244 -5747 -17140 17676 END
START -12116 -16880 -1956 -270 -21229 19631 END
START -13716 -19392 -7912 5065 -20004 19376 END
START -14964 -20592 -8724 9192 -14613 21778 END
START -16648 -23224 -7156 11919 -11226 21362 END