START 428 -164 -2672 495 5254 5082 END
START -608 -408 -1868 -3863 5867 8677 END
START -1524 -1408 -2700 -4152 5880 9736 END
START -3604 -3572 -2016 -825 4710 11134 END
START -4140 -4272 -2488 5248 2538 12151 END
START -5436 -3892 -1852 8589 1943 13382 END
START -5556 -3696 808 5694 1350 16320 END
START -6228 -6308 368 2012 124 18510 END
START -6584 -12140 -3412 5345 1334 19607 END
START -7252 -13516 -2856 10927 4094 19721 END
START -10064 -12352 172 10278 6351 22139 END
START -11896 -17084 2836 7801 5524 23036 END
START -13436 -19300 3260 7885 4594 22690 END
START -13804 -20212 2092 7663 4562 21777 END
START -12356 -20972 -44 6894 6693 22368 END
START -13464 -23532 -688 8184 9792 21991 END
START -14356 -25704 2292 11927 11247 19793 END
START -13520 -25884 8912 14917 9385 17425 END
START -12488 -25584 10456 7733 6651 16944 END
START -12872 -32768 5212 -2331 6460 14266 END
START -13288 -32768 3808 272 7103 7732 END
START -13752 -32768 6592 6398 4074 1356 END
START -11664 -31600 7344 4358 1163 -2942 END
START -11076 -30320 5384 -840 -92 -5829 END
START -11720 -29168 2640 -3550 61 -9202 END
START -12352 -28320 1640 -3407 -39 -11570 END
START -12004 -28060 2504 862 -1701 -13659 END
START -12176 -29240 1844 2367 -3882 -14487 END
START -13636 -30160 -1004 -1352 -3681 -16876 END
START -14156 -30320 -696 -7566 256 -21585 END
START -15988 -28916 3128 -8384 1319 -25014 END
START -18916 -24480 4152 -5468 -1192 -26478 END
START -17588 -19448 4780 -5226 -1873 -27821 END
START -14720 -14348 5428 -5186 -1513 -27561 END
START -11748 -9280 5024 -4971 -2825 -26650 END
START -7900 -5688 1892 -5391 -3219 -23849 END
START -5952 -2920 816 -5308 -1059 -20867 END
START -3916 -2524 856 -6735 -176 -17760 END
START -1880 -2752 84 -4764 -1159 -15286 END
START -784 -2284 -2188 -3476 -796 -12146 END
START 608 -2708 -3520 -3620 931 -9804 END
START 616 -2776 -3600 -3844 2544 -8200 END
START 1268 -2336 -2828 -2900 2096 -5958 END
START 1776 -1832 -2676 -2136 2290 -3782 END
START 2124 -1356 -1204 -611 2218 -1834 END
START 2816 -1156 136 -3770 1316 729 END
START 1436 -2600 388 -5623 -5 2161 END
START 1132 -3816 -56 -5051 -1047 3174 END
START 1592 -4316 444 -4077 -2904 3838 END
START 1128 -4496 2320 -2031 -4724 4231 END
START -564 -5928 3720 -1155 -5300 5730 END
START -2080 -5916 6360 -337 -7286 6267 END
START -3096 -4844 8824 -2049 -9305 7040 END
START -3252 -5480 10884 -4730 -13232 8808 END
START -4332 -5652 6768 -959 -16932 11671 END
START -3792 -7188 1260 1699 -17448 13496 END
START -3844 -7488 1700 8338 -15677 14832 END
START -6384 -7308 4236 9629 -15134 18011 END
START -7648 -9852 3680 8315 -15570 21587 END
START -9212 -12524 2360 5938 -15852 24431 END
START -13164 -20372 2284 10964 -17534 26142 END
START -16676 -27880 -2252 22898 -19899 29235 END
START -17056 -30468 -7084 25571 -14423 29740 END
START -16652 -28408 -2868 8836 -3328 20534 END
START -18448 -29308 1112 -6998 -1732 14640 END
START -19636 -32768 -2884 -4647 -7533 13444 END