START -388 -1948 -356 -2934 1370 3526 END
START 264 -3132 -2612 1345 3272 7050 END
START -1612 -2148 -2608 1286 4087 7109 END
START -2464 -4756 -4036 1021 2768 7353 END
START -3584 -6584 -5040 5806 3842 8273 END
START -4608 -5064 -2960 7099 4351 8251 END
START -5604 -5476 -2184 2709 2181 9169 END
START -5452 -6504 -3256 913 2736 11010 END
START -5752 -7712 -3324 4766 3351 13934 END
START -6760 -7820 -1928 10315 3209 16265 END
START -7444 -7788 944 13123 3415 18377 END
START -7968 -8304 2988 11203 5333 21410 END
START -8248 -12504 2096 6375 8341 24703 END
START -11452 -17040 1664 5265 10912 25326 END
START -14324 -19872 4316 9888 11101 24283 END
START -14128 -20532 8280 14161 9560 24110 END
START -13804 -20872 9352 9700 8487 24670 END
START -15340 -25576 8816 2961 8457 24590 END
START -15824 -29128 6800 -185 8424 20390 END
START -16500 -29872 6872 -1658 7699 16277 END
START -15672 -32260 8516 1914 4002 13277 END
START -13412 -31840 6224 6030 192 9331 END
START -11584 -30476 4048 2414 632 5609 END
START -10956 -30728 3520 -2067 407 1196 END
START -10828 -30200 1548 -2229 -1002 -2670 END
START -11776 -29268 1188 -320 -1932 -5888 END
START -12416 -26468 920 -1369 -1748 -8666 END
START -12064 -25608 1624 -3589 -1564 -10535 END
START -12580 -26072 1000 -4249 -2573 -11642 END
START -13700 -27264 -220 -2933 -2344 -13560 END
START -14444 -27932 -368 -2682 -2070 -16403 END
START -15040 -27484 -628 -4284 -2091 -19110 END
START -15160 -26612 -208 -5721 -1235 -21369 END
START -15600 -24148 1956 -6183 18 -23965 END
START -15684 -20932 2948 -8586 -239 -24528 END
START -14500 -19092 2996 -7838 170 -24953 END
START -13388 -15696 3012 -6802 509 -24791 END
START -12020 -11232 4024 -5685 502 -24652 END
START -8648 -7780 3376 -6956 -283 -22154 END
START -6208 -5800 1792 -6615 218 -19314 END
START -4728 -4916 656 -5330 772 -16830 END
START -3960 -5248 -288 -3800 324 -15818 END
START -2476 -3728 -1160 -3662 1055 -13858 END
START -584 -3568 -1680 -6171 2603 -11426 END
START -488 -3500 -2516 -5540 3144 -8761 END
START 56 -4152 -2964 -3669 2522 -7172 END
START 1028 -3364 -2364 -31 2192 -5611 END
START 1832 -2184 -1280 -761 2301 -3760 END
START 1884 -1372 -364 -3927 2002 -2207 END
START 2112 -2324 160 -4740 1669 121 END
START 1800 -2280 1196 -3358 405 1787 END
START 2080 -2780 1820 -1495 -1294 3686 END
START 1468 -2556 2196 -534 -1869 5115 END
START -256 -2944 4952 -1367 -2425 6117 END
START -1380 -4760 8888 -416 -4051 6480 END
START -2436 -3776 11296 3162 -7987 8761 END
START -3064 -4380 12444 2475 -11621 11072 END
START -3488 -7352 11396 1891 -15153 12935 END
START -2972 -8120 8704 319 -16446 13666 END
START -4404 -8984 5664 -350 -16482 15447 END
START -6844 -9696 5060 -1295 -18654 18209 END
START -9600 -13188 3660 2162 -19715 19756 END
START -11348 -16000 368 3662 -19295 18554 END
START -13256 -17408 -2344 994 -19332 16650 END
START -16288 -24152 -8740 1469 -16882 18905 END
START -14624 -32016 -11996 7779 -14277 17280 END
START -14044 -32020 -11960 11990 -10549 13776 END
START -15404 -32240 -12732 8547 -6024 12946 END
START -17736 -32768 -15164 7981 -3962 10298 END