START 932 -1472 -1192 2603 2891 7168 END
START -1776 3076 -292 2253 2680 11146 END
START -3028 3152 1416 6730 1623 13931 END
START -5048 1912 1496 10797 -773 17259 END
START -7212 -1136 -8 12726 -1234 20044 END
START -8164 -2756 -136 14757 1601 22889 END
START -8316 -6164 2040 16937 2708 26447 END
START -10680 -11684 3708 17154 2214 29950 END
START -14228 -17800 5404 16854 2836 31669 END
START -14212 -23176 6268 16371 3004 32392 END
START -15956 -28212 2860 10716 3197 31672 END
START -19148 -32768 1704 6051 7594 28609 END
START -19884 -32768 5896 12055 9069 23682 END
START -17044 -32768 8200 14473 6104 19880 END
START -15604 -32768 6120 6304 4280 17163 END
START -15312 -32768 1092 628 3930 11731 END
START -14848 -32768 1188 2666 5141 3528 END
START -13896 -32768 3476 2697 3962 -2853 END
START -13248 -32768 3920 -702 2626 -7535 END
START -13316 -32768 2468 -4339 2573 -12131 END
START -14240 -32668 3504 -3676 3054 -16380 END
START -14632 -29008 3456 -3046 2085 -19523 END
START -13500 -26400 2368 -6377 1780 -20714 END
START -13376 -25552 1260 -8801 3005 -22176 END
START -14196 -24156 1708 -7650 4405 -23834 END
START -14204 -21252 2020 -7786 4964 -24773 END
START -12480 -19040 3164 -8030 5506 -25022 END
START -11616 -17492 3544 -8529 4652 -24662 END
START -11624 -14548 5284 -9351 4049 -24523 END
START -10188 -11544 4380 -8478 3020 -24370 END
START -7080 -7308 2860 -8034 3084 -22773 END
START -4812 -3128 3304 -8453 4112 -20650 END
START -3008 -876 3556 -8288 2976 -16962 END
START -1188 36 2760 -9244 1677 -13019 END
START 476 -160 2124 -8659 1356 -10257 END
START 1740 148 688 -7544 1681 -7977 END
START 2608 652 716 -6929 1574 -6408 END
START 2992 464 1136 -2868 196 -4510 END
START 3728 520 1624 -41 -896 -3375 END
START 4436 440 2444 1635 -1898 -1389 END
START 4020 372 2768 2182 -2561 926 END
START 3660 -660 3668 1670 -3440 3399 END
START 3120 -424 5452 1197 -4111 5515 END
START 2884 164 7640 1727 -5206 8083 END
START 1332 -1016 9076 6320 -7882 10809 END
START -332 -2956 7428 10152 -9942 13535 END
START -2528 -3824 8284 10917 -9104 14960 END
START -5332 -2420 13308 4586 -8625 18382 END
START -7924 -5244 15684 -3422 -13601 22071 END
START -11092 -11940 9460 -250 -21609 25144 END
START -14440 -16920 -1100 8058 -20963 26779 END
START -15844 -21736 -2896 7517 -15036 26504 END
START -18056 -27848 -2560 10652 -12526 25064 END
START -18316 -32768 -5308 14591 -13844 21944 END