START 4052 -5792 -3460 -1121 4773 -1665 END
START 2124 -960 -4260 -3915 5371 3870 END
START 1228 -1664 -2548 -4186 4837 5258 END
START -372 -384 -1580 -401 3248 6659 END
START -1212 1288 -2288 713 3152 8723 END
START -2116 1500 -1496 -747 2415 10203 END
START -2828 -712 -1328 2725 1592 11554 END
START -3988 -840 -2500 6341 1867 12795 END
START -5980 -1900 -2016 4724 1544 14369 END
START -7304 -3988 276 8064 1049 16154 END
START -8504 -6204 2508 14197 -1425 19115 END
START -9324 -9668 3376 20966 -2948 21918 END
START -9620 -13140 2012 21716 -2005 25650 END
START -11096 -19116 1376 15664 1065 27213 END
START -14364 -25248 4652 16884 3580 25220 END
START -12960 -26312 7608 25301 2852 22760 END
START -10944 -23448 7180 20503 5296 22940 END
START -13012 -30096 8428 12875 6784 22615 END
START -14916 -32768 9544 18518 5268 18367 END
START -12408 -32036 8912 17162 4132 14751 END
START -10252 -31648 8176 6153 5035 12894 END
START -10852 -32768 5308 69 4454 10413 END
START -11952 -32768 2828 1311 4399 5440 END
START -12040 -32768 3600 4026 4756 -312 END
START -12000 -32108 6544 1839 4562 -5025 END
START -11540 -29084 7760 -4399 3354 -7588 END
START -11720 -27408 6932 -6870 1953 -9946 END
START -11948 -25504 5640 -6344 1203 -12662 END
START -11248 -24500 5572 -4333 155 -14015 END
START -10388 -26604 5224 -2867 -1523 -14817 END
START -11036 -27976 3708 -5171 -1511 -15579 END
START -11908 -27796 4336 -10912 1680 -17769 END
START -11648 -25700 7164 -12538 3614 -19051 END
START -11008 -23976 7732 -13965 2050 -19953 END
START -12176 -22088 5640 -16569 1362 -22074 END
START -12360 -17940 3688 -16872 3285 -23743 END
START -10020 -11712 2796 -16339 4776 -24123 END
START -6924 -7092 1960 -17574 5075 -23129 END
START -4520 -2176 -260 -21727 6353 -19146 END
START -2244 -644 -412 -19482 8665 -15364 END
START -1096 1936 448 -14767 8909 -11599 END
START -540 1448 1888 -13669 8482 -8344 END
START -668 -28 3056 -9204 7586 -6591 END
START 564 -220 4216 -3242 4183 -4474 END
START 2168 -916 4536 2535 679 -3330 END
START 2480 -368 4020 4803 -1250 -1672 END
START 2084 -384 4996 4822 -1229 -1131 END
START 1896 -472 6904 2969 -3463 661 END
START 1216 -1032 8204 2423 -6134 2237 END
START -696 228 9680 1071 -8389 4776 END
START -1952 592 11356 -1290 -11578 7403 END
START -4260 -476 12984 -2869 -16017 10301 END
START -6516 -1556 14772 3779 -22222 13069 END
START -8864 -2452 13132 8154 -29170 16605 END
START -11960 -4504 9260 6763 -32768 21291 END