START -2548 -1716 -364 -1631 8765 17051 END
START -5592 -2020 872 2752 6035 21467 END
START -7304 -4928 3096 16514 1439 25481 END
START -9580 -7748 2424 19927 -1864 29349 END
START -12164 -15452 1196 19631 -1725 30035 END
START -14176 -19040 2664 19996 3543 29322 END
START -17012 -24252 4264 13375 3846 30184 END
START -19020 -29728 1464 13511 3853 28925 END
START -18348 -31772 2696 13312 6667 26201 END
START -17340 -31812 5672 9507 7613 23922 END
START -17076 -32768 4320 3581 6209 21499 END
START -16772 -32768 1576 3774 4208 15963 END
START -15312 -32768 144 7334 4355 7375 END
START -14068 -32768 1696 6516 4223 569 END
START -12548 -32768 2384 1711 3334 -3670 END
START -13548 -32768 1304 -1854 2922 -8474 END
START -14252 -32768 2220 -2616 3392 -13583 END
START -14232 -31492 2968 -1420 1793 -17133 END
START -14468 -29824 1440 -2427 750 -18989 END
START -14940 -28452 800 -5185 1496 -20455 END
START -15524 -27700 324 -8564 2915 -22554 END
START -15856 -25568 1460 -9670 5290 -24802 END
START -16368 -23060 3096 -8528 5048 -26430 END
START -14456 -18360 4620 -8863 5041 -26709 END
START -13072 -14700 5104 -10593 4553 -26547 END
START -11796 -11528 5436 -9529 3667 -26348 END
START -9376 -5860 5276 -7093 3026 -25284 END
START -5584 -1428 5028 -6807 2921 -23350 END
START -2844 2128 4904 -8023 1736 -20656 END
START -928 3528 3768 -8327 575 -14979 END
START 1036 2780 2612 -7198 -339 -10766 END
START 1928 2272 164 -8368 -88 -6907 END
START 2432 824 -292 -7757 462 -4797 END
START 2956 304 -156 -5132 -542 -2722 END
START 2704 -232 468 -1314 -911 -1355 END
START 2036 -828 1872 59 -1907 -171 END
START 2392 -1408 3368 1136 -3675 1499 END
START 2244 -1064 4016 1011 -4338 3188 END
START 1316 -1148 5616 98 -4812 5059 END
START 716 -1348 8500 2792 -5578 6800 END
START -500 -372 11644 1029 -7706 10074 END
START -2476 -2784 14740 -3025 -9723 13739 END
START -4664 -5464 16788 -430 -14052 15950 END
START -7228 -6928 14392 596 -20519 18116 END
START -9352 -10476 7556 -1169 -23128 19379 END
START -10816 -15344 2076 -691 -23580 19070 END
START -12472 -21572 -8496 6834 -24851 20169 END
START -13124 -26064 -13596 13736 -20239 19386 END
START -15992 -29892 -11664 14608 -15232 17371 END