START -2284 4076 -2432 7409 647 9585 END
START -3252 4484 -852 6259 209 13773 END
START -5500 3068 1364 5171 -349 16337 END
START -7928 -1188 964 3790 -1322 20019 END
START -9240 -6316 -4220 4507 -3175 22403 END
START -8908 -9940 -8328 9479 -666 24667 END
START -8840 -13224 -7972 16176 4015 27477 END
START -10844 -18908 -2976 19345 6802 29920 END
START -12904 -27188 1776 22072 6073 30009 END
START -12776 -30248 2484 19689 5364 27011 END
START -12260 -31328 904 12516 8886 23987 END
START -11076 -32768 2312 12386 10276 19667 END
START -8772 -32768 2820 20325 8122 15470 END
START -6140 -32768 5552 24313 7276 11326 END
START -4164 -32768 7700 14145 6988 8209 END
START -3120 -32768 8164 -385 7179 3203 END
START -2900 -32768 7272 -5894 5497 -588 END
START -3700 -32768 5120 -4196 3862 -4083 END
START -4948 -32768 3844 -3680 3382 -8777 END
START -5296 -32376 3568 -5337 2916 -12755 END
START -5904 -30316 3788 -8472 2190 -15328 END
START -6960 -29116 1984 -10265 1140 -17616 END
START -6272 -28232 1384 -9461 716 -19522 END
START -5860 -28220 -1476 -9714 1644 -20598 END
START -8148 -27188 -2508 -11458 5858 -23391 END
START -9504 -23060 556 -10490 8608 -25963 END
START -9964 -18860 2852 -9368 7267 -25034 END
START -9096 -13508 3608 -8600 5890 -24302 END
START -7832 -9204 4600 -7411 4513 -23429 END
START -5836 -4460 4328 -3954 2785 -21323 END
START -2000 776 3200 -4683 1152 -17170 END
START 596 2928 956 -9030 725 -12827 END
START 1144 1864 316 -8825 1194 -9290 END
START 2008 1476 640 -4932 -165 -5827 END
START 2196 628 44 -3125 -1321 -2952 END
START 1700 -380 768 -2620 -2295 -999 END
START 1132 -1212 1200 -2711 -2585 980 END
START 508 -2440 2892 -1094 -3919 2242 END
START 328 -3344 3444 1702 -6791 3877 END
START 628 -3832 3664 3939 -8625 5427 END
START 212 -4012 3480 4426 -9528 7032 END
START -1484 -4416 4792 5405 -9775 8828 END
START -2144 -5716 6332 4671 -11249 10887 END
START -3128 -7052 8284 6411 -12744 12299 END
START -2864 -6740 10168 7020 -14409 14443 END
START -5756 -7048 12724 4533 -16853 17971 END
START -9124 -10740 14464 2720 -20886 21280 END
START -13912 -13120 10464 3179 -26993 23497 END
START -17196 -16140 2852 -1100 -32768 25841 END
START -19880 -23972 -9280 2294 -32768 25596 END
START -20500 -31412 -18656 8440 -28056 23524 END
START -20364 -32768 -21788 9943 -20511 19310 END