START -740 -2680 -5032 2854 6060 5239 END
START -2188 -2136 -3600 1651 6413 6300 END
START -2720 -1096 -2336 842 5210 8974 END
START -3748 -960 -1720 1132 5154 12377 END
START -4692 -1004 -636 2084 5514 13309 END
START -6176 -1360 -228 1750 3329 14280 END
START -6628 -3380 -1404 5216 1272 16247 END
START -6704 -3316 -932 9157 1206 19384 END
START -8528 -3412 896 8538 1029 22742 END
START -10640 -7496 1052 5737 803 24974 END
START -11556 -11976 80 10235 1082 26756 END
START -11440 -12948 3472 16897 1686 29395 END
START -13944 -14276 4632 11404 2673 31762 END
START -17512 -22704 1548 417 5654 30859 END
START -20564 -28932 2484 2599 6164 27382 END
START -20392 -28468 4708 11426 3327 24589 END
START -18504 -28528 4512 10693 2014 23235 END
START -17896 -32112 640 -485 4124 18894 END
START -17980 -32768 -1508 -2699 6617 12425 END
START -17216 -32768 824 4837 3899 7529 END
START -15280 -32768 1124 8055 348 3353 END
START -13308 -32768 -748 2986 398 -1311 END
START -13216 -31840 -1060 -2064 3438 -7181 END
START -14408 -29284 1196 -431 3051 -10578 END
START -14376 -27968 1500 2185 286 -12382 END
START -14784 -28544 48 1793 -863 -14689 END
START -15632 -29488 -412 965 263 -17866 END
START -16720 -29724 928 -1017 1235 -21307 END
START -18008 -28688 1964 -4290 790 -24031 END
START -20072 -27864 1520 -5681 723 -26354 END
START -20588 -23348 1352 -4663 1353 -28941 END
START -19292 -18548 3276 -5552 2359 -30397 END
START -17304 -14084 3768 -6816 1645 -30558 END
START -14556 -8868 3268 -3640 -52 -29797 END
START -9624 -3044 488 -2282 45 -26085 END
START -6564 632 344 -3855 1041 -22202 END
START -4596 292 1488 -4900 823 -18297 END
START -2588 656 740 -3839 -628 -14829 END
START -1580 336 -408 -3884 44 -11809 END
START -644 -1020 -504 -3886 838 -9254 END
START 1272 -1056 -996 -3697 1207 -6733 END
START 1788 -1736 824 -3803 722 -5239 END
START 500 -3236 3424 -1449 -2106 -3601 END
START 296 -3876 3292 -812 -4362 -1038 END
START 1412 -3508 2016 -1713 -4843 -769 END
START 3088 -2968 1860 -3533 -4748 -197 END
START 3060 -2816 2924 -2014 -6599 1981 END
START 2016 -2952 2808 -368 -7613 4932 END
START -720 -3668 3912 -1088 -8742 6391 END
START -1464 -5720 3800 -856 -10206 7398 END
START -2048 -4936 2432 1174 -11333 8844 END
START -1740 -4436 212 2282 -10628 10659 END
START -1824 -4692 44 2416 -9790 12811 END
START -3664 -7032 1532 7423 -9770 15172 END
START -6664 -7796 4076 13113 -10248 17862 END
START -8400 -6660 7588 10011 -11042 20542 END
START -10628 -10084 6084 483 -12736 23122 END
START -12344 -13768 1800 -936 -13754 24218 END
START -14004 -15784 -1184 2479 -12664 23239 END
START -18080 -17148 -1236 5930 -11019 25628 END
START -19720 -21708 -164 4021 -10687 28109 END
START -21736 -25588 -1324 -1210 -9842 24783 END
START -23084 -32208 -7144 -7825 -7696 17521 END
START -23416 -32768 -10536 -10828 -7682 9162 END