START 340 -13100 -16548 6326 16807 -2210 END
START -656 -4004 -15228 10959 21549 2113 END
START -1252 500 -9332 14008 24849 5653 END
START -1160 2856 -1060 16325 23412 9763 END
START -664 2876 7404 21588 18571 14536 END
START -1084 3868 14520 21878 12411 22357 END
START -3972 -1184 20376 16003 6628 29438 END
START -9028 -11716 25060 8540 60 32491 END
START -12172 -23748 24448 2514 -7485 30187 END
START -11756 -31188 21672 -4656 -12253 23747 END
START -8452 -32768 15732 -4514 -18441 16359 END
START -6280 -32768 9160 4078 -23894 10101 END
START -5832 -32768 3688 741 -24936 5291 END
START -7488 -32768 -1208 -6443 -23862 208 END
START -8580 -32768 -8732 -8633 -22779 -5163 END
START -8208 -32768 -12164 -6937 -17171 -9768 END
START -7320 -28644 -12888 -6107 -12783 -12804 END
START -6204 -21800 -12664 -6200 -9504 -14883 END
START -5044 -15672 -11612 -5536 -6611 -14682 END
START -4824 -10900 -10816 -3940 -2885 -12421 END
START -3844 -7716 -8352 -4101 -1640 -10035 END
START -3504 -4844 -7184 -4466 -1103 -6931 END
START -3388 -4020 -6752 -5482 -9 -3422 END
START -3128 -3488 -6532 -5078 2407 -475 END
START -3552 -3328 -5500 -2792 3755 1966 END
START -3164 -3496 -5268 93 4392 4911 END
START -3648 -4076 -5744 2469 5662 7448 END
START -3904 -6080 -6664 4158 7311 10022 END
START -3964 -9432 -7152 6967 8593 11988 END
START -3512 -14168 -9340 10848 9102 14052 END
START -4296 -20908 -12168 12767 12091 15387 END
START -6068 -29920 -9884 8936 18584 14471 END
START -9124 -32768 -3516 1993 21172 9914 END
START -10220 -32768 2588 5216 18925 2896 END
START -9064 -32768 7612 9623 15954 -5131 END
START -7684 -32768 10548 3960 13897 -12168 END
START -6572 -32768 11088 -6482 12299 -17140 END
START -5828 -28632 10580 -8949 9837 -20541 END
START -4804 -22200 8356 -7110 7758 -21544 END
START -3552 -15504 7316 -7537 7553 -21346 END
START -2412 -12100 6884 -8950 6390 -20295 END
START -2100 -8696 7748 -6450 3656 -18708 END
START -92 -5960 6808 -5331 352 -16391 END
START 980 -4432 5460 -5754 -981 -14282 END
START 928 -2644 4604 -5353 -2073 -11523 END
START 612 -1736 4916 -3970 -3387 -8806 END
START 220 236 4476 -2751 -5866 -6727 END
START -436 3000 3420 -3301 -7764 -4014 END
START -136 5092 2396 -774 -7919 -346 END
START 712 5584 2192 168 -9280 3410 END
START 532 6136 972 887 -11441 7513 END
START -276 4704 -1900 -1047 -12105 12632 END
START -1708 2460 -4844 -1527 -12152 17029 END
START -3712 -2544 -8832 -678 -12049 20962 END
START -6756 -7864 -14828 2363 -11733 23761 END
START -9572 -14836 -20600 6039 -8399 24144 END
START -11560 -20292 -26208 8692 -1794 23879 END
START -12852 -23116 -30104 6712 8391 24494 END
START -15768 -27316 -26288 3700 17226 23659 END
START -17504 -28504 -20824 7888 21967 21455 END
START -17060 -27684 -14052 10289 24750 19145 END
START -18432 -28820 -7524 10033 28350 17077 END
START -18000 -28912 344 8899 30736 12610 END
START -15192 -27940 7224 6230 31292 8078 END
START -12788 -25120 12476 4142 29607 3960 END
START -10256 -24396 17532 6243 24959 -656 END
START -7360 -20724 19800 9516 17139 -5872 END