START -856 4 -2528 4574 16526 9942 END
START -2368 4736 1140 10997 17432 15777 END
START -2336 5376 7756 20712 18218 20244 END
START -1956 5720 16772 22772 13926 25207 END
START -608 1408 25852 22773 8299 32604 END
START -7340 -11040 32767 23730 275 32767 END
START -14892 -31036 32767 20579 -15221 32767 END
START -14968 -32768 27436 10507 -25277 29380 END
START -10788 -32768 9236 1560 -27545 19108 END
START -9472 -32768 -3056 5686 -25027 7629 END
START -8872 -32768 -8440 6293 -20119 -983 END
START -7948 -32768 -8516 -307 -16694 -6292 END
START -8064 -27632 -10180 -5265 -15002 -7034 END
START -7224 -23228 -12352 -5817 -11360 -6602 END
START -7396 -19104 -12148 -4714 -8221 -6797 END
START -7884 -14748 -10216 -5288 -6463 -6784 END
START -8460 -11828 -8784 -4951 -4102 -5234 END
START -7904 -9508 -7476 -5410 -404 -3193 END
START -6680 -7632 -5012 -5898 1971 -1629 END
START -5232 -6596 -3040 -4401 2064 412 END
START -4152 -5476 -3124 -2300 2368 3271 END
START -4624 -6200 -4876 -1281 4161 6271 END
START -5748 -7852 -5184 1071 8389 7742 END
START -7020 -10912 -4924 5113 10367 8603 END
START -7004 -14988 -5284 9531 10780 8866 END
START -6612 -21752 -8044 10818 12774 9467 END
START -5580 -30636 -8504 8843 18798 7488 END
START -6256 -32768 -2188 4858 21657 3408 END
START -8224 -32768 3716 2814 18366 -3019 END
START -9948 -32768 7316 145 14467 -10983 END
START -9324 -32768 7640 -4720 14775 -18822 END
START -8696 -32768 10480 -8187 15252 -24082 END
START -7548 -25120 12220 -7640 11790 -26880 END
START -5672 -17064 13088 -9144 8909 -26420 END
START -3996 -11916 12860 -10536 5941 -24728 END
START -2572 -8432 11648 -10023 2577 -22270 END
START -1396 -5184 10344 -8994 -1410 -19803 END
START -808 -3124 7856 -7744 -4191 -17237 END
START -132 -1088 5136 -7722 -4280 -13737 END
START 116 532 4020 -8222 -4190 -11226 END
START 520 532 3568 -7384 -5963 -8376 END
START 492 1552 2564 -2697 -7992 -5599 END
START 696 2656 1476 -1331 -8349 -2546 END
START 516 3100 1860 -462 -8434 867 END
START 276 2760 1684 862 -9856 4544 END
START -200 2980 84 2510 -10869 8930 END
START -700 4064 -1556 1477 -10652 14190 END
START -2860 2916 -1968 1199 -10579 19375 END
START -6656 172 -5472 4743 -12198 26265 END
START -10944 -6556 -13840 4134 -12616 31940 END
START -14904 -14124 -25920 139 -8765 32767 END
START -18048 -23836 -32768 -5277 2297 32767 END
START -20048 -31228 -32768 -4249 19884 32255 END
START -21804 -32768 -32768 12904 32321 27932 END
START -23228 -32768 -25500 25579 32767 22705 END
START -24752 -32768 -7140 14424 32767 17066 END
START -25624 -32768 6716 -657 32767 9910 END
START -19992 -31844 13496 -1075 32767 4233 END
START -13860 -27676 19108 5089 24872 -1375 END
START -8976 -20356 18884 5147 15110 -4044 END
START -4916 -15980 15176 -1565 11241 -5255 END
START -2976 -12264 12988 -5539 9217 -6561 END
START -1664 -9080 12488 -4442 5677 -6464 END
START -188 -6188 11904 -4396 648 -5627 END
START -444 -5148 10540 -4254 -3135 -4688 END
START -1060 -3168 8752 -3185 -6119 -1722 END
START -896 -2444 7564 -3270 -7912 450 END
START -1864 -3164 8008 -1762 -9854 2402 END