START -136 2612 -696 -4402 10928 1571 END
START -316 3448 -316 -1237 11038 4211 END
START -752 5188 36 -966 10143 7219 END
START -392 6392 -740 -943 12258 11107 END
START -952 7292 1708 4748 13053 15511 END
START -992 9028 5208 12330 12549 20474 END
START -984 10256 13032 16991 12264 27191 END
START -3864 9656 22908 21544 9737 32767 END
START -8468 916 32767 25645 1610 32767 END
START -19280 -17780 32767 25090 -11788 32767 END
START -25932 -32768 32767 11567 -23555 32767 END
START -23364 -32768 25020 3065 -32670 30866 END
START -17576 -32768 5036 6880 -32768 16798 END
START -15360 -32768 -11084 4016 -32768 2940 END
START -15716 -32768 -14752 -522 -25807 -8008 END
START -15788 -32768 -12692 -2478 -20416 -14801 END
START -15764 -32768 -9900 -6149 -18043 -17444 END
START -14224 -25424 -9280 -8365 -16066 -17974 END
START -12824 -18116 -9460 -9748 -13359 -17941 END
START -11720 -12624 -9016 -9858 -8936 -17296 END
START -10160 -7556 -7160 -8030 -6820 -16065 END
START -8064 -3108 -4892 -5384 -5227 -12919 END
START -5664 -716 -3008 -4662 -4147 -8915 END
START -3836 720 -2620 -5047 -3069 -4388 END
START -2784 800 -2644 -4482 -1662 -286 END
START -2488 112 -3380 -1314 -317 3898 END
START -2904 -172 -3976 655 2001 7336 END
START -4316 -1560 -5156 1780 5151 10212 END
START -5924 -4308 -5852 3949 7875 13298 END
START -7584 -8624 -8860 8932 10682 16061 END
START -9188 -14800 -11748 12498 14316 17213 END
START -11084 -24136 -14368 16314 17884 17018 END
START -11100 -32768 -11612 22529 20604 15123 END
START -11100 -32768 -4368 19000 23256 11037 END
START -13592 -32768 4916 -1269 27157 3405 END
START -15740 -32768 14124 -7277 26146 -6335 END
START -14428 -32768 18960 -2624 20615 -17068 END
START -10956 -32768 20784 -4719 14836 -25186 END
START -8324 -30116 18852 -12909 11141 -29001 END
START -6724 -21648 16040 -17866 9312 -30172 END
START -5368 -15468 13668 -15506 6760 -29650 END
START -3692 -10072 12376 -12995 3839 -27816 END
START -2736 -5544 11216 -10970 128 -25062 END
START -1268 -3240 8720 -9322 -2392 -21441 END
START 88 -1240 6492 -10521 -3124 -18014 END
START 188 -748 4516 -10355 -2726 -15646 END
START 308 1116 3192 -8411 -3666 -12500 END
START 864 976 2200 -5142 -4636 -10129 END
START 1056 2420 1916 -2018 -5683 -7525 END
START 912 3048 1620 -1586 -6568 -4600 END
START 164 3644 1600 549 -7872 -1296 END
START 564 3852 1364 2317 -9447 2577 END
START 120 4472 248 3460 -10154 6812 END
START -352 2968 -776 3096 -11238 10987 END
START -1944 1924 -2700 5769 -11692 15354 END
START -4128 -556 -6500 5001 -11655 21019 END
START -7240 -5484 -10644 4458 -11289 25060 END
START -10308 -9712 -14896 6611 -9812 27897 END
START -13228 -14552 -19716 6765 -6585 29091 END
START -16340 -20876 -24760 7691 -2902 29059 END
START -18952 -27420 -31936 11532 3247 29187 END
START -20396 -32768 -32768 16915 12849 26146 END
START -19460 -32768 -29384 22924 24516 20867 END
START -18676 -32768 -18832 18279 32767 15269 END
START -18000 -31724 -6984 9796 32767 11820 END
START -18980 -28400 4072 2491 32767 9929 END
START -18408 -27060 14812 4312 32767 6828 END
START -16520 -27080 22876 5386 30770 1697 END
START -12416 -23680 23936 -172 22276 -3798 END
START -8568 -19836 22780 -3190 15004 -7973 END