START -3944 4580 -7612 -8419 14187 -1457 END
START -3052 5276 -5652 -2202 14677 1721 END
START -2620 6872 -4212 2826 14283 4978 END
START -1332 8808 -2824 4019 16750 10380 END
START -1008 10412 684 -583 21321 16870 END
START -2744 9316 8476 1596 19518 23246 END
START -3700 6064 18384 14635 12962 29044 END
START -5056 1456 29916 19945 6650 32767 END
START -8484 -11104 32767 12438 -1759 32767 END
START -11636 -28304 32767 4396 -12717 32767 END
START -8896 -32768 27708 8280 -24287 30693 END
START -6288 -32768 12236 6669 -29600 23162 END
START -8088 -32768 -2912 4500 -26049 13277 END
START -10352 -32768 -8192 2013 -19964 3109 END
START -11228 -32768 -6876 -460 -16448 -4953 END
START -11036 -32768 -6824 -6466 -16073 -7350 END
START -10316 -28656 -10152 -8134 -15171 -9407 END
START -9008 -20744 -12564 -9935 -10265 -10747 END
START -9340 -14008 -10528 -8855 -5958 -10630 END
START -8524 -8608 -8272 -8365 -4413 -8723 END
START -6992 -5228 -6872 -7506 -2432 -6023 END
START -5704 -1728 -6412 -6097 -1111 -2515 END
START -4724 -984 -6136 -3844 1337 995 END
START -4568 56 -5868 -2430 3555 4472 END
START -5216 -1560 -5896 -656 6213 8131 END
START -6304 -3500 -5788 3174 8250 10388 END
START -7068 -7560 -7536 7646 9380 12447 END
START -7528 -14788 -10872 10699 11622 13716 END
START -5752 -25228 -12372 11615 16183 14200 END
START -8204 -32768 -9076 3119 20481 12071 END
START -10580 -32768 -584 2550 19031 5932 END
START -11584 -32768 6248 4400 14199 -3437 END
START -11072 -32768 7540 -416 12334 -13345 END
START -9996 -32768 9384 -7525 14482 -21218 END
START -8832 -32768 11848 -11403 14673 -26379 END
START -6432 -22960 12492 -12597 12122 -27876 END
START -4428 -13424 13516 -11524 9911 -26347 END
START -3396 -6676 13456 -12562 6230 -22758 END
START -1724 -3920 12308 -12017 2022 -19884 END
START -560 -1524 9264 -11300 -909 -17129 END
START -660 276 7056 -10339 -2585 -14612 END
START -280 1960 4820 -8964 -3690 -11293 END
START 24 3120 3496 -6882 -4444 -9267 END
START 376 4276 2612 -5058 -6316 -6627 END
START 396 5612 1604 -4028 -7002 -3379 END
START 320 5688 1836 -2873 -7443 670 END
START -316 5928 2544 -2919 -9875 4674 END
START -1080 5632 1548 -2152 -12315 8921 END
START -2772 4792 -272 -857 -14221 13553 END
START -5012 4116 -3640 -420 -14348 18900 END
START -7832 1492 -8068 -1111 -14199 23681 END
START -11964 -2368 -11912 2101 -12920 27310 END
START -15664 -7648 -18612 5809 -12679 30194 END
START -18092 -14952 -27324 9034 -8296 31346 END
START -20736 -21660 -32768 8213 2088 31272 END
START -22880 -28164 -32768 9497 15069 29410 END
START -22412 -32768 -32768 15632 25292 26529 END
START -22880 -32768 -25552 15363 32767 23466 END
START -23832 -32768 -14344 6070 32767 20145 END
START -24240 -32768 -2312 2810 32767 13534 END
START -20704 -32768 7760 9094 32767 6013 END
START -15076 -27884 13244 7659 29413 -634 END
START -11648 -22504 14464 2970 22168 -4902 END
START -8240 -18096 13588 2201 14896 -7447 END