START -796 -13968 -20412 -7093 -2723 3249 END
START -3496 -15408 -27232 -4039 5345 1131 END
START -3184 -14980 -28352 -1380 11365 -779 END
START -3520 -12288 -26452 4879 16126 -1787 END
START -3652 -7384 -22344 10251 20360 -1576 END
START -3224 -2768 -16468 9801 23367 648 END
START -3076 -260 -9960 8170 25433 4178 END
START -3840 -240 -2892 7122 24467 7286 END
START -3700 -240 3664 11941 20128 9613 END
START -3168 904 6208 14902 15075 12814 END
START -2356 1696 8476 13014 13786 15970 END
START -3780 1364 12136 7079 13644 20890 END
START -3716 -1544 17332 1881 10308 24658 END
START -5100 -5448 22908 3076 4562 27048 END
START -6076 -10416 28440 9825 -4270 28732 END
START -7300 -13320 30100 9955 -12674 30027 END
START -8620 -19800 27204 796 -19150 31514 END
START -10428 -29820 21220 -2368 -23370 29275 END
START -12448 -32768 14968 959 -29345 24327 END
START -15376 -32768 6004 2018 -32768 17930 END
START -16228 -32768 -6060 75 -29787 9136 END
START -16608 -32768 -9416 -3915 -22456 -1156 END
START -17964 -32768 -10412 -4313 -21617 -10436 END
START -18384 -32768 -13864 -3194 -20410 -17831 END
START -17256 -32768 -15620 -4099 -15439 -22559 END
START -15748 -25772 -13920 -5782 -9932 -24564 END
START -13152 -16200 -11152 -8568 -7378 -24197 END
START -10252 -9724 -8304 -9922 -5043 -21930 END
START -8024 -5800 -5672 -9398 -3312 -18591 END
START -6332 -2388 -3148 -8289 -3015 -15263 END
START -4236 -420 -2484 -6819 -3170 -10870 END
START -2696 1080 -2340 -6767 -2325 -6798 END
START -2076 1496 -2088 -6493 -685 -2488 END
START -2016 1948 -1316 -4544 869 930 END
START -1936 1316 -1144 -2680 1544 4341 END
START -2720 336 -1368 2823 2769 7773 END
START -4128 -468 -1648 5831 4244 10335 END
START -5456 -2792 -4748 5663 5015 13452 END
START -5176 -7404 -9244 8297 8717 15981 END
START -4284 -13784 -11788 13001 12651 18504 END
START -6000 -23804 -11708 19513 14007 19522 END
START -7460 -32768 -6808 19177 16333 18519 END
START -11300 -32768 1468 5759 18748 13078 END
START -13644 -32768 6996 -4771 17910 2399 END
START -8920 -32768 10488 -1644 11900 -7395 END
START -6956 -32768 7880 -4981 9510 -14717 END
START -6568 -32768 5372 -12015 11602 -19824 END
START -6404 -28856 6800 -15001 12430 -23035 END
START -5288 -21340 9208 -13798 10558 -23701 END
START -3688 -14968 9032 -11937 8120 -22701 END
START -2900 -9920 8108 -13739 6435 -20074 END
START -2020 -7376 8224 -12791 4830 -17964 END
START -1676 -4776 7984 -8954 2404 -16194 END
START -1084 -2116 6360 -7513 400 -13261 END
START -256 0 4420 -7918 -91 -10586 END
START -12 1292 3780 -8691 -601 -8258 END
START -76 2096 4136 -6363 -2245 -6353 END
START -108 3120 3936 -3002 -5124 -4339 END
START -84 4040 2956 -2000 -6797 -1062 END
START -644 5004 2320 -981 -7223 1583 END
START -1356 6884 2344 165 -9040 5193 END
START -2080 7900 1952 -843 -10700 10227 END
START -3788 9032 476 -1890 -13228 16915 END
START -7096 6520 -3252 -2427 -16032 22972 END
START -10840 2460 -10284 -1411 -18004 28583 END
START -14984 -5104 -23460 -2054 -17025 32133 END
START -19480 -14540 -32768 2383 -8903 32052 END
START -22036 -22876 -32768 14688 2124 29871 END
START -21380 -29032 -32768 23055 15025 26521 END
START -20672 -31888 -31372 16692 28679 25420 END
START -25308 -32768 -17332 7733 32767 23870 END
START -26588 -32768 -356 8850 32767 16669 END
START -22668 -32768 10616 9338 32767 6475 END
START -14272 -32768 13228 3685 29049 -1865 END
START -8580 -28548 13852 2027 23785 -6810 END