START -1568 2588 -1092 -1423 12163 -8749 END
START -2012 3856 2380 2583 11477 -2131 END
START -2280 4220 3596 2332 4476 3824 END
START -2396 3136 3388 3347 1402 8174 END
START -2640 1412 2268 3850 2706 10493 END
START -4104 1392 1104 -1239 3524 11933 END
START -5980 -76 832 -4568 2861 14558 END
START -4868 -2936 -556 -6835 858 17152 END
START -6436 -5720 -1796 -3504 -334 18929 END
START -7916 -9100 -2572 2696 -964 20514 END
START -7200 -10736 -2444 9452 -544 21332 END
START -7040 -10460 -576 10515 -299 22865 END
START -9116 -12448 -364 4805 223 24693 END
START -11712 -17236 -1736 3767 1395 24697 END
START -13584 -17160 -380 7031 2496 24469 END
START -14120 -17144 2732 8596 1502 25203 END
START -15072 -20592 120 6847 -487 26119 END
START -15624 -26272 -4596 8255 1006 25136 END
START -16216 -28600 -2612 14360 4708 21689 END
START -16128 -27848 2508 11731 3882 18335 END
START -14056 -29884 3588 461 3038 15733 END
START -14856 -32768 -852 -3822 1271 12300 END
START -15752 -32768 -5280 1764 2825 6104 END
START -15236 -32768 -3992 4315 3841 -1703 END
START -14196 -32768 -1420 2103 3517 -7512 END
START -14000 -32724 -2088 -3661 2500 -11319 END
START -14288 -32308 -5184 -5671 3224 -14780 END
START -15400 -30412 -6060 -3444 5396 -18008 END
START -15704 -27708 -3900 -1411 6294 -21251 END
START -15692 -25116 -1692 -1649 6452 -23117 END
START -15444 -22904 -88 -3470 6293 -24324 END
START -15372 -20536 268 -5582 6394 -25593 END
START -15104 -18056 532 -5197 6454 -26192 END
START -13056 -13244 1736 -5455 7368 -25444 END
START -10952 -10248 3672 -6677 7149 -25035 END
START -7916 -6760 3300 -7480 5198 -23044 END
START -5516 -4700 1688 -4398 4500 -20572 END
START -3860 -1708 1344 -3187 4479 -17255 END
START -2560 -488 1552 -6665 4431 -13515 END
START -1188 -1620 2220 -8305 4000 -11064 END
START -848 -2336 2396 -5189 1807 -8703 END
START -20 -2060 1480 -2973 -340 -6519 END
START 296 -2444 1256 -3354 -836 -4444 END
START 420 -2440 1812 -5134 -1806 -2340 END
START 96 -4248 2372 -4284 -4127 -1594 END
START -300 -3484 1868 -1479 -6301 73 END
START -204 -3292 1800 -362 -7489 873 END
START -652 -2116 2680 1306 -8072 2295 END
START -980 -1080 4800 1637 -9312 4532 END
START -2156 -1272 6772 825 -11730 7174 END
START -3432 -2776 8268 -902 -15290 9627 END
START -4564 -5044 7876 -1589 -17646 12315 END
START -6580 -6596 6480 -5506 -20417 14724 END
START -9100 -9736 4048 -6814 -22175 15893 END
START -12784 -10704 1844 -994 -23567 16802 END
START -12832 -11784 -1104 2244 -25375 18365 END
START -12848 -12836 -2136 3114 -24045 19320 END
START -15328 -16868 -6404 1192 -24254 20943 END