START 4888 -8224 -4844 -412 3477 152 END
START 1832 -2516 -5976 -1460 8667 4979 END
START -1404 -500 -4272 -1843 9847 6785 END
START -4036 1360 -3268 -3078 9044 11083 END
START -4756 -420 -3076 -3284 10356 15273 END
START -7656 -964 -1872 -1410 11538 16594 END
START -8268 -2356 -400 1021 11228 17777 END
START -9616 -3112 1200 1704 11281 19842 END
START -10344 -4800 2480 -1656 9914 22279 END
START -11388 -8808 4368 983 7794 23832 END
START -10960 -9536 7480 10720 5815 24793 END
START -11156 -9944 7640 9853 4515 27991 END
START -12732 -18264 5168 8215 5426 30847 END
START -13696 -25316 5904 14289 8438 29048 END
START -11968 -29036 7044 20288 9576 27295 END
START -12120 -32768 8476 14630 11988 26359 END
START -14016 -32768 11768 5663 11752 22735 END
START -12080 -32768 12036 5208 8123 15669 END
START -9116 -32768 9276 5529 4854 8893 END
START -7344 -32768 7824 2273 4146 2801 END
START -7392 -32768 7488 -1968 3084 -3733 END
START -9204 -32768 7084 -6001 888 -9841 END
START -11164 -32768 7512 -5336 -994 -15006 END
START -11240 -32768 7440 -4969 -2876 -19281 END
START -12856 -31240 4936 -6957 -3894 -22518 END
START -11668 -27516 3760 -9971 -2341 -24076 END
START -11628 -26056 4916 -11093 -1809 -25934 END
START -12012 -23204 5312 -9074 -2340 -27190 END
START -10304 -19756 3216 -11067 -1220 -26718 END
START -8476 -16888 3744 -13921 710 -25962 END
START -8064 -14856 5092 -11842 277 -25102 END
START -7320 -11256 3316 -9093 -514 -24106 END
START -4932 -7788 2756 -7733 934 -22151 END
START -3004 -5248 3424 -9006 1475 -19012 END
START -2368 -4412 2816 -11356 701 -16522 END
START -2620 -2228 2144 -9881 508 -13862 END
START -1620 396 1308 -7092 1073 -11219 END
START 184 1204 1476 -6539 123 -8648 END
START 1212 2440 1240 -6297 59 -5673 END
START 1740 2144 2152 -6795 -397 -3729 END
START 1188 1892 1884 -4464 -2208 -2151 END
START 1888 1712 1164 -890 -3583 -473 END
START 2356 1172 552 211 -4230 1168 END
START 1792 -216 192 388 -3266 2471 END
START 1516 -1408 1008 -275 -1991 4836 END
START 876 -2252 4160 893 -1299 5251 END
START -76 -2888 8312 6906 -4458 6951 END
START -1584 -3744 10224 13698 -8629 11067 END
START -1564 -4120 11004 13520 -11388 14387 END
START -1924 -4672 12296 8382 -12650 17348 END
START -5592 -7800 13372 6967 -17130 19363 END
START -8608 -14156 6864 10482 -22615 22756 END
START -10088 -18228 -600 16931 -22995 24489 END
START -9932 -25748 -5244 19929 -18145 25149 END
START -12264 -32768 -9004 22980 -14747 22515 END
START -13052 -32768 -10400 25480 -9225 17465 END