START 2132 -3856 -1080 739 4595 -2883 END
START 1120 936 -2472 476 4558 3068 END
START 552 1564 -1820 2733 3657 5839 END
START -668 2160 -2084 4577 4132 8573 END
START -2032 2800 -1196 3970 3631 10357 END
START -2712 1720 224 6580 1583 12851 END
START -4008 -572 -280 11997 -1266 15566 END
START -5820 -1216 -2148 11908 -340 18499 END
START -6336 -2064 -2920 6341 3187 22347 END
START -7596 -6440 -1204 4168 4636 25515 END
START -10708 -13600 688 10794 2446 27076 END
START -11964 -19480 2784 21613 832 27623 END
START -11628 -23156 4668 27149 1437 26643 END
START -11200 -25640 5820 19311 6233 26727 END
START -12192 -31400 7420 5114 8151 25738 END
START -12144 -32768 6284 4100 8175 22192 END
START -11552 -32768 6172 8624 7321 19553 END
START -11672 -32768 5980 13231 5473 16036 END
START -11816 -32768 7024 15373 4017 10574 END
START -11064 -32768 6256 4702 3191 4672 END
START -10024 -32768 4676 -4406 3737 -548 END
START -10268 -32768 4224 -4799 2839 -6112 END
START -11012 -32768 2632 -4785 1165 -10475 END
START -11280 -32552 1512 -5047 1406 -13917 END
START -11840 -30464 1508 -7241 2482 -15990 END
START -11800 -30644 1892 -8656 2265 -18663 END
START -11976 -29528 1944 -8815 2422 -21190 END
START -12208 -26524 2444 -10094 2655 -23652 END
START -11268 -23060 1672 -11634 4535 -23884 END
START -9284 -18952 2792 -12760 6801 -23854 END
START -9160 -16584 4204 -9094 5920 -24420 END
START -8044 -13328 4144 -4273 3836 -24241 END
START -6604 -7784 4012 -6034 5010 -22586 END
START -4568 -5992 4808 -10871 5323 -20686 END
START -2288 -3432 4168 -8402 3923 -17869 END
START -500 -284 2352 -7438 2425 -14541 END
START 652 496 1212 -8592 3166 -11193 END
START 1416 -40 1680 -8610 3657 -8887 END
START 2524 12 1728 -6538 2215 -6938 END
START 3568 1124 1604 -2120 830 -4495 END
START 4476 2412 1476 -753 -96 -1671 END
START 4988 648 2024 -1716 -1125 678 END
START 4688 -1140 2332 -245 -2555 1654 END
START 3552 -1084 2752 964 -4430 3264 END
START 3884 -1748 2840 -86 -6055 5247 END
START 2928 -2660 3440 -769 -6304 7506 END
START 1000 -4652 5352 1954 -6958 7943 END
START -352 -4516 6616 4898 -7679 8662 END
START 120 -3600 7276 3829 -5560 9067 END
START -1200 -2392 12088 -2100 -6977 10359 END
START -4056 -3056 15092 -304 -12850 13554 END
START -8220 -4192 12652 2560 -18203 19768 END
START -11288 -9572 9216 3672 -18999 22191 END
START -12444 -14556 4172 5614 -19722 23985 END
START -14648 -23044 -2296 7957 -22070 23958 END
START -16928 -28832 -7288 14760 -21671 24453 END
START -17856 -32768 -8216 17580 -19509 23025 END
START -18012 -32768 -5976 14295 -16131 20609 END
START -17632 -32768 -7012 6354 -16909 16967 END
START -18468 -32768 -15136 530 -15596 12693 END
START -17652 -32768 -20248 -5141 -11915 8829 END
START -15736 -32768 -19532 -3801 -9088 3325 END