START 1212 -952 1744 -2322 979 3430 END
START -1908 5508 96 -1644 1687 10160 END
START -2792 4496 684 -1374 1507 14848 END
START -4368 3976 1176 2339 2372 19752 END
START -6672 2720 2124 4816 1130 22478 END
START -8720 -380 2044 8904 -1514 24679 END
START -10040 -4680 1728 18729 -1646 27288 END
START -11104 -6776 2248 24560 485 32322 END
START -14256 -13012 4672 21675 1794 32767 END
START -16700 -22400 6448 20029 1601 32767 END
START -17080 -28260 5124 20783 4398 32767 END
START -18160 -30552 4504 13334 8457 32767 END
START -18708 -32768 5348 6281 9018 29689 END
START -18476 -32768 7184 12312 7841 24938 END
START -15996 -32768 7124 14898 4648 19618 END
START -13212 -32768 5408 8574 2625 14329 END
START -12128 -32768 1204 492 2104 8076 END
START -11944 -32768 344 -915 4831 -1072 END
START -12272 -32768 4248 994 5135 -9388 END
START -12556 -32768 6200 -886 2736 -15444 END
START -13056 -32768 5912 -5673 958 -19111 END
START -13640 -32768 3612 -9906 948 -22782 END
START -15300 -31680 2412 -12020 2408 -26579 END
START -16024 -27828 3700 -10864 3796 -28033 END
START -16708 -24644 5200 -10718 4017 -28741 END
START -16904 -20548 6012 -12218 3985 -28756 END
START -15944 -18288 7396 -10279 3511 -29569 END
START -13740 -12816 7668 -8352 2313 -29339 END
START -10908 -8092 7732 -6812 1712 -28095 END
START -8068 -3012 7240 -9005 966 -24832 END
START -5560 -204 6672 -10727 -181 -21761 END
START -2620 2508 4212 -9887 -1568 -17789 END
START -780 3364 1728 -10276 -1689 -13006 END
START 484 2912 -368 -8710 -581 -9761 END
START 2056 2508 180 -5512 452 -7664 END
START 2664 1948 -632 -4616 -1111 -4860 END
START 2828 1156 -1192 -2110 -848 -3002 END
START 3064 1060 -828 -1512 -339 -1415 END
START 2896 856 -80 -123 -1213 740 END
START 3104 308 640 1893 -2635 2984 END
START 2520 64 664 2215 -2543 5384 END
START 704 -436 2256 847 -2214 7836 END
START -1156 -1584 5484 -1454 -2318 9473 END
START -1724 -1600 9204 -1346 -4574 11408 END
START -3140 -2488 12228 -2566 -8320 14609 END
START -5568 -4188 16148 4570 -14166 17026 END
START -5556 -3604 15156 5383 -21251 21368 END
START -7544 -3796 11632 -5526 -22946 26345 END
START -11340 -8548 5268 -14130 -23377 28939 END
START -15456 -16292 -1632 -8922 -24914 27957 END
START -18640 -26816 -10600 1451 -25852 26203 END
START -20340 -32768 -16828 18186 -20965 22054 END
START -19200 -32768 -13136 19851 -14644 16975 END