START 2668 -4904 -3256 -1695 1589 53 END
START 1508 -1528 -3340 -1928 2239 2198 END
START 700 -48 -3948 -2038 3223 4576 END
START -548 1584 -3344 -1344 3497 6907 END
START -748 980 -2336 -86 3324 9884 END
START -3040 1156 -940 1005 4045 13187 END
START -4808 136 1884 -324 1846 15534 END
START -7372 -976 728 828 -514 18986 END
START -7116 -6724 -1808 4932 -434 23664 END
START -9108 -8780 -992 11280 1940 26093 END
START -7924 -12132 4868 12947 3338 28020 END
START -9804 -14508 6604 7920 3003 29758 END
START -11888 -23148 3988 975 2143 31903 END
START -13884 -27616 1312 325 3746 29964 END
START -13644 -31644 2284 6660 5072 28576 END
START -13548 -32768 3212 10387 4428 26354 END
START -12340 -32768 1704 9128 6275 21439 END
START -11448 -32768 3576 2635 7656 15534 END
START -12228 -32768 4808 -1985 4628 10197 END
START -14004 -32768 3084 -703 533 4167 END
START -14176 -32768 1312 740 79 -3752 END
START -13224 -32768 1364 -1392 2793 -11666 END
START -13000 -32768 1360 -5404 2528 -16376 END
START -12896 -31876 92 -5681 2053 -18812 END
START -12640 -29324 -1868 -3175 3260 -20969 END
START -12092 -26760 -892 -4939 5111 -22507 END
START -13964 -25940 36 -6996 5141 -24171 END
START -15144 -22836 800 -4595 5247 -25774 END
START -13964 -18420 2536 -5028 6530 -26357 END
START -12936 -15660 4392 -4177 5776 -26376 END
START -10896 -11424 3560 -1831 4251 -25535 END
START -8416 -7876 4248 -2471 4116 -24462 END
START -6864 -4888 3896 -4163 3573 -22084 END
START -4604 -4256 2820 -5013 2681 -19815 END
START -2612 -2724 2188 -3006 1600 -16886 END
START -284 -1184 1032 -3235 1904 -14366 END
START 1328 440 704 -4496 2123 -11678 END
START 1940 392 724 -4472 1470 -8561 END
START 2144 216 1060 -2655 440 -6223 END
START 3028 -188 1356 -1954 -472 -4076 END
START 4400 92 592 -2886 -1978 -1907 END
START 3996 -180 -8 -3284 -2733 717 END
START 3264 -1832 1052 -71 -3120 2364 END
START 3520 -2976 1700 879 -4589 4091 END
START 1852 -4568 3320 403 -6202 5280 END
START 272 -6140 4640 -220 -7353 7092 END
START -1096 -6496 5868 -319 -8139 8026 END
START -3724 -5540 8944 3992 -9418 8853 END
START -3860 -3676 11884 4277 -12903 11023 END
START -4072 -4412 13408 1256 -16519 13709 END
START -4484 -4684 11536 -514 -20220 17404 END
START -6212 -9584 5224 -1882 -24528 21271 END
START -8828 -13800 -700 1191 -23586 23085 END
START -9940 -18264 -4864 3547 -19757 23631 END
START -11560 -24848 -7540 5224 -19487 23718 END
START -14600 -31576 -9872 8040 -20070 22601 END
START -16608 -32768 -12884 10497 -17227 18815 END
START -16480 -32768 -14124 9914 -11445 12680 END
START -14156 -32768 -11252 8350 -8795 6776 END