START 732 -4836 -3168 -151 2056 7107 END
START -1708 -3900 -2664 2624 2364 8804 END
START -3428 -4352 -2060 4302 2383 9650 END
START -4532 -6060 -232 6695 1880 10502 END
START -4464 -6384 424 9725 490 11238 END
START -5032 -6296 -848 6935 -401 12865 END
START -5848 -7740 -2544 4021 570 14108 END
START -7100 -7764 -428 6123 2509 15360 END
START -6464 -6328 4248 9998 1610 19176 END
START -6828 -7752 4160 7736 -2437 23059 END
START -8888 -13396 -2084 6371 -2528 26695 END
START -11780 -17680 -3572 10800 2270 26209 END
START -12840 -16808 2780 15254 4014 25980 END
START -11788 -16336 6076 9710 2986 27408 END
START -14584 -22000 1580 -127 2602 29897 END
START -17572 -30800 -1404 1136 5034 27700 END
START -18348 -32768 1268 10448 4248 23149 END
START -16228 -32768 2864 11534 3414 18403 END
START -15756 -32768 2848 -1567 4353 13193 END
START -16420 -32768 720 -7848 3535 7643 END
START -16484 -32768 -2296 -3135 2177 464 END
START -15276 -32768 -2604 -1382 2680 -6530 END
START -14716 -31288 -676 -1666 3168 -11178 END
START -14772 -27108 -396 -3346 3230 -14347 END
START -14308 -24628 -1568 -7616 3649 -16318 END
START -14280 -24048 -3684 -7856 5175 -18004 END
START -14096 -23316 -4296 -5315 6092 -20005 END
START -13900 -21888 -3304 -2046 7026 -22416 END
START -13848 -19624 -2120 -981 7136 -22916 END
START -13060 -18336 -296 -1683 6663 -22200 END
START -12712 -17804 396 -2257 6314 -22376 END
START -11704 -16168 1396 -3568 6256 -22644 END
START -10636 -14940 1704 -4123 5827 -22255 END
START -8876 -12984 1348 -4933 5358 -21096 END
START -6976 -10808 2628 -4317 4558 -20526 END
START -4640 -8340 1964 -4559 3308 -18369 END
START -2924 -7596 1276 -5066 3354 -16666 END
START -1504 -5124 276 -4580 3766 -14576 END
START -116 -3572 528 -6460 4046 -12471 END
START -136 -3808 2096 -4906 2573 -9907 END
START 524 -4408 2304 -3282 -31 -7948 END
START 1096 -4600 1176 -2114 -1521 -5898 END
START 2484 -4432 28 -3101 -2002 -4628 END
START 2252 -4852 -1032 -2979 -2806 -3422 END
START 2032 -6388 -1208 -1549 -3588 -2282 END
START 1608 -6104 -1172 698 -4860 -879 END
START 2256 -5924 -1460 -18 -5559 210 END
START 2908 -5140 -2336 -736 -4803 1520 END
START 2712 -4584 -1032 -1618 -3813 3072 END
START 872 -4488 2336 84 -4889 4508 END
START -1048 -3800 4832 2963 -7359 6325 END
START -1916 -3532 7676 3539 -10510 8782 END
START -2848 -4452 9872 2351 -13440 10847 END
START -5060 -6252 10204 789 -17213 12327 END
START -6864 -7508 8728 -1303 -21480 14465 END
START -8656 -8672 5756 -2250 -23873 17293 END
START -11276 -11888 3676 -1168 -25541 17681 END
START -11704 -16500 -1700 2461 -27958 18531 END
START -12504 -18716 -6148 3659 -26753 18269 END
START -14900 -18624 -6300 1064 -23394 19328 END
START -18072 -24640 -8036 -2181 -24076 19248 END
START -20632 -29036 -11836 -582 -22744 16569 END
START -20672 -32768 -15672 576 -19399 12613 END
START -19912 -32768 -20060 382 -15010 7637 END
START -17660 -32768 -21712 61 -10757 2124 END