START -2852 40 -2664 -1701 2558 5510 END
START -3624 -2200 -2868 1951 4867 7835 END
START -4336 -2544 -3076 6091 6940 10262 END
START -5080 -5116 -3108 7788 6975 12926 END
START -5208 -11356 -5792 9067 7606 16374 END
START -4328 -19000 -8520 11346 10157 18291 END
START -4876 -28552 -9252 7085 13682 18672 END
START -9048 -32768 -6468 4502 15481 15776 END
START -12612 -32768 -1352 10621 15200 7933 END
START -11208 -32768 4140 85 14793 -2698 END
START -11276 -32768 4680 -7268 13989 -11402 END
START -8476 -32768 2808 -7921 13666 -17271 END
START -6508 -28904 2624 -9493 14591 -20193 END
START -6452 -21644 4460 -9634 14550 -20595 END
START -5480 -17176 7580 -6620 12405 -20793 END
START -3384 -12188 9648 -6045 9799 -19733 END
START -2388 -9092 11384 -5848 7153 -17852 END
START -1528 -6180 11640 -8457 5170 -15262 END
START -1172 -5332 12240 -9421 1745 -13803 END
START 12 -2620 10500 -8287 -1471 -12063 END
START 448 -144 8580 -8837 -3772 -10733 END
START -252 3112 6432 -7491 -5617 -8551 END
START 248 5552 4400 -5873 -7024 -5474 END
START -604 8856 2864 -2891 -7864 -2425 END
START -1136 11644 2104 -2028 -8581 2335 END
START -2112 12956 1212 -3019 -9377 8429 END
START -3612 12812 -836 -2633 -11212 15320 END
START -6784 9556 -5104 -1825 -12696 21587 END
START -11504 312 -15184 650 -13236 26075 END
START -14052 -7148 -27824 5590 -10932 27845 END
START -16804 -15936 -32768 9193 -4236 29717 END
START -18124 -22944 -32768 15221 9904 29825 END
START -20680 -28396 -32768 16690 21348 28836 END
START -22952 -32768 -25184 17036 27417 27656 END
START -25752 -32768 -17084 14698 32767 23652 END
START -27836 -32768 -2052 9616 32767 15238 END
START -24412 -32768 16340 15772 32767 3363 END
START -16200 -32768 22584 18185 29418 -7250 END
START -10612 -29456 24248 14193 23997 -14729 END