START 2200 704 -60 -3511 665 4539 END
START -1156 2772 -2244 -3294 374 14120 END
START -5400 556 -1576 3173 1693 18500 END
START -7960 -760 1748 11161 2650 22010 END
START -8104 -4076 4964 14587 1547 26445 END
START -10264 -10828 4868 16013 1054 30333 END
START -11264 -16440 5044 16853 2892 31361 END
START -11556 -21136 3980 15207 4358 31252 END
START -12280 -24008 4208 10480 8463 30688 END
START -12624 -30420 8076 8935 9525 29934 END
START -12496 -32768 8844 12584 6680 27765 END
START -11248 -32768 5584 15307 4159 23681 END
START -9788 -32768 5524 15892 7929 17098 END
START -7096 -32768 9064 14141 8182 10805 END
START -4892 -32768 11604 9930 4933 4856 END
START -5100 -32768 10732 3451 1075 -437 END
START -6544 -32768 5612 -7006 -678 -6181 END
START -8396 -32768 3352 -8811 1813 -13076 END
START -9684 -32768 4256 -6271 3348 -17988 END
START -10716 -30492 5164 -5459 2894 -20869 END
START -11532 -28492 5316 -10924 2259 -22211 END
START -12232 -25992 4928 -12023 3021 -23699 END
START -12648 -23232 5480 -11123 4061 -25421 END
START -12456 -19852 6272 -8821 3221 -26023 END
START -9820 -16452 5404 -9555 2813 -25236 END
START -9028 -14448 5544 -11144 2968 -25171 END
START -8296 -10668 7064 -10192 2602 -23987 END
START -6456 -6928 7492 -9335 918 -21517 END
START -3796 -4636 6088 -10390 -149 -18596 END
START -724 -2248 4740 -9785 289 -15947 END
START 216 100 3604 -10588 -1072 -12362 END
START 1468 -672 1092 -10971 -1330 -9376 END
START 1868 -1492 -320 -8237 -893 -7064 END
START 2200 -776 -708 -4279 -270 -5588 END
START 1976 204 -704 -4603 284 -3464 END
START 2132 820 -164 -4883 402 -1296 END
START 2668 624 836 -3716 -516 291 END
START 3024 1252 1552 1077 -2219 1985 END
START 2040 1640 1332 1621 -3806 5115 END
START 424 120 2808 1960 -4237 7356 END
START -780 -1596 6000 1577 -4720 8682 END
START -2776 -1884 9796 2106 -7205 10410 END
START -4068 -3304 13636 6189 -10910 13297 END
START -4864 -3128 16044 4874 -13908 16342 END
START -5136 -5008 15728 382 -16296 20417 END
START -6840 -9300 9212 -2740 -19609 23434 END
START -8416 -13424 2832 -1855 -21037 24957 END
START -9972 -21412 -4076 5793 -22087 24508 END
START -10280 -29676 -10024 20890 -18643 21666 END
START -12536 -32768 -10280 23391 -14863 19834 END