START -2972 -12764 2460 -4044 1674 -20149 END
START -1392 -11792 2196 -4477 728 -19014 END
START 336 -11048 1876 -4435 -770 -17085 END
START 876 -9904 1088 -4317 -1143 -15650 END
START 732 -8668 960 -4673 -885 -14570 END
START 1352 -7856 1328 -5131 -1082 -13200 END
START 1432 -6140 1420 -4373 -1199 -11254 END
START 1928 -5488 1740 -2705 -1973 -9040 END
START 2768 -5640 2528 -100 -3431 -6812 END
START 2980 -4676 2032 1830 -4644 -4661 END
START 3320 -3108 1932 916 -5371 -1980 END
START 3756 -2512 1660 -1879 -5858 1134 END
START 3384 -3672 1840 -924 -6317 4176 END
START 2684 -4800 2484 4781 -8482 7084 END
START 2520 -4256 2160 9951 -9529 9985 END
START 1816 -5312 3176 11958 -10120 13530 END
START 260 -6732 4804 14955 -11043 16724 END
START -1340 -8328 6088 16874 -11888 20350 END
START -3468 -11036 8940 18134 -13844 23168 END
START -5576 -13040 9916 16120 -15740 25436 END
START -6524 -15432 10296 12125 -16454 26731 END
START -8360 -17148 12116 7876 -20778 28379 END
START -12248 -21292 7112 1711 -26659 29013 END
START -15388 -29336 -2632 2900 -27101 27092 END
START -16028 -32768 -5872 3322 -25423 22826 END
START -14756 -32768 -4548 2477 -23503 17580 END
START -13880 -32768 -7644 -2193 -22388 12661 END
START -12956 -32768 -12148 -8829 -18406 6890 END
START -11700 -31300 -12584 -11308 -13704 1030 END
START -10132 -26484 -11952 -10870 -9791 -2346 END
START -8668 -22900 -10828 -10094 -6538 -4416 END
START -8572 -20584 -8724 -8854 -3215 -5994 END
START -7500 -18168 -6088 -7413 420 -6699 END
START -7612 -17524 -3216 -5958 2493 -7149 END
START -6268 -17772 -216 -5960 2146 -7074 END
START -5048 -18388 264 -5325 2306 -7961 END
START -4444 -18496 140 -4889 2162 -8333 END
START -4156 -18384 576 -6182 2753 -9133 END
START -3688 -17556 744 -7904 2780 -9946 END
START -3684 -16308 1124 -8656 3099 -10237 END
START -3244 -15148 1312 -7497 2865 -10553 END
START -3324 -14956 968 -5563 3213 -11382 END
START -3684 -15180 1380 -2721 3648 -13193 END
START -3468 -14168 1360 -277 3991 -15509 END