START 2628 -7428 -3292 -15168 3384 -6354 END
START 132 -4124 -3572 -7141 4997 -1826 END
START -216 -4212 -2132 -3048 2064 -1000 END
START 384 -3424 -2992 -2528 -1373 2513 END
START 1804 -5472 -5328 -1593 -945 2990 END
START -8 -6304 -9320 -2213 -2796 3204 END
START -816 -6932 -19992 2076 -193 551 END
START -1788 -6656 -25600 9030 9601 -852 END
START -2896 -5192 -25768 6993 14221 138 END
START -3840 -4196 -24068 5394 17733 770 END
START -3444 -2160 -20024 7943 20404 2116 END
START -3424 488 -14952 10034 22110 3961 END
START -3044 1468 -8852 9712 21841 7402 END
START -2300 1640 -2472 9607 20281 10215 END
START -1588 1872 2784 9080 16345 13393 END
START -1032 -504 5820 10379 10417 15157 END
START -1176 -1656 7896 12768 6888 17599 END
START -892 -3484 10396 13511 4606 20817 END
START -1760 -5744 13384 9152 1401 23545 END
START -3240 -11924 16956 4910 -3511 26836 END
START -3940 -19044 19444 12677 -9296 24940 END
START -4896 -22320 17780 14453 -15282 24236 END
START -4172 -28596 17116 7979 -17598 23219 END
START -3360 -32768 14600 4218 -22803 19365 END
START -7404 -32768 2352 4537 -30822 13135 END
START -9952 -32768 -9432 4702 -28365 6894 END
START -11132 -32768 -14104 -3640 -24553 1755 END
START -12484 -32768 -20848 -7560 -21724 -6715 END
START -12576 -32768 -24516 -4667 -16624 -12405 END
START -10948 -26976 -22556 -8476 -11098 -14744 END
START -9824 -20140 -19000 -12276 -6826 -14935 END
START -8956 -14392 -17516 -12003 -3655 -14568 END
START -7316 -9072 -14652 -11969 -279 -12815 END
START -6528 -6104 -11196 -10633 2016 -10973 END
START -5524 -4164 -8096 -7335 3198 -8512 END
START -4292 -2668 -5624 -4454 3008 -5158 END
START -3720 -1920 -4372 -1858 3813 -1862 END
START -3700 -1064 -2812 -2238 4964 1148 END
START -3780 -2196 -2700 -3566 5456 4288 END
START -3944 -3632 -2244 -44 4546 6521 END
START -4364 -4736 -4084 5137 3488 9334 END
START -4684 -7012 -6176 7909 4477 11350 END
START -5124 -11692 -10016 8001 5331 12157 END
START -3876 -18684 -15488 10661 6705 13162 END
START -3852 -25660 -19152 12215 10137 12398 END
START -5616 -32768 -18616 4549 13959 11187 END
START -5248 -32768 -12324 3052 16058 6622 END
START -7120 -32768 -8584 2362 14055 -1643 END
START -7908 -32768 -7212 -3666 15197 -7734 END
START -7336 -32768 -2916 -10913 18435 -13198 END
START -5968 -30520 1384 -13056 17269 -17226 END
START -4496 -21244 3408 -10508 14374 -18451 END
START -2320 -15972 4968 -11495 11355 -17116 END
START -1036 -12400 6068 -10115 7339 -16310 END
START -364 -8720 6144 -7890 3169 -15172 END
START -764 -7420 5372 -10954 2713 -12978 END
START -608 -6896 5096 -15116 4103 -11669 END
START -624 -4160 6080 -10985 1642 -12056 END
START 52 84 4964 -5822 -3122 -10544 END
START 1356 3400 2676 -3477 -3841 -8633 END
START 924 6648 2028 -4930 -4149 -5247 END
START 1052 7792 1192 -5040 -4767 -1197 END
START 228 7332 2032 154 -7165 1834 END
START -1240 5492 2036 5400 -10452 4214 END
START -3988 2904 1316 7247 -11886 6440 END
START -5456 -456 -776 7619 -13300 8520 END
START -6456 -1884 -6104 8579 -14593 9984 END
START -7388 -2524 -10580 11461 -13887 12768 END
START -7404 -4088 -15140 12649 -11681 16944 END
START -9376 -8480 -20268 12683 -8803 21106 END
START -10860 -14584 -23376 15307 -6257 23510 END
START -11276 -19936 -30072 17932 -1957 25084 END
START -15524 -24928 -32768 14663 5437 27874 END
START -16920 -31104 -32768 5461 15799 28228 END
START -18836 -32768 -29384 825 27296 26711 END
START -19300 -32768 -19320 7065 32767 20971 END
START -18884 -32768 -5328 8690 32767 14599 END
START -15576 -32768 4244 5109 31995 8276 END
START -11280 -31092 10356 2252 27342 2283 END
START -7780 -26300 11812 -1243 20703 -2816 END
START -4012 -20748 10400 -1306 15415 -5560 END
START -2336 -15808 8884 -1943 12710 -7343 END
START -2428 -11832 9720 -2696 7971 -8966 END
START -1536 -10076 9948 -1365 3546 -10130 END
START -1612 -8572 8896 -866 57 -9878 END
START -1404 -7180 7520 -1787 -3291 -8705 END
START -1464 -6336 6084 -1096 -4057 -5607 END