START -100 3564 648 -779 1223 5703 END
START -868 2396 776 -612 1612 9072 END
START -2328 2544 -960 -635 2783 11746 END
START -3092 764 -1272 -2014 5065 14453 END
START -4920 -396 -664 -2217 5517 16474 END
START -6252 -2112 -420 -1934 3836 18467 END
START -7928 -3028 -392 838 3105 22270 END
START -9400 -5436 412 4004 2207 26758 END
START -11692 -8844 -1676 5836 -408 30065 END
START -14352 -13704 -4904 9914 339 31809 END
START -17884 -16632 -4500 13502 5305 31138 END
START -19324 -18792 1728 11792 6619 30619 END
START -20696 -21312 6632 12862 3655 30259 END
START -20404 -24668 4828 10810 363 29814 END
START -19728 -30576 -304 5540 1359 26633 END
START -19972 -32768 -1412 6630 3065 21782 END
START -18200 -32768 -976 8873 2669 16063 END
START -16060 -32768 -560 5362 2307 10787 END
START -15072 -32768 -2152 2934 1822 5559 END
START -14368 -32768 -3908 2585 1782 -581 END
START -15196 -32768 -3056 2347 2683 -6935 END
START -15604 -32768 -1084 1384 2096 -12251 END
START -15052 -30208 -860 -136 1879 -15719 END
START -15724 -28012 -800 -2454 2486 -18001 END
START -17540 -26984 -232 -4480 3365 -20850 END
START -19136 -25892 1196 -4684 3207 -23354 END
START -18708 -23140 668 -3507 2510 -24607 END
START -16972 -21052 -376 -4893 2601 -25598 END
START -16652 -19608 -1760 -5570 3530 -26367 END
START -15512 -18408 -2196 -2307 4555 -27758 END
START -14248 -13900 452 -2213 5574 -28203 END
START -12648 -11208 2720 -3187 4944 -27090 END
START -10392 -8860 3932 -3063 3206 -25535 END
START -8152 -6656 2924 -3651 1826 -24411 END
START -6008 -3288 2480 -3616 1929 -22392 END
START -2740 -912 2776 -5759 2367 -18899 END
START -560 -892 3180 -6629 1381 -15384 END
START 936 -136 2564 -4867 -567 -10864 END
START 2200 -1372 1024 -3872 -1388 -7242 END
START 2464 -2624 -40 -4040 -1810 -5310 END
START 2924 -3784 -132 -4120 -2255 -3660 END
START 3244 -4696 116 -3768 -2750 -3385 END
START 3168 -4320 -976 -3817 -3449 -1471 END
START 3916 -4576 -1484 -2199 -3879 119 END
START 3900 -4980 -1892 -424 -3799 917 END
START 3632 -5088 -1488 2065 -4187 3161 END
START 3216 -4772 -696 3508 -4743 4638 END
START 1788 -4808 576 4202 -4738 6235 END
START 936 -5648 1400 5548 -5215 7916 END
START 188 -6164 940 6592 -6527 10124 END
START -1064 -6800 132 6735 -5781 12191 END
START -2336 -7508 1504 7374 -2779 12252 END
START -3244 -6148 4620 8311 -1755 13580 END
START -5048 -5388 11860 8237 -5058 16550 END
START -8432 -5208 15512 7636 -11697 19806 END
START -11196 -7772 12412 985 -17464 24078 END
START -14856 -12468 5116 -9820 -22428 26303 END