START 4188 -5476 -1372 -2459 2783 538 END
START 1704 -1212 -1432 -1058 3130 5877 END
START 272 176 -1820 -2763 2164 9065 END
START -1368 -912 -2784 -3655 2336 10944 END
START -3880 -1832 -3164 1508 3643 12443 END
START -4604 -1004 -2232 7619 3921 13427 END
START -5500 -940 -812 8085 3798 15438 END
START -6056 -816 1540 5453 4854 19022 END
START -6944 -1960 4700 -106 4523 25029 END
START -8756 -8276 4160 -131 433 29827 END
START -11980 -16364 1004 10933 -422 31256 END
START -13804 -20116 1188 19517 4568 29513 END
START -13980 -22296 6544 15557 7701 28605 END
START -13416 -25396 9928 6753 6522 27665 END
START -13080 -28164 9712 4652 4164 26115 END
START -12504 -29768 6964 5744 2174 24486 END
START -11852 -31712 4584 9212 2157 22679 END
START -11052 -32768 3460 11113 2644 19538 END
START -10268 -32768 3584 11036 3160 14776 END
START -9232 -32768 3740 5498 1663 9444 END
START -8932 -32768 1756 1205 -315 4471 END
START -9196 -32768 -1180 -279 56 -1708 END
START -9228 -32768 -2292 -1230 2255 -7399 END
START -10372 -32768 -84 -1749 2532 -12649 END
START -11544 -32768 396 -2312 1076 -16024 END
START -11644 -30584 -488 -5095 1890 -18296 END
START -12376 -28996 -940 -9435 3763 -20248 END
START -14228 -27152 1220 -9267 5073 -22908 END
START -13012 -24524 3020 -8725 4491 -24650 END
START -13256 -23260 3584 -6903 4272 -25250 END
START -12392 -19916 3532 -6780 4957 -25089 END
START -10676 -18560 5828 -7931 5244 -25427 END
START -9712 -17300 6500 -7667 3585 -26028 END
START -8924 -13432 6792 -6837 2841 -25332 END
START -6984 -11168 6908 -7968 1980 -23346 END
START -5012 -8900 6048 -8605 1171 -21814 END
START -3228 -6612 4796 -8290 731 -20580 END
START -2088 -4060 3980 -8612 59 -18172 END
START -856 -2524 1444 -8165 -115 -15184 END
START 580 -640 32 -7926 583 -12304 END
START 1808 580 252 -6322 955 -10427 END
START 2416 2144 392 -3728 -235 -7771 END
START 3604 2600 -1040 -2591 -1063 -4110 END
START 4328 1488 -1084 -1462 -869 -1957 END
START 3736 28 440 1218 -1773 -698 END
START 2768 -588 760 3996 -3661 1448 END
START 2672 -2648 1512 4045 -5693 2820 END
START 1852 -3676 1636 3569 -6696 4222 END
START 1200 -4196 1908 2476 -6883 5912 END
START 736 -3920 1972 3508 -6738 7060 END
START 1052 -3444 3328 6582 -6487 8601 END
START 656 -2764 5552 7144 -6409 11046 END
START 96 -3872 9072 6199 -8112 13262 END
START -1724 -3208 10796 8581 -11518 17191 END
START -2992 -5440 11392 7788 -14777 22407 END
START -5856 -10676 9840 7213 -18324 25841 END
START -8964 -17280 3520 10292 -20305 27452 END
START -10820 -22100 -196 15215 -17621 26791 END
START -11472 -24996 220 15644 -14509 25667 END
START -13888 -31044 -1836 11134 -13655 24902 END
START -16080 -32768 -8156 11699 -10675 20584 END