START 1252 -2424 356 107 5655 124 END
START -1212 2532 32 1894 3922 6412 END
START -1828 3516 -1160 5993 2579 10642 END
START -3332 3592 -1664 8096 3102 14047 END
START -4876 2060 -916 8254 2866 17482 END
START -7048 -1064 -44 10398 2344 21154 END
START -8020 -4536 616 13981 2848 24643 END
START -9400 -6872 1440 14046 4326 28542 END
START -13440 -13948 3252 8269 3769 32326 END
START -13556 -24160 4052 15371 2964 32767 END
START -12588 -24008 5884 21314 6860 31483 END
START -14176 -27772 8096 8107 10283 31742 END
START -16272 -32768 8216 1068 7973 28773 END
START -14944 -32768 7020 9694 5261 23051 END
START -12788 -32768 6600 9720 5319 19180 END
START -11752 -32768 6336 4733 4526 14815 END
START -9800 -32768 3052 1594 2984 9254 END
START -9664 -32768 1252 654 2752 3405 END
START -11012 -32768 1964 1446 2999 -2882 END
START -11168 -32768 2996 -551 2534 -7474 END
START -11712 -32768 3156 -3917 1930 -11673 END
START -11504 -32768 1580 -6377 1802 -15548 END
START -12396 -31820 380 -8470 2123 -17378 END
START -13828 -31600 -884 -11004 3315 -19984 END
START -15176 -29096 -244 -10339 6072 -23478 END
START -15696 -25796 3344 -8956 7246 -25361 END
START -15260 -22112 6088 -7455 5728 -26232 END
START -13504 -19112 6616 -6958 4311 -26823 END
START -12520 -15120 6212 -7859 3863 -26697 END
START -10268 -11236 6260 -6837 4000 -26580 END
START -7964 -6624 5968 -6741 3429 -25254 END
START -4248 -1448 4104 -7273 3085 -22053 END
START -1644 2196 2884 -9743 3383 -18435 END
START -472 3408 1444 -8390 2655 -13451 END
START 908 3344 188 -4520 1874 -9371 END
START 1104 2316 140 -3155 2370 -5886 END
START 1488 1840 1660 -3389 1821 -4309 END
START 1980 1352 2224 -3794 279 -2509 END
START 2476 1044 2348 -1747 -1757 -174 END
START 2172 -708 3504 251 -4204 744 END
START 1848 -2172 4560 2658 -6619 1811 END
START 1008 -3288 5540 2447 -9253 2995 END
START 1316 -4536 5644 1076 -10794 4887 END
START 464 -4316 6300 682 -10859 5564 END
START -708 -3896 7940 -190 -12154 7336 END
START -2364 -4272 8952 3556 -14783 8707 END
START -2132 -2976 7492 6738 -17583 11267 END
START -2780 -744 8092 7587 -15649 14686 END
START -4728 -2300 9992 4984 -15199 19870 END
START -9672 -12072 8956 7570 -19274 23203 END
START -12436 -20512 6624 16809 -21995 23427 END
START -12932 -23208 2136 18758 -19763 23720 END
START -14840 -30240 -1244 7947 -15840 25310 END
START -17696 -32768 -7860 3222 -14906 20534 END