START 1044 -10784 -14024 -1206 4940 129 END
START 1288 -10648 -14780 1416 8268 -245 END
START 1328 -9312 -14596 4062 14148 367 END
START 316 -7628 -12244 7057 18365 1163 END
START 60 -6572 -9364 11583 21164 2100 END
START -372 -4064 -7044 13576 24076 3903 END
START -248 -3376 -3536 10860 26525 5750 END
START -1508 -3088 188 6265 27741 9134 END
START -2648 -3620 4688 10234 26964 12506 END
START -3428 -4624 8840 17787 23308 16742 END
START -4612 -6228 13496 25564 19512 20333 END
START -5500 -7404 17596 23073 15202 22693 END
START -7020 -10616 21504 11633 10413 22322 END
START -8288 -15436 26080 4112 5461 21695 END
START -8336 -17848 29176 3499 -2135 20784 END
START -7800 -19536 27780 -207 -11373 21305 END
START -8168 -22020 26144 -6765 -17604 20112 END
START -8592 -24224 22224 -11781 -24285 17640 END
START -8792 -30464 13004 -12205 -31911 14234 END
START -9148 -32768 756 -9325 -32538 9754 END
START -7716 -32768 -6712 -8280 -25704 3173 END
START -6528 -32768 -7532 -6141 -20662 -4078 END
START -5756 -28916 -7224 -3841 -17736 -7950 END
START -5508 -23028 -7400 -5124 -14488 -8872 END
START -5604 -18720 -7800 -7403 -11850 -9084 END
START -5720 -15004 -7700 -7679 -8910 -8864 END
START -5648 -11828 -7880 -6749 -5763 -7552 END
START -5328 -8660 -7524 -6862 -2386 -5048 END
START -4912 -8048 -6800 -6417 324 -2945 END
START -4072 -7756 -5592 -4758 1726 -1057 END
START -3832 -7840 -4812 -1644 3210 1316 END
START -3824 -7732 -4236 -538 5741 4343 END
START -4112 -9936 -3524 81 7837 6556 END
START -4536 -12476 -2740 2230 8924 7663 END
START -4888 -15040 -2888 4279 9648 8487 END
START -4476 -18592 -3896 4797 11832 8644 END
START -3856 -23500 -3924 7094 13762 8155 END
START -3448 -28532 -4048 8346 14938 5366 END
START -3516 -31404 -2952 4875 16218 1309 END
START -4636 -32768 688 2878 17857 -2526 END
START -6304 -32768 5056 3920 19577 -7540 END
START -7292 -32768 9652 2229 18356 -11909 END
START -6676 -32516 13740 -344 15306 -15803 END
START -5904 -28500 14864 -3849 10869 -19338 END
START -5376 -24120 14268 -8485 7637 -20933 END
START -4760 -19840 14008 -8045 5077 -21934 END
START -3560 -15480 12888 -7746 1824 -21400 END
START -2532 -12532 12064 -8333 -1588 -20286 END
START -1800 -10556 9816 -9388 -4628 -18786 END
START -1460 -8044 8492 -8125 -6312 -17938 END
START -1336 -5308 6364 -8272 -7770 -15701 END
START -556 -3416 5300 -9687 -9011 -13678 END
START -204 -1696 3936 -11296 -9904 -11087 END
START -40 -880 2220 -10420 -10256 -8420 END
START -4 844 348 -7161 -10684 -5617 END
START 748 2096 -1420 -6275 -10780 -2409 END
START 1136 1836 -2608 -4344 -10273 655 END
START 784 1948 -3008 410 -9426 3699 END
START 60 1524 -3240 3338 -9705 7388 END
START -944 -76 -4348 4851 -10344 11659 END
START -1328 -1280 -5800 5346 -8740 15699 END
START -2820 -2588 -6264 3049 -6870 19635 END
START -4892 -5984 -7356 2918 -8157 24076 END
START -6280 -10744 -11608 3791 -9414 27640 END
START -8156 -14388 -17508 -193 -6838 30242 END
START -9904 -22480 -27944 -9279 -3273 32396 END
START -12308 -27124 -32768 -10706 6127 31277 END
START -14024 -32768 -32768 -2727 20132 27715 END
START -17524 -32672 -32184 11612 31948 22127 END
START -18580 -30792 -19468 15463 32767 17803 END
START -19676 -28756 -8300 11609 32767 14208 END
START -20304 -27300 2636 6217 32767 10066 END
START -19072 -26104 12076 8753 32767 6168 END
START -16336 -23076 16412 10274 26058 1719 END