START -1196 8512 4144 6415 18921 20699 END
START -1876 6760 13312 12235 18854 27908 END
START -2688 2624 28348 31545 11565 32767 END
START -9100 -3824 32767 32767 -572 32767 END
START -21048 -28492 32767 14355 -20380 32767 END
START -24640 -32768 32767 -2326 -32768 32767 END
START -18452 -32768 14348 -8050 -32768 23277 END
START -13920 -32768 -4320 -3090 -32768 11209 END
START -12280 -32768 -16272 1241 -27974 469 END
START -11804 -32768 -18792 1706 -21424 -6145 END
START -11136 -32768 -16224 -1955 -15602 -9129 END
START -10320 -28096 -13640 -3886 -11864 -10681 END
START -9024 -21984 -11984 -5331 -9443 -11896 END
START -8948 -15840 -10436 -4036 -7549 -11264 END
START -9016 -10212 -8172 -2838 -4824 -9613 END
START -6676 -7120 -5612 -7404 -2014 -6966 END
START -4224 -4744 -3648 -10479 231 -4318 END
START -3604 -3256 -3220 -6000 1685 -1014 END
START -3592 -2324 -2564 -817 1727 1602 END
START -3628 -2224 -2660 436 2517 4192 END
START -4320 -3500 -3192 2261 5623 6140 END
START -5296 -4316 -2956 4357 8370 7696 END
START -6624 -5888 -3292 6560 9334 9848 END
START -5872 -8240 -4016 9830 10338 12731 END
START -4764 -14600 -5784 7246 12529 16074 END
START -8480 -27316 -7624 6662 13862 16559 END
START -11956 -32768 -5704 9919 16731 12361 END
START -12488 -32768 1004 5371 19289 5920 END
START -13412 -32768 8516 803 17791 -3878 END
START -10984 -32768 11996 -452 11818 -14504 END
START -7392 -32768 10920 -5093 10707 -20531 END
START -6172 -31696 10528 -8680 9910 -24060 END
START -6048 -23680 10588 -10632 8237 -25645 END
START -5592 -17996 10516 -11200 5669 -25828 END
START -4448 -13088 9184 -11000 3264 -25151 END
START -3376 -9040 8316 -10483 1465 -23805 END
START -2580 -6680 7880 -9904 -376 -20842 END
START -2096 -5540 6988 -8803 -1358 -19047 END
START -1248 -4044 5700 -9178 -1929 -17249 END
START -820 -3004 5160 -9330 -3122 -14602 END
START -340 -1420 4196 -5781 -5019 -12129 END
START 648 136 2808 -4835 -6036 -9306 END
START 1284 1776 2768 -4213 -6137 -6708 END
START 1228 2292 2260 -1972 -8152 -3446 END
START 1500 2640 1364 1236 -9874 243 END
START 1176 3012 432 2048 -10449 4014 END
START 448 3412 -548 2023 -10960 8320 END
START -888 4008 -1164 2666 -10265 13790 END
START -3808 4720 -592 1723 -11779 19793 END
START -7104 1680 -3960 2955 -14310 25744 END
START -11724 -2464 -10456 3959 -14945 31415 END
START -17064 -10356 -22548 999 -12562 32767 END
START -20536 -19172 -32768 601 -7154 32767 END
START -21552 -24780 -32768 6865 6382 32767 END
START -21624 -29772 -32768 10900 20261 29666 END
START -22556 -32768 -30004 15509 30349 25889 END
START -23904 -32768 -14804 21414 32767 21229 END
START -23880 -32768 560 9931 32767 13639 END
START -21260 -32768 8760 -3455 32767 4774 END
START -17204 -32732 14876 4333 32767 -2066 END
START -11396 -23984 15644 6691 23752 -6647 END
START -6332 -17584 14328 2114 16327 -9207 END
START -3960 -12252 11932 919 10428 -9980 END
START -2324 -8984 10500 376 6385 -9007 END