START 3588 -15028 -13708 6107 -3605 290 END
START 2220 -11800 -23240 9181 -2999 1722 END
START 740 -11744 -28032 10391 5229 1423 END
START -1924 -11428 -27720 7272 10359 1439 END
START -2492 -9708 -26996 9868 14836 1265 END
START -3552 -4256 -21796 15677 20874 1879 END
START -4064 76 -13484 16237 23271 4056 END
START -4464 1944 -5772 12213 22397 6378 END
START -4120 1964 2680 10633 17904 9737 END
START -3728 2060 7716 10600 12384 13530 END
START -4168 2864 9816 8586 11532 17647 END
START -4128 568 16024 2564 9400 22154 END
START -5032 -6192 21680 5290 3272 25257 END
START -5960 -13684 25076 12014 -5857 26635 END
START -4424 -20272 26808 14653 -10441 26691 END
START -3032 -27484 24332 3840 -16954 24269 END
START -4808 -32768 13328 2383 -24458 20489 END
START -6788 -32768 4496 6930 -25801 14876 END
START -7552 -32768 -3388 6344 -25514 8283 END
START -9628 -32768 -8352 4129 -22080 729 END
START -10448 -32768 -13280 -2347 -19176 -5231 END
START -11456 -32768 -13768 -3867 -16916 -11296 END
START -11764 -32768 -14760 -4228 -14296 -15134 END
START -11236 -26128 -17176 -9547 -11469 -16822 END
START -10368 -19088 -17748 -12936 -6233 -16976 END
START -8792 -12812 -14052 -11961 -1976 -16604 END
START -6680 -8052 -10020 -9559 -794 -14369 END
START -5208 -5392 -6696 -7369 -927 -11158 END
START -3956 -4120 -4816 -7178 -309 -7970 END
START -3120 -3040 -3748 -7681 2111 -5225 END
START -2640 -2060 -1576 -6539 2805 -2243 END
START -2628 -2544 -240 -3765 1525 445 END
START -2196 -2516 -912 261 773 2877 END
START -2760 -4280 -2616 3119 2665 4465 END
START -3872 -4356 -3652 3875 5085 6803 END
START -4536 -6728 -5360 3096 5750 8428 END
START -5068 -10652 -8472 6674 5800 10375 END
START -4976 -15736 -13632 13061 6724 11690 END
START -3864 -20844 -17384 14359 10672 12474 END
START -3600 -28476 -15480 5403 16911 13150 END
START -5068 -32768 -9356 -299 17472 11232 END
START -6176 -32768 -3680 5934 12735 3766 END
START -5296 -32768 -564 5829 9734 -3413 END
START -3424 -32768 -844 -7678 14289 -8805 END
START -2388 -32768 1616 -22903 16168 -11771 END
START -2272 -29032 1608 -20445 14578 -14621 END
START -1216 -20720 1280 -13793 12587 -15236 END
START -468 -14728 3936 -10657 11536 -14274 END
START 60 -12200 6316 -10753 10843 -13974 END
START -868 -10580 8836 -8791 7958 -13934 END
START -204 -7248 9068 -8214 3747 -12409 END
START 720 -3956 7620 -8383 1697 -10749 END
START 1052 -1016 6032 -4889 634 -9552 END
START 460 1892 5652 -131 -1242 -8095 END
START -8 5824 5204 2507 -3006 -6302 END
START -780 8700 4732 2229 -3217 -2295 END
START -1716 8084 4920 4124 -6193 588 END
START -3184 7180 3656 7292 -10153 2923 END
START -4716 5988 520 12174 -11704 6653 END
START -5268 3692 -2012 13578 -10912 10020 END
START -6912 1084 -6644 12726 -10472 14187 END
START -9612 -5620 -11816 13007 -10409 18532 END
START -10620 -13900 -18492 16515 -9821 21576 END
START -9340 -20196 -28048 10429 -4751 25756 END
START -14448 -30872 -32768 1096 863 28978 END
START -17876 -32768 -32768 6072 12728 26875 END
START -20320 -32768 -32768 15689 26539 18670 END
START -19632 -32768 -14844 8845 32767 10828 END
START -16696 -32768 3304 -7667 32767 6324 END
START -12272 -32768 14288 -5958 32767 -90 END
START -5636 -27764 15204 -4064 22049 -3220 END
START -3440 -21900 13460 -6824 15890 -4985 END
START -1424 -16168 11740 -8049 13975 -5845 END
START -216 -10872 11280 -6945 12091 -6491 END
START 824 -7604 11688 -3862 8542 -5962 END
START 1020 -5740 11168 -835 5417 -5554 END
START 548 -3736 10868 -649 1849 -4042 END
START 360 -3576 10860 -1922 -1303 -2037 END
START -236 -4224 10544 -2681 -5682 -488 END
START -1228 -4912 8948 -1226 -9048 720 END