START -2524 2948 -5096 -2138 21664 1215 END
START -1716 4192 -4404 3382 22490 4244 END
START -1960 5676 -2220 4851 25134 8257 END
START -2432 6944 844 6636 25402 12830 END
START -2500 7304 4956 9853 24683 18151 END
START -1852 6480 10944 17817 23094 23885 END
START 176 2648 22232 31383 19476 29492 END
START -308 -2984 32767 32767 9700 32767 END
START -6748 -21584 32767 19219 -10844 32767 END
START -11964 -32768 32767 10598 -24538 32710 END
START -10260 -32768 18032 -5566 -32768 23062 END
START -6836 -32768 -5352 -5169 -32768 11073 END
START -6080 -32768 -17788 4854 -25533 -642 END
START -5936 -32768 -19828 2698 -16881 -7398 END
START -5344 -32156 -16368 1554 -11886 -11335 END
START -3796 -24812 -14236 2397 -8643 -10913 END
START -3520 -19848 -13024 1333 -6094 -10319 END
START -3224 -15720 -11496 1138 -4010 -9140 END
START -3264 -11260 -9480 -851 -664 -7908 END
START -3460 -8620 -6960 -3488 4071 -6119 END
START -3464 -7308 -2932 -5523 6017 -4596 END
START -3240 -5044 -328 -2498 3024 -1993 END
START -1200 -4440 -568 -214 227 2526 END
START -1584 -4016 -2392 -562 2574 6318 END
START -2820 -6212 -2816 279 4590 7858 END
START -3564 -7932 -3356 2307 4812 8974 END
START -3272 -9532 -5048 6234 5653 10828 END
START -2020 -13968 -6564 7677 8476 13179 END
START -2416 -20708 -9048 6544 10917 13744 END
START -2708 -30768 -7504 7854 14328 11863 END
START -2512 -32768 -2692 2675 15589 9027 END
START -5348 -32768 2540 -2211 14790 3409 END
START -7756 -32768 6724 -268 10359 -3959 END
START -6280 -32768 6572 -89 11069 -12733 END
START -4168 -32768 7480 -9215 11223 -18167 END
START -2860 -28748 8248 -12533 10036 -21054 END
START -1580 -21344 7192 -9884 7554 -21455 END
START -1140 -15392 7544 -10601 7007 -21254 END
START -1240 -10680 8704 -12386 4104 -19311 END
START -908 -7708 8024 -10973 369 -17164 END
START -408 -5292 6812 -7746 -2078 -14970 END
START 156 -3288 5756 -6952 -2744 -12292 END
START -196 -1824 5976 -7828 -3512 -10579 END
START -580 256 6168 -6592 -6023 -8312 END
START -692 1596 4892 -4750 -8694 -4747 END
START -76 4160 2728 -3718 -9385 -808 END
START 216 5952 676 -5241 -8837 3475 END
START -172 5848 -1104 -5989 -10399 8392 END
START -1248 4552 -3296 -3353 -11207 12475 END
START -3580 1684 -5864 1774 -12518 15757 END
START -5624 -640 -9436 4303 -11412 18944 END
START -7416 -3760 -12592 3198 -10347 22731 END
START -9388 -8612 -16848 3048 -8241 25397 END
START -11212 -14268 -23548 3226 -3702 26913 END
START -12484 -20992 -31520 2999 3962 27066 END
START -13104 -29236 -32768 4161 14392 24850 END
START -16164 -32768 -32768 12105 32767 18485 END
START -20068 -28928 -31216 32767 32767 10046 END
START -19372 -17944 -436 32767 32767 8019 END
START -22952 -15864 22612 19130 32767 9837 END
START -21544 -24180 32767 562 32767 8212 END
START -15920 -29436 32767 13178 16967 3644 END
START -9660 -24976 26072 12219 -5050 -3071 END