START -5940 384 -5220 -11188 -2908 -8547 END
START 928 -14992 -1664 -15688 -6896 -2045 END
START 128 -15832 -4684 -13837 -6818 -4841 END
START -860 -13412 -6644 -13267 -7419 -6527 END
START -1084 -10424 -12780 -12307 -8000 -6483 END
START -364 -8152 -19228 -9953 -2955 -7422 END
START -884 -6436 -22076 -6483 2293 -7092 END
START -1220 -4664 -21364 -4153 6809 -7644 END
START -1440 -2488 -20468 -3689 9251 -6635 END
START -2396 -840 -20120 -4009 12944 -3078 END
START -2856 -1524 -17396 -798 16900 -1359 END
START -3324 -792 -13268 3622 16262 -794 END
START -2872 -148 -10884 7373 15476 -132 END
START -2844 1452 -8432 9222 13949 1386 END
START -1920 2844 -7048 9929 13786 4476 END
START -1284 3760 -4296 10144 14949 7456 END
START -1052 4912 -324 8048 14933 10694 END
START -480 4500 4104 8486 13678 16801 END
START 396 2532 9252 12523 10712 20462 END
START 1344 -684 14272 19195 5559 23467 END
START 1840 -5516 19420 29595 2398 25789 END
START 1204 -8992 24236 24199 -2001 29105 END
START -72 -18408 26560 10685 -10197 32265 END
START -1736 -28612 22588 7523 -17575 29036 END
START -3440 -32768 11728 10512 -26438 22156 END
START -5592 -32768 -1236 11337 -28549 17427 END
START -5820 -32768 -10860 9805 -22923 11361 END
START -7988 -32768 -12344 7853 -17152 5197 END
START -8364 -32768 -12168 4247 -16794 1279 END
START -9160 -32768 -17832 2271 -15979 -2577 END
START -9200 -29076 -24408 -650 -10135 -5059 END
START -9344 -23352 -23212 -4128 -3920 -6866 END
START -9036 -18452 -20344 -4293 378 -6317 END
START -9140 -14312 -16896 -5690 3506 -6085 END
START -8316 -11956 -12648 -7015 5344 -4053 END
START -7160 -10720 -9772 -7021 6724 -3218 END
START -6300 -9588 -7528 -6252 7443 -2127 END
START -4980 -8764 -4996 -3905 7094 -703 END
START -3884 -8668 -3204 -1097 6013 1138 END
START -3816 -10280 -2040 711 5484 3924 END
START -4220 -13808 -668 -1004 6433 4311 END
START -3604 -17392 -752 -1434 5643 3182 END
START -3336 -18460 -3388 2584 3795 1850 END
START -2768 -20400 -8528 6168 4737 624 END
START -2824 -21872 -11712 10141 9039 -1667 END
START -1492 -22600 -14444 10000 11483 -3286 END
START -1156 -23644 -16144 9342 15560 -5297 END
START 232 -24608 -11120 3855 20142 -5315 END
START 636 -26472 -5432 1021 20920 -5957 END
START 36 -29992 108 4319 17545 -8368 END
START 76 -28700 3380 1938 13777 -10507 END
START 1364 -27124 3400 -7742 12173 -10497 END
START 2232 -27396 5676 -9761 11726 -12500 END
START 1068 -24308 7848 -7957 8552 -14581 END
START 872 -20716 9104 -6286 5286 -16369 END
START 1924 -15468 9564 -6441 1974 -15698 END
START 2508 -10888 9644 -6036 439 -15686 END
START 2908 -5184 9600 -6606 -2109 -13315 END
START 3496 -2192 7844 -9369 -4601 -10169 END
START 3436 -824 5584 -9404 -4297 -8102 END
START 1572 1556 6316 -6422 -5764 -6961 END
START 464 3204 6448 -1540 -7972 -4092 END
START -1416 5704 5192 -802 -11324 120 END
START -2600 5952 3212 -2400 -13067 4185 END
START -2928 7084 -1272 -2888 -12089 8664 END
START -5440 6932 -4328 -3616 -13211 13254 END
START -6964 3024 -8628 -636 -15087 17454 END
START -8800 -1012 -13972 3081 -14976 20076 END
START -11192 -5540 -21264 4435 -12247 21076 END
START -12696 -8736 -22016 10932 -6904 22362 END
START -11416 -11720 -24308 12685 -3949 25037 END
START -12228 -16608 -27008 11654 1627 27681 END
START -14700 -23840 -22884 8544 8158 29584 END
START -15088 -31392 -19916 11394 15256 27419 END
START -15848 -32768 -14876 3956 22092 24684 END
START -14924 -32768 -7848 -6277 25655 21100 END
START -12552 -32768 272 -5774 22793 16066 END
START -10172 -31676 4228 -1357 15377 10650 END
START -7256 -28592 5232 2044 8390 5528 END
START -4920 -24644 3500 1725 6931 1984 END
START -3700 -20900 2968 -2806 8313 -465 END
START -3756 -18272 3548 -4072 8896 -2372 END
START -2784 -15424 3772 -2221 7382 -3678 END