START -144 -7408 -10812 -8291 1500 -417 END
START -1508 -4548 -12816 -2544 3398 -15 END
START -1756 -144 -16568 719 5513 2288 END
START -1188 2592 -18192 119 12663 4637 END
START -1964 5488 -15800 -513 19115 8156 END
START -2124 6120 -10376 1188 20976 12357 END
START -3768 4160 -2276 12033 19909 15746 END
START -5040 3084 7176 22568 16360 19234 END
START -3320 -628 17476 25834 12049 21951 END
START -2816 -5568 26600 19376 6577 24699 END
START -4176 -11312 32767 12312 -1422 26279 END
START -4980 -18160 30588 5000 -13229 27541 END
START -7604 -29024 21756 3428 -22421 25855 END
START -8980 -32768 8876 4808 -27314 20603 END
START -9952 -32768 -3872 3249 -26829 11920 END
START -11920 -32768 -12368 -693 -21777 3196 END
START -13748 -32768 -18844 1499 -17219 -5698 END
START -12716 -32768 -20728 1545 -13069 -11887 END
START -11620 -32768 -19468 59 -9350 -16078 END
START -9732 -26184 -19312 -3576 -5717 -17657 END
START -8448 -18508 -16980 -1946 -1603 -18250 END
START -7848 -11256 -13124 820 630 -16615 END
START -6128 -6780 -9376 1017 2735 -13672 END
START -4840 -3052 -6028 -2743 2779 -9957 END
START -4076 -1316 -3804 -5464 1490 -6360 END
START -3464 -44 -3584 -3791 1023 -1817 END
START -3280 668 -3828 -2717 2929 1502 END
START -3364 344 -3164 -2704 3742 4450 END
START -3848 -1136 -2824 103 3516 7508 END
START -4024 -1720 -4024 4365 3668 10665 END
START -4304 -5456 -5976 6961 5510 13455 END
START -3216 -10904 -8740 8879 6439 16549 END
START -696 -21016 -10352 8477 9517 18973 END
START -5328 -32384 -8992 6282 11377 18475 END
START -9852 -32768 -5124 3489 10699 12986 END
START -10072 -32768 -1472 3001 11897 3256 END
START -8828 -32768 3464 -2891 11878 -5194 END
START -7296 -32768 5104 -5415 8918 -12249 END
START -4828 -32768 2692 -6955 7491 -16974 END
START -2792 -24500 896 -9608 9024 -18035 END
START -3328 -18876 2112 -12086 9707 -18015 END
START -3380 -13944 3020 -10088 7533 -17424 END
START -2444 -10028 3096 -9145 6711 -16052 END
START -1672 -7636 3948 -7324 5012 -14992 END
START -1232 -4516 4624 -6929 2832 -12492 END
START -260 -3576 4812 -7431 1238 -10099 END
START -504 -2224 4416 -6721 -405 -8618 END
START -164 36 3924 -5230 -2897 -6753 END
START 148 1840 2468 -4334 -4502 -3842 END
START 100 3280 1824 -4380 -5411 -1393 END
START -400 4644 1116 -3883 -7046 1993 END
START -288 6208 -40 -3260 -8493 6502 END
START -2040 6728 -1748 -2646 -10245 11245 END
START -5492 4044 -3648 -2039 -11967 15289 END
START -8172 1272 -7536 -793 -14199 19182 END
START -9472 -360 -16204 -1025 -14775 23228 END
START -12460 -6320 -27244 2958 -11547 25480 END
START -14520 -14208 -32768 8199 -4117 26493 END
START -16960 -21964 -32768 13124 8032 26237 END
START -19316 -29740 -32768 12907 21905 24559 END
START -19520 -32768 -22772 9711 30430 22326 END
START -22112 -32768 -8316 13132 30964 16236 END
START -21092 -32768 1432 12086 27608 7465 END
START -15624 -32768 6344 4892 25330 -860 END
START -9368 -27320 8368 1022 21229 -6775 END
START -3952 -18996 9904 5000 14114 -9324 END
START -1404 -14184 9540 3315 8942 -8787 END
START -1208 -11940 9724 -2157 6369 -7172 END
START -1432 -11864 10252 -3257 5277 -7830 END
START -1068 -9548 11172 -1608 3229 -8639 END