START -1056 -6020 -4404 -1734 4516 8848 END
START -2300 -7172 -3776 -146 4352 10003 END
START -4508 -6792 -4000 2802 4459 12062 END
START -6192 -7768 -2984 3827 5148 13030 END
START -6244 -7732 -1148 3915 4700 14128 END
START -6164 -7576 -424 3147 5140 16463 END
START -8428 -7356 340 489 4903 19155 END
START -10444 -9984 260 -480 4934 20913 END
START -10608 -12572 164 4270 3760 22944 END
START -11280 -12268 -276 7778 4180 24963 END
START -12796 -15100 -1648 6843 6498 26751 END
START -15180 -18516 -1848 8104 10073 26002 END
START -16168 -21320 768 13397 11456 25172 END
START -16276 -20912 6192 16275 11356 24447 END
START -15968 -22768 9904 7797 11205 24592 END
START -17592 -31380 7532 602 10483 22549 END
START -18340 -32768 6728 2099 9414 17396 END
START -16468 -32768 8076 5126 6762 11287 END
START -14144 -32768 8580 3394 4263 5201 END
START -12808 -32768 7228 -1185 1847 -9 END
START -12748 -32768 4984 -3992 638 -5249 END
START -13148 -32768 3116 -4890 -79 -10234 END
START -13148 -30444 2004 -6082 61 -13671 END
START -13816 -28640 1988 -5815 -21 -16103 END
START -14936 -26552 -304 -4634 -607 -18120 END
START -15152 -26532 -3072 -6152 1549 -20148 END
START -15848 -25224 -2692 -5998 4124 -23650 END
START -17144 -23476 -124 -2770 2621 -25145 END
START -17608 -21064 468 749 1055 -25913 END
START -16060 -17808 252 -665 942 -25936 END
START -14832 -16420 664 -3344 1997 -26746 END
START -12616 -12636 956 -2920 2575 -26497 END
START -9372 -9804 2140 -3558 2439 -24991 END
START -8052 -6616 1960 -2246 1937 -22442 END
START -4968 -3932 2556 -4377 1872 -19828 END
START -3764 -2456 2660 -5915 983 -17482 END
START -1616 -1456 1716 -3256 350 -14726 END
START 1312 80 696 -2694 367 -11426 END
START 1708 276 592 -3919 590 -8697 END
START 2220 -672 1212 -2754 180 -6338 END
START 3224 -168 1172 -1873 -1142 -3891 END
START 3508 -184 976 -1663 -2069 -1314 END
START 2908 -2012 1008 -5 -3416 608 END
START 1924 -2600 804 1009 -4768 2303 END
START 1260 -4752 1436 1360 -4879 3147 END
START 1536 -4788 1696 861 -6254 4511 END
START 468 -6096 2880 1002 -7803 5353 END
START -1580 -6596 3528 1922 -9411 6874 END
START -3212 -8192 4268 5179 -10451 7195 END
START -3948 -7456 5736 8142 -12452 8119 END
START -3740 -6392 6388 8754 -13698 9662 END
START -4052 -5128 8912 6026 -12695 11476 END
START -5764 -5384 9764 684 -14724 15300 END
START -7996 -8232 7784 -1955 -17610 18081 END
START -9660 -11028 2804 2179 -19894 20873 END
START -10044 -10608 420 3509 -19405 23930 END
START -9716 -14288 -3460 -463 -17955 27803 END
START -12416 -24080 -9348 -252 -14867 28267 END
START -16696 -31596 -11724 9681 -11662 25729 END
START -17984 -31784 -11036 9997 -8156 22144 END
START -19156 -32632 -10184 1143 -4793 17580 END
START -19840 -32768 -9508 -1648 -3694 13769 END
START -19896 -32768 -11552 720 -3639 9523 END