START -836 -1384 -9648 -672 21704 4962 END
START -2284 640 -5500 5615 22216 7975 END
START -3120 2728 -1088 7509 21632 11153 END
START -3292 3856 3636 4155 20434 15907 END
START -2764 3040 8808 1272 18547 20885 END
START -3344 -544 17460 10026 14916 26069 END
START -5332 -3120 27696 19002 8374 31321 END
START -8716 -13188 32767 12863 -1096 32767 END
START -11724 -25132 32767 1438 -14306 32767 END
START -13188 -32768 32767 -11350 -27650 28979 END
START -12812 -32768 15816 -11714 -32768 19040 END
START -12024 -32768 -4408 -6107 -32768 8114 END
START -13224 -32768 -11988 -5615 -30321 -1502 END