START -724 8532 2940 10228 15244 17823 END
START 1112 9952 9716 16527 15609 23719 END
START 2332 6780 19580 16992 14375 30961 END
START -1392 -3184 32767 28744 5759 32767 END
START -9152 -16800 32767 32767 -8224 32767 END
START -16024 -32564 32767 9464 -19990 32767 END
START -18276 -32768 27820 -5280 -28403 30391 END
START -16892 -32768 10276 -5986 -32768 17320 END
START -14088 -32768 -6368 -1505 -31853 5386 END
START -13064 -32768 -10708 -5238 -25707 -3553 END
START -12812 -32768 -9644 -10031 -21073 -7292 END
START -13800 -29056 -9880 -12754 -19380 -9862 END
START -12660 -21772 -10712 -13497 -17750 -11279 END
START -11776 -16084 -10720 -12485 -14978 -10575 END
START -10336 -11880 -10512 -9443 -10710 -10672 END
START -8544 -8812 -8620 -7188 -7218 -10279 END
START -7008 -6472 -6452 -3860 -4888 -8924 END
START -5508 -3528 -5040 -2887 -3659 -6019 END
START -3848 -2496 -3800 -2149 -2802 -3454 END
START -2904 -1608 -3896 -557 98 -121 END
START -2648 -1356 -3088 1526 2306 2969 END
START -3120 -1300 -3672 3772 3264 6010 END
START -4452 -2124 -5624 4874 5834 9648 END
START -6188 -5108 -6468 8486 9169 12297 END
START -7384 -10060 -9360 13049 11525 14662 END
START -8116 -17628 -14548 13880 15423 16578 END
START -10292 -27864 -15904 10691 21829 16220 END
START -14136 -32768 -10420 10499 25402 12791 END
START -16624 -32768 992 11129 25396 4697 END
START -16336 -32768 11824 2642 23829 -6140 END
START -12612 -32768 17036 -3281 18377 -15983 END
START -8452 -32768 14372 -11178 14305 -21735 END
START -6268 -30292 11404 -16195 13198 -24253 END
START -6464 -22696 11072 -16515 12701 -25295 END
START -6688 -16304 11724 -13485 10926 -25682 END
START -5264 -11228 12064 -11176 7912 -25952 END
START -3272 -5608 10552 -8327 4441 -23664 END
START -844 -2272 9052 -7151 2350 -20416 END
START 124 -756 7476 -6330 -268 -17139 END
START 820 672 5848 -6010 -1322 -14239 END
START 1008 1984 4472 -5639 -2528 -11234 END
START 1052 2900 3604 -2753 -4375 -7719 END
START 1072 2708 2604 -1065 -5600 -4406 END
START 604 3152 2516 838 -7112 -1438 END
START 756 3340 2380 2801 -8581 1760 END
START 156 4152 2004 3839 -9688 5692 END
START -348 5924 456 2130 -10216 11710 END
START -2020 5432 -424 1984 -9759 17502 END
START -5676 4836 -1176 4568 -11589 24013 END
START -9592 2104 -4800 5314 -13097 30796 END
START -15848 -3936 -11964 3515 -14249 32767 END
START -21532 -16236 -27984 3589 -10180 32767 END
START -24472 -23340 -32768 3686 3426 32767 END
START -25648 -30264 -32768 5109 18086 32767 END
START -26488 -32768 -32768 10184 32767 29661 END
START -28060 -32768 -29640 20152 32767 26336 END
START -30288 -32768 -12900 21443 32767 22965 END
START -32408 -32768 -2352 5310 32767 15670 END
START -32768 -32768 3828 925 32767 5447 END
START -28972 -32768 12864 22601 32767 -5526 END
START -20016 -30124 18344 32767 29101 -15485 END
START -13216 -17964 20704 18746 21719 -20827 END
START -7452 -10076 20172 2608 16301 -20233 END
START -3652 -5020 17784 -591 9774 -16905 END
START -1836 -1912 14400 -4133 4511 -13494 END
START -1912 -872 13116 -6096 -2077 -11306 END