START -716 -20340 -17256 -237 -2232 1656 END
START -1024 -21752 -21096 2872 3127 -370 END
START -2260 -20816 -23728 3902 11871 -2874 END
START -3492 -17952 -20740 4463 19065 -6729 END
START -2752 -13296 -17084 5141 23575 -7800 END
START -2832 -7072 -13912 1972 28093 -5371 END
START -3672 -2196 -9284 2299 32702 -2141 END
START -4964 1588 -3224 5444 32767 1199 END
START -5068 772 4136 10242 29402 6868 END
START -4268 -284 8652 16988 23672 12008 END
START -3416 -848 12008 14695 19507 15985 END
START -4468 -3152 14348 7085 17014 19463 END
START -5324 -6084 18048 3553 14523 22495 END
START -5912 -9268 22532 4854 8330 24674 END
START -6264 -13728 25624 7106 2078 26451 END
START -5704 -17396 27360 8240 -4468 26727 END
START -5752 -18668 26408 5901 -11929 26370 END
START -6504 -21232 24524 2337 -19122 26064 END
START -6876 -24264 22028 1307 -25445 25158 END
START -9516 -28100 17992 -1712 -32007 23717 END
START -13756 -32768 10092 -7352 -32768 19903 END
START -15904 -32768 292 -10802 -32768 12472 END
START -15448 -32768 -7484 -8701 -32768 2208 END
START -14420 -32768 -8896 -4769 -27535 -5928 END
START -13244 -29272 -8568 -5547 -23097 -10611 END
START -12436 -22760 -8428 -10058 -19781 -12601 END
START -11644 -17488 -8516 -11915 -15201 -13733 END
START -10888 -12316 -8156 -10314 -11749 -12278 END
START -9832 -8884 -7364 -8073 -8697 -9680 END
START -7904 -6748 -6236 -7517 -6036 -7326 END
START -6988 -5912 -5120 -6225 -2989 -4745 END
START -5616 -5348 -3836 -4579 169 -1760 END
START -4528 -5260 -1908 -3009 2226 1289 END
START -3596 -5216 -248 -1858 3009 4155 END
START -3276 -6740 736 461 4853 6971 END
START -3936 -9008 2500 2711 6645 8951 END
START -4940 -11620 3956 3135 6510 9859 END
START -5296 -13192 2856 2216 6080 9983 END
START -6504 -16652 -1384 3712 7524 9821 END
START -7772 -20868 -5432 5745 9680 8389 END
START -8776 -26088 -8592 7758 12500 5646 END
START -7760 -28916 -9548 7944 15655 2511 END
START -7744 -32768 -6464 7174 18996 453 END
START -7608 -32768 -928 5977 19257 -2947 END
START -7244 -32768 3264 1044 17174 -8351 END
START -7888 -32768 5584 -4725 18151 -13863 END
START -7404 -32388 8536 -9779 18230 -18762 END
START -7240 -25792 10180 -9801 16420 -20839 END
START -4916 -19512 11884 -11014 14604 -21264 END
START -4452 -15824 13000 -12482 11421 -20580 END
START -3944 -12912 13628 -11964 7722 -19041 END
START -3220 -10808 13488 -10911 3741 -18335 END
START -2588 -9180 13368 -8402 235 -17164 END
START -1960 -7468 12052 -6251 -3040 -16149 END
START -840 -5040 10816 -4999 -5564 -15131 END
START -268 -1012 8516 -4950 -7453 -12944 END
START 8 2460 6040 -6053 -8042 -9927 END
START -224 4724 5032 -3856 -8497 -6136 END
START -1000 5060 3848 2152 -10758 -1610 END
START -1312 5612 1572 4883 -11828 3771 END
START -2080 4644 -1224 3333 -10979 9001 END
START -3528 2320 -3724 4148 -9732 13511 END
START -6356 -992 -6616 5517 -10143 18155 END
START -8760 -6648 -11064 8892 -9942 22206 END
START -11288 -12352 -15732 13234 -7086 23585 END
START -13724 -20108 -22876 15566 -1892 22581 END
START -15892 -27808 -29924 16975 8523 22561 END
START -16432 -32768 -31144 21924 19837 18776 END
START -16988 -32768 -26168 21361 30593 12742 END
START -16784 -32768 -15080 12727 32767 7743 END
START -18320 -32768 -1384 357 32767 3544 END
START -18472 -32768 10056 -2408 32767 -599 END
START -16672 -29944 18808 2471 32767 -4023 END
START -13332 -25968 22280 5075 29718 -7253 END
START -9568 -20684 22112 1950 21705 -9858 END
START -6672 -16568 20072 -1975 16164 -11217 END
START -4120 -12372 17476 -1756 12251 -11578 END