START 940 -1076 -2852 4523 4666 2329 END
START -200 -624 -2560 6316 5581 5713 END
START -1436 0 -2916 5612 4898 8005 END
START -1600 64 -2160 4639 4925 10345 END
START -3584 -1544 -1340 5405 5495 12454 END
START -5948 -2300 -540 4937 4467 13745 END
START -6352 -4560 -624 5042 3176 15022 END
START -6424 -4708 -980 5115 2979 17601 END
START -6980 -6116 -972 3700 2941 20304 END
START -9060 -9744 348 4999 2385 22657 END
START -9884 -11164 2976 8599 1029 25735 END
START -10152 -15536 2560 11941 -429 28064 END
START -12128 -20268 52 12771 1164 29244 END
START -12928 -21468 592 9627 7139 27571 END
START -14952 -22336 4568 5554 8586 25965 END
START -15044 -23416 5936 1470 6269 25742 END
START -15504 -29700 1288 2257 4797 24956 END
START -15288 -32768 576 10793 8222 22061 END
START -15872 -32200 6808 14034 8742 17824 END
START -12900 -32172 9628 1683 5139 13119 END
START -13148 -32768 4796 -7644 2275 8051 END
START -13156 -32768 536 -3153 2045 1980 END
START -12480 -32768 1092 1838 1528 -3925 END
START -11764 -31372 2224 1358 16 -8281 END
START -12076 -28676 1676 -1616 -531 -11368 END
START -12072 -27788 820 -4331 714 -13750 END
START -12308 -27672 796 -2823 1147 -15573 END
START -12996 -26908 -144 -923 -150 -16016 END
START -13148 -27144 -1336 -853 31 -18168 END
START -14632 -26244 -1752 -1982 1423 -21456 END
START -14492 -24068 -940 -2840 1595 -23451 END
START -13872 -22788 -688 -2254 1343 -24687 END
START -13092 -19764 628 -1986 1585 -24557 END
START -12948 -17408 1232 -5592 724 -24589 END
START -11284 -14168 972 -6494 1031 -23447 END
START -8640 -11552 1832 -7001 2174 -23071 END
START -7088 -8152 1184 -5448 2029 -20947 END
START -4312 -5396 660 -5135 2062 -18750 END
START -2436 -3112 148 -4792 3152 -16025 END
START -1432 -2860 1728 -4919 3590 -13187 END
START -832 -2752 2752 -4827 2166 -11016 END
START -512 -1936 2028 -5596 546 -8361 END
START 1572 -2544 740 -5460 747 -5895 END
START 2680 -1868 424 -5340 1419 -4340 END
START 2736 -2860 536 -5164 735 -2743 END
START 2552 -2972 132 -3778 213 -863 END
START 2540 -5092 640 -495 -155 53 END
START 3224 -4164 1000 1069 -1805 1682 END
START 3500 -4196 1176 119 -2882 2600 END
START 2616 -4076 1256 -2079 -2878 4267 END
START 884 -5292 2560 -2507 -3024 5219 END
START -768 -5372 3364 -2382 -4564 6159 END
START -2492 -5192 5572 -1519 -5938 7552 END
START -3640 -5528 8816 1497 -8620 9164 END
START -3896 -4252 10636 1974 -11676 10953 END
START -2668 -2760 11828 -695 -14818 13781 END
START -3604 -3244 10564 -5430 -17260 17540 END
START -6784 -8068 5348 -6800 -19314 19075 END
START -10324 -11972 -616 -4425 -20730 20564 END
START -12116 -16444 -5320 -565 -20462 21670 END
START -14932 -19620 -7124 80 -14093 22616 END
START -16844 -26008 -11628 -7855 -10569 20443 END
START -17508 -29632 -16196 -12176 -7141 15616 END
START -17164 -29788 -16972 -7462 -7019 11540 END
START -17032 -30336 -16388 1671 -11294 9958 END