START -7044 -3040 -29520 10633 20756 2773 END
START -7996 -896 -20316 19557 20961 2750 END
START -6096 1892 -12920 28053 22256 3847 END
START -3228 5680 -7868 23953 22974 8031 END
START -2256 8340 -1772 13263 27080 15039 END
START -2860 7520 7308 -935 25922 23030 END
START -5204 2796 19740 811 17120 30144 END
START -8212 -8100 32767 20068 5318 32767 END
START -11036 -18036 32767 15009 -8871 32767 END
START -12660 -31456 32767 -587 -13048 31384 END
START -9656 -32768 23700 -7681 -18714 25154 END
START -5636 -32768 5260 307 -24866 14892 END
START -5552 -32768 -5236 6028 -22603 7788 END
START -7168 -32768 -1376 806 -19556 3394 END
START -10996 -32768 -4700 -5658 -21806 -501 END
START -12552 -32768 -11652 -7523 -21609 -6420 END
START -11900 -32768 -17716 -6029 -16405 -11729 END
START -11080 -29816 -17064 -5453 -10821 -15641 END
START -10384 -22484 -13516 -5140 -7833 -17890 END
START -8744 -15100 -11940 -7276 -5729 -17495 END
START -6256 -9028 -10296 -8626 -2397 -15443 END
START -5212 -4932 -7780 -9745 -612 -12336 END
START -3604 -3620 -6396 -8606 -1360 -8840 END
START -3144 -2604 -6060 -4936 1150 -6158 END
START -3000 -1928 -4628 -4357 2983 -3169 END
START -2972 -2376 -2204 -1990 2865 -854 END
START -3016 -2628 -1504 681 2657 1193 END
START -2484 -1896 -1304 2268 2622 3830 END
START -2292 -1604 -2064 3330 3948 7056 END
START -3436 -3228 -2492 5001 4129 9671 END
START -5208 -4784 -4880 7836 4199 12366 END
START -6968 -8428 -8460 9148 4631 14404 END
START -7840 -13696 -12256 12469 5570 16492 END
START -6404 -21900 -17520 13472 7635 18485 END
START -8076 -32768 -19280 7502 11860 19257 END
START -12084 -32768 -11432 6809 14857 14920 END
START -14644 -32768 -2424 5046 16578 4712 END
START -12740 -32768 5060 -5156 17731 -5697 END
START -8608 -32768 6764 -11398 16529 -12996 END
START -6456 -32768 6012 -12011 14456 -17707 END
START -4980 -26448 6324 -11036 13010 -20101 END
START -4876 -18128 7352 -8971 11883 -20583 END
START -3100 -12348 8968 -10900 9621 -19856 END
START -2388 -7976 9732 -10310 6239 -18263 END
START -1544 -5544 9204 -8862 2782 -15731 END
START -652 -2576 6932 -8512 1729 -13331 END
START -152 -960 6208 -8212 163 -11566 END
START 428 532 5016 -5021 -2047 -9376 END
START 780 2440 3080 -2582 -3247 -6572 END
START 760 2540 1928 -2471 -4116 -4005 END
START 308 2128 1176 -375 -5271 -2094 END
START 164 1996 1008 4241 -7176 -22 END
START 8 2560 -1032 4038 -8240 3087 END
START -1252 2152 -2432 635 -8267 7352 END
START -3244 1584 -3288 1149 -8367 11308 END
START -6440 1444 -5276 2608 -8468 15210 END
START -9176 444 -7196 1937 -10313 19991 END
START -11884 -3332 -14404 4164 -12429 23535 END
START -15448 -10540 -28248 5157 -10434 27545 END
START -19176 -20356 -32768 8099 -2349 27622 END
START -21432 -29504 -32768 13249 9260 25991 END
START -21368 -32768 -32768 20266 22859 20889 END
START -20816 -32768 -17672 19414 31053 16017 END
START -17304 -32768 -2476 9384 32767 12285 END
START -14320 -32768 3336 -4423 32767 9372 END
START -12548 -32768 9016 -4006 30171 4560 END
START -10188 -30404 12316 3389 21934 -1061 END
START -7288 -25360 13740 4843 14940 -6133 END
START -5208 -19348 13372 1799 10570 -9013 END
START -3140 -14340 11492 -1631 10259 -9878 END
START -1796 -8388 10556 -3898 7901 -10226 END
START -956 -5072 10036 -5706 3987 -10101 END
START -244 -3184 8556 -4737 416 -8962 END