START 2948 -23696 -13112 2102 462 1912 END
START 308 -17164 -17336 3217 8312 -353 END
START -448 -13720 -15604 2783 13561 -2443 END
START -300 -7392 -13584 874 17438 -1166 END
START -560 -3220 -10688 1496 21145 1291 END
START -1552 -944 -5428 7378 23666 4890 END
START -2524 468 1300 14982 20898 8822 END
START -1548 1868 5640 18235 16541 13277 END
START -1100 596 8884 15207 12995 18066 END
START -968 -2392 12748 15638 11209 21845 END
START -4048 -6340 18104 14106 8775 25784 END
START -7860 -13728 23720 9866 3460 27732 END
START -8024 -22380 28260 4748 -3557 27286 END
START -8044 -28744 27196 -3300 -13285 23625 END
START -6612 -32768 19756 -5668 -20739 18733 END
START -5096 -32768 10408 -2027 -25550 12834 END
START -5816 -32768 5120 -1196 -25163 7506 END
START -6308 -32768 920 -7196 -24474 3578 END
START -7428 -32768 -3904 -8502 -22942 -2376 END
START -7520 -31712 -5732 -9042 -19867 -6764 END
START -7420 -26700 -8380 -9391 -17309 -9507 END
START -6696 -22976 -12500 -10030 -14191 -11656 END
START -5976 -18088 -13984 -8104 -8352 -12460 END
START -5916 -13460 -12104 -5260 -3741 -12591 END
START -4456 -9020 -10072 -5124 -2104 -10738 END
START -3436 -6720 -8036 -3650 139 -8064 END
START -3116 -4004 -6012 -3258 1423 -4399 END
START -3416 -4024 -4392 -2021 2840 -819 END
START -4164 -3972 -3080 -403 3728 2064 END
START -3916 -4328 -2284 -876 4403 4597 END
START -4240 -5088 -1888 1470 5437 7616 END
START -4288 -6876 -1992 4745 6403 9872 END
START -4844 -9168 -2020 6184 7280 11408 END
START -4920 -12908 -3440 6282 8075 12783 END
START -4596 -17796 -5168 6980 10202 13559 END
START -4672 -24452 -7600 7334 12264 13631 END
START -7080 -32768 -8724 9701 14542 10506 END
START -8596 -32768 -5644 10269 17048 4952 END
START -7712 -32768 132 5636 20220 -503 END
START -7856 -32768 5104 789 18923 -6141 END
START -8000 -32768 7512 624 15431 -10716 END
START -7044 -32768 10700 1565 13138 -15121 END
START -6040 -28888 11268 -2942 11623 -18175 END
START -5728 -24600 11120 -8928 10223 -19585 END
START -5060 -20620 11292 -9718 8288 -20809 END
START -3964 -16532 11644 -7565 5386 -20715 END
START -3144 -11800 11328 -6974 1985 -19900 END
START -2108 -9404 9976 -8259 -1012 -18110 END
START -1196 -6864 7992 -9010 -3006 -16365 END
START -928 -4468 6512 -9618 -3320 -14408 END
START -688 -2748 6028 -8099 -4886 -13289 END
START 132 992 3868 -7081 -7363 -11731 END
START 368 3992 2184 -5983 -8675 -8770 END
START 8 6008 2016 -3839 -9836 -5219 END
START -108 6560 1672 -446 -10267 -373 END
START 12 7424 1384 420 -9347 3733 END
START -300 9008 1664 -2205 -9418 9991 END
START -2156 6860 1488 -1919 -11236 15671 END
START -4600 3504 -780 2040 -15285 21300 END
START -7296 -1888 -8044 1439 -17126 27157 END
START -11204 -11144 -16996 -206 -14265 28599 END
START -13724 -18684 -23764 3602 -9858 27322 END
START -14292 -24784 -31432 4990 -3282 25927 END
START -15840 -29700 -32768 6175 7279 22798 END
START -15708 -31408 -32768 7505 23133 20778 END
START -19064 -32768 -29496 13567 32767 15938 END
START -21616 -32768 -17044 23910 32767 9135 END
START -20308 -29060 -1972 32767 32767 850 END
START -17752 -21276 8736 24819 32767 -3188 END
START -15728 -17808 15420 11647 32767 -3273 END
START -13268 -14812 19452 4159 32767 -3136 END
START -9032 -15492 23056 5894 24249 -3593 END
START -5788 -13660 24068 11089 10716 -4406 END
START -4044 -10644 21564 10061 276 -4318 END
START -3264 -8556 17972 4071 -5010 -2445 END