START -960 6516 1164 8374 13074 16250 END
START -1768 8064 4232 10282 13438 21355 END
START -2992 8632 9164 11195 14092 28366 END
START -5788 4172 20016 22613 11462 32767 END
START -8256 -644 32767 30608 4017 32767 END
START -17748 -17988 32767 18256 -5884 32767 END
START -23696 -32768 32767 4511 -18921 32767 END
START -22000 -32768 31424 -3464 -32768 29408 END
START -17700 -32768 7572 -1976 -32768 18542 END
START -16312 -32768 -8060 585 -32768 7114 END
START -17188 -32768 -9148 -1545 -27624 -2380 END
START -16352 -32768 -8424 -4192 -25242 -7442 END
START -16028 -31888 -11164 -10002 -22783 -8924 END
START -14728 -26964 -14160 -9482 -18109 -11558 END
START -12696 -21016 -14500 -11339 -12753 -13072 END
START -11384 -15812 -13048 -10053 -8439 -13584 END
START -9956 -11180 -10204 -6220 -3798 -13345 END
START -8480 -6728 -6556 -4210 -998 -11010 END
START -6152 -4200 -4008 -5262 160 -7845 END
START -4752 -2352 -2580 -5082 1528 -4233 END
START -4024 -1424 -1608 -4421 2761 -951 END
START -3880 -400 -976 -3480 4267 3181 END
START -4272 -576 -420 -706 5101 6542 END
START -5164 -600 -968 2107 6550 9942 END
START -6560 -2208 -2292 4972 8545 12734 END
START -7800 -3872 -4744 6425 10571 16308 END
START -9304 -10344 -8228 8350 13250 19055 END
START -11220 -19404 -12660 10268 17224 20717 END
START -12240 -30612 -13360 8388 22138 19932 END
START -18540 -32768 -8652 8913 24831 15211 END
START -22936 -32768 2876 12175 24698 4072 END
START -20644 -32768 10940 5187 24897 -9785 END
START -15920 -32768 16960 198 20471 -18922 END
START -11640 -32768 15168 -1570 13945 -25112 END
START -9832 -27712 12256 -7393 12023 -28306 END
START -8780 -20808 11328 -9189 11391 -29433 END
START -7936 -15276 12932 -7680 8521 -28866 END
START -6468 -10876 13096 -7808 4921 -27558 END
START -4596 -7856 11992 -9772 2032 -25704 END
START -3004 -4988 10084 -9053 -44 -23049 END
START -2052 -2660 8588 -8983 -2306 -20361 END
START -1204 -1024 6720 -8489 -4572 -17115 END
START -380 460 5012 -6327 -5804 -14464 END
START 312 1604 3308 -4601 -6665 -11604 END
START 632 3100 2096 -4220 -7244 -8182 END
START 468 4028 1388 -2438 -7829 -4754 END
START 300 4248 872 -72 -7867 -1068 END
START -64 4836 1236 2731 -8935 2611 END
START -776 5172 1436 3741 -10332 6776 END
START -1896 5104 900 4698 -10564 12781 END
START -3916 4476 -884 6232 -11341 18509 END
START -6688 840 -4620 6849 -12377 24599 END
START -10364 -2928 -10296 7867 -11075 29850 END
START -14676 -10028 -19572 4988 -8407 32767 END
START -17456 -18752 -32768 4864 -1791 32767 END
START -19152 -25268 -32768 6472 12466 32767 END
START -21436 -31292 -32768 10880 24177 31922 END
START -27456 -32768 -32768 23694 32767 27920 END
START -32768 -32768 -20716 32767 32767 18284 END
START -32188 -32768 -3308 21007 32767 4871 END
START -27936 -32768 8536 -288 32767 -2291 END
START -21868 -27256 16432 -6398 32767 -4972 END
START -16048 -21068 19804 1221 31360 -4232 END
START -12572 -17512 20796 7641 21084 -5641 END
START -9360 -13724 20400 5627 13356 -7344 END
START -6200 -10772 19464 -1308 10078 -8912 END
START -3960 -8372 19428 -3723 5696 -9406 END
START -3452 -5280 17628 -3514 -545 -8888 END
START -2972 -4644 14856 -3265 -6203 -7907 END
START -3376 -3712 12768 -126 -10613 -6782 END
START -3968 -3316 10648 1508 -14226 -4607 END