START 772 -7688 -20544 7966 16195 -824 END
START -272 2124 -23484 9726 21272 980 END
START -3112 6332 -17408 19994 29000 4621 END
START -7620 6324 -3892 29415 29008 8153 END
START -8060 6728 8208 31486 24385 10468 END
START -6500 7428 15000 15429 19070 15123 END
START -6832 5560 21804 1980 15605 21714 END
START -7240 460 32767 -1643 8087 28766 END
START -8816 -8380 32767 1595 -5569 32234 END
START -9876 -18060 32767 -1928 -21617 32767 END
START -11472 -32768 28200 -7286 -31345 30391 END
START -13440 -32768 8944 -2865 -32768 22138 END
START -15788 -32768 -8132 -1675 -32576 10894 END
START -16340 -32768 -12308 -641 -24617 -1320 END
START -15092 -32768 -9120 -1153 -21545 -8995 END
START -14328 -32768 -12340 -8328 -20927 -12820 END
START -13240 -32672 -17700 -14561 -15161 -15802 END
START -12724 -24864 -19540 -14862 -8998 -18695 END
START -11192 -17168 -17364 -8211 -4190 -19305 END
START -9704 -10144 -13296 -4022 -864 -17276 END
START -7012 -5788 -9812 -5304 1172 -14204 END
START -5232 -2392 -7280 -8025 3668 -10682 END
START -3956 -1236 -4488 -8683 4679 -7245 END
START -3628 368 -2308 -4069 4470 -3697 END
START -3264 136 -1068 -3060 3860 298 END
START -3108 120 -700 -2400 4848 4193 END
START -3768 -1452 -948 -1868 6175 6894 END
START -4100 -2636 -592 1176 5759 9277 END
START -4368 -3968 -2060 5577 4944 11474 END
START -4244 -7524 -6932 6792 5384 14513 END
START -3572 -13784 -11248 9290 7866 16881 END
START -2648 -21248 -14320 10992 11036 18343 END
START -5696 -31264 -13000 7486 15241 18771 END
START -10072 -32768 -5904 6804 17742 15572 END
START -11888 -32768 -216 2793 18606 6785 END
START -12880 -32768 5332 -7467 19464 -3277 END
START -11660 -32768 9308 -6061 15223 -12862 END
START -8852 -32768 7804 -4568 11087 -20149 END
START -6716 -27732 6360 -10838 10787 -23225 END
START -5500 -18392 7136 -12994 11027 -23559 END
START -4144 -11756 8956 -10436 8430 -22045 END
START -2692 -7300 9296 -7886 3654 -19816 END
START -1040 -3076 7356 -9792 771 -16333 END
START -328 -1544 5652 -9580 -98 -13899 END
START 100 1436 4296 -9172 -1371 -11298 END
START 120 3256 2896 -7240 -2559 -8924 END
START 296 4420 1864 -6019 -3670 -5868 END
START 364 4112 1304 -3740 -4558 -3325 END
START 216 5988 584 -369 -5272 -1272 END
START 1032 7280 -804 -455 -6627 2473 END
START 100 6428 -860 1425 -7510 6532 END
START -1804 4652 -512 2222 -8557 10686 END
START -4688 840 -84 4748 -11134 13299 END
START -7060 -384 -2392 4416 -13871 16295 END
START -9260 -2696 -10276 478 -14927 21107 END
START -12112 -8140 -18376 2476 -11894 24028 END
START -14632 -12824 -23260 7057 -7699 25262 END
START -15592 -16000 -29416 7201 -3879 27677 END
START -19568 -23620 -32768 4542 4280 28466 END
START -22088 -31376 -32768 7520 15599 27474 END
START -22796 -32768 -32512 9921 27128 22957 END
START -21876 -32768 -21640 9885 32767 19962 END
START -21440 -32768 -4388 9352 32767 15893 END
START -20004 -32768 10492 10622 32767 9067 END
START -16180 -32768 18932 9743 29579 879 END
START -10772 -29240 20080 5792 21692 -5957 END
START -5856 -21416 18936 1403 14916 -10782 END