START -616 -13184 -25000 -1108 9494 105 END
START -3836 -9352 -23452 7673 16077 1529 END
START -4800 -6548 -18292 14701 18578 1777 END
START -5124 -2796 -15668 19018 22327 2014 END
START -5268 3236 -10608 17068 27234 4034 END
START -4164 6808 -3236 10716 28002 9119 END
START -4936 7624 5468 9655 24978 14267 END
START -5132 6084 15844 14602 16936 21189 END
START -5692 684 26408 18779 8199 28067 END
START -7548 -10932 32767 10775 459 31100 END
START -11044 -26136 32767 379 -9220 27834 END
START -10648 -32768 31116 -2460 -18977 22906 END
START -4868 -32768 15844 -5003 -24882 18513 END
START -4732 -32768 996 -332 -26273 11516 END
START -6708 -32768 -4652 934 -22882 5014 END
START -9312 -32768 -3796 -4277 -20682 -391 END
START -10704 -32768 -6764 -9070 -21190 -3884 END
START -10980 -32768 -16532 -8887 -18227 -8431 END
START -9308 -27832 -18452 -6752 -11132 -11680 END
START -8428 -21188 -15208 -4860 -6136 -13997 END
START -7784 -14736 -10896 -3668 -3995 -14518 END
START -6132 -9276 -8228 -5113 -2401 -11692 END
START -4492 -6388 -6484 -7566 -1252 -8597 END
START -3656 -4636 -5976 -7834 -298 -5564 END
START -3328 -3584 -5648 -5987 825 -2456 END
START -2784 -3136 -4672 -3043 3086 16 END
START -3184 -3160 -2916 -1743 4382 2008 END
START -3600 -3524 -2152 1492 3969 4642 END
START -4148 -5208 -2184 5414 4684 6459 END
START -4796 -6252 -2392 7808 5644 8187 END
START -4948 -7852 -2768 8402 6406 10251 END
START -4692 -11196 -6384 7484 7379 12558 END
START -4112 -18200 -10084 7052 7500 15229 END
START -4192 -26636 -14064 8155 8505 17003 END
START -8020 -32768 -15400 -1893 12482 17056 END
START -14668 -32768 -9732 -7242 15904 10660 END
START -16180 -32768 -1588 641 17015 -2065 END
START -12828 -32768 6524 478 15835 -12651 END
START -8736 -32768 10276 -6779 14216 -18782 END
START -6432 -28556 10240 -13471 12795 -21312 END
START -4912 -19232 8608 -11094 10067 -21798 END
START -2772 -11188 7348 -9928 8360 -20087 END
START -2488 -7604 8072 -9884 5725 -17893 END
START -1744 -5288 6000 -9489 3463 -15114 END
START -948 -2864 4984 -8808 2525 -13337 END
START -440 -568 4356 -7778 1602 -11273 END
START -348 1684 3400 -6777 585 -7649 END
START 172 1700 3452 -5620 -536 -5261 END
START -48 1420 3624 -1809 -2226 -3851 END
START -176 2400 2736 306 -4034 -1874 END
START -344 2028 2840 1649 -5719 -407 END
START -540 2396 1348 3011 -7732 2109 END
START -1780 3272 996 5044 -9761 4663 END
START -2468 5892 -1136 4902 -10173 9816 END
START -5380 4420 -2084 1672 -11086 15998 END
START -10016 -676 -5604 4911 -14503 19631 END
START -13364 -6256 -18404 6627 -15877 24313 END
START -15932 -12928 -30220 3944 -10122 26396 END
START -18668 -19048 -32768 6111 -937 26582 END
START -19920 -22296 -32768 8946 10089 26523 END
START -21020 -27452 -31652 13615 20820 25267 END
START -21456 -31000 -20696 17785 29600 23221 END
START -21044 -30532 -8720 13436 32767 21060 END
START -19912 -32700 2152 7461 32767 19139 END
START -19464 -32768 10208 3664 32767 14010 END
START -15632 -32768 16476 2092 32767 8795 END
START -10084 -29148 20384 -3801 26636 3557 END
START -6416 -24316 21324 -4016 17346 -237 END
START -4820 -18588 17860 -6897 7942 -2613 END
START -4124 -14796 13280 -5588 2371 -5196 END
START -3748 -10456 8924 -3967 -1301 -7253 END
START -4072 -8168 6544 -748 -2140 -9124 END
START -4872 -5836 5300 2530 -4428 -8660 END