START 1196 -14316 -19840 -1475 17029 1044 END
START -512 -9708 -15092 675 21723 363 END
START -832 -6860 -10324 8024 23438 2255 END
START -2632 -5304 -6764 14956 23594 4351 END
START -2564 -3380 -2332 16442 23089 6227 END
START -2864 -1780 -140 10746 22076 9887 END
START -3060 -1380 2104 5023 22020 14077 END
START -3976 -3880 6480 6470 20293 18193 END
START -4464 -5452 12460 14766 16104 21393 END
START -5596 -7004 17820 18193 9349 24980 END
START -7000 -12372 21560 14968 3960 27533 END
START -8220 -15992 24888 5451 -99 26958 END
START -8304 -19084 26768 -5869 -4360 24134 END
START -8772 -22860 25440 -8724 -13633 23236 END
START -8956 -29208 17972 -2514 -23107 22172 END
START -8388 -31604 12252 178 -23903 17521 END
START -9500 -32768 8572 -8543 -22927 13122 END
START -10568 -32768 2464 -12129 -23543 8215 END
START -10608 -32768 -492 -11521 -20486 1449 END
START -10776 -32768 -3580 -12316 -19760 -3489 END
START -10176 -30080 -7364 -11476 -19068 -7987 END
START -9620 -24892 -11232 -11198 -16591 -11050 END
START -8292 -19944 -12832 -10345 -11481 -12890 END
START -7460 -15016 -11552 -9044 -7145 -13304 END
START -6580 -10892 -9304 -7414 -5318 -11915 END
START -5508 -7828 -7564 -6638 -3741 -9272 END
START -5084 -6152 -5772 -5979 -1940 -7191 END
START -5092 -4640 -4696 -3583 -1265 -4733 END
START -4556 -3408 -4508 -2886 173 -1339 END
START -3896 -3160 -4644 -2104 2467 1647 END
START -3948 -3696 -4728 -651 5622 4469 END
START -4100 -4624 -5092 -325 7244 6935 END
START -4828 -6084 -6024 1439 8956 9107 END
START -6596 -9732 -7656 5766 11731 11248 END
START -6908 -13444 -9156 8730 13816 13011 END
START -7356 -18436 -10040 11038 16992 13224 END
START -8968 -25884 -6808 14979 20285 13199 END
START -10460 -32768 -2536 17109 19827 9836 END
START -11020 -32768 584 11530 20832 2571 END
START -12308 -32768 4864 4644 23362 -5588 END
START -12160 -32768 10996 3868 21308 -13261 END
START -9916 -32768 15320 6560 14886 -18305 END
START -7764 -29660 15244 3687 9090 -21557 END
START -6672 -25488 13400 -4313 6358 -23560 END
START -6600 -21036 11604 -7106 4301 -25126 END
START -6200 -16280 10680 -7133 2038 -24497 END
START -4708 -12460 10368 -6228 -43 -23590 END
START -2796 -9408 8832 -7301 -2649 -21773 END
START -2620 -6616 7744 -8292 -4659 -19423 END
START -2424 -4696 7424 -6135 -6500 -16857 END
START -1772 -1968 6936 -5723 -8517 -14605 END
START -348 956 5148 -7715 -10087 -11229 END
START 372 2484 2644 -9348 -9835 -8488 END
START 304 4940 1484 -7032 -10030 -5033 END
START 628 7880 -84 -4729 -11112 -258 END
START 776 8844 -1580 -2858 -10010 4661 END
START -840 8064 -776 -1291 -9594 9634 END
START -1948 5780 -2060 -578 -10838 15021 END
START -3368 2116 -5620 -358 -11530 19914 END
START -5740 -4436 -11088 150 -11284 23353 END
START -7948 -10840 -17820 4645 -7688 24900 END
START -9800 -16280 -23596 10191 -2057 24573 END
START -9672 -20868 -26252 11819 7467 24256 END
START -9860 -27124 -24096 13528 14996 22992 END
START -9892 -32444 -23560 16043 22582 20879 END
START -12180 -32768 -19776 20440 32767 16005 END
START -16344 -32768 -8884 30305 32767 9013 END
START -17728 -30372 4804 20868 32767 -116 END
START -15576 -23684 14660 5801 32767 -4543 END
START -14392 -19804 22372 7204 32237 -4417 END
START -11820 -18864 24272 15211 19476 -4774 END
START -8748 -15316 20684 12519 8771 -6387 END
START -6188 -12724 16320 6434 3548 -7922 END