START 224 -7768 -792 -1814 2619 7234 END
START -2256 -2800 -1616 1698 3836 11997 END
START -4328 -1888 360 6257 3977 13975 END
START -5540 -1532 1260 8898 2901 16595 END
START -6168 -3788 -336 9234 2107 20966 END
START -8092 -5500 -1592 7977 4342 23933 END
START -10408 -7520 1908 8523 7662 26963 END
START -10428 -11312 6248 15131 7042 31115 END
START -12356 -14892 6264 15980 6897 32767 END
START -14832 -21196 5436 10796 9852 32767 END
START -15944 -26272 7704 11400 12224 32767 END
START -14824 -28516 8964 9793 11587 30206 END
START -15200 -32768 8004 5886 10492 28139 END
START -16316 -32768 6940 6610 10709 23449 END
START -14892 -32768 9192 7229 10463 15894 END
START -12520 -32768 12696 4542 5861 8713 END
START -11344 -32768 9352 -546 408 2934 END
START -10348 -32768 4384 -3373 -1388 -3227 END
START -10280 -32768 1376 -4370 375 -9186 END
START -11220 -31816 2544 -3848 1475 -13176 END
START -12008 -29252 4764 -2747 -72 -16089 END
START -12772 -27324 5280 -4774 -2348 -17749 END
START -12932 -28732 3272 -5248 -3831 -20353 END
START -12584 -27024 1380 -4833 -1411 -23978 END
START -12480 -23808 3348 -5503 442 -25497 END
START -11964 -22208 4308 -7179 15 -26003 END
START -11600 -21176 5840 -7166 -900 -26460 END
START -10900 -18264 6584 -4739 -1325 -26549 END
START -9752 -14220 5888 -6743 -1428 -26143 END
START -7748 -11824 5964 -10550 -1201 -24885 END
START -6164 -8736 4868 -10010 -1826 -23546 END
START -4140 -5756 3024 -6647 -463 -21299 END
START -2500 -3588 3324 -5551 -31 -18199 END
START -1112 -1320 2712 -6725 -715 -15437 END
START 140 -1508 2368 -7507 -1251 -13033 END
START -332 -516 2864 -3807 -1826 -10402 END
START 368 568 2568 -3068 -1961 -7706 END
START 1260 1396 2824 -4308 -2861 -5098 END
START 1624 1180 1796 -5137 -3550 -2666 END
START 1640 1600 1236 -2558 -4199 -538 END
START 2296 1656 1176 1593 -4802 1629 END
START 2132 2036 1832 3841 -5498 4166 END
START 1452 1320 3472 3025 -5556 7334 END
START -96 216 5000 -1405 -6204 11186 END
START -964 -3808 6848 2006 -7419 13133 END
START -1800 -4392 8056 5766 -10674 16039 END
START -3032 -6988 8120 4543 -13061 18582 END
START -4668 -10024 6836 377 -12601 20881 END
START -5904 -12972 8812 3083 -12492 20763 END
START -7828 -14780 10944 7708 -16521 22089 END
START -9276 -20056 5700 10434 -20376 23514 END
START -10956 -22996 708 10525 -18060 22579 END
START -12976 -23956 -680 8780 -14815 21449 END
START -15292 -26884 -108 6293 -14687 20749 END
START -15824 -32768 -3188 7158 -17130 18437 END
START -16464 -32768 -8212 11584 -14234 13446 END
START -14732 -32768 -8964 9849 -9456 9168 END