START -6056 -668 -4636 4569 79 16704 END
START -7352 -3864 -3984 6634 571 18894 END
START -8052 -5988 -4264 7745 1144 20969 END
START -10616 -9416 -5244 8721 3343 23161 END
START -12116 -12792 -2144 15112 4249 24657 END
START -10936 -13424 3336 20228 4209 25758 END
START -12748 -17148 5344 12443 4601 28433 END
START -17064 -24104 5820 5869 5133 27114 END
START -14124 -26144 4044 6635 5200 26606 END
START -13276 -28184 3068 5715 5437 25381 END
START -15104 -32768 1212 7505 4135 22897 END
START -14752 -32768 -108 13508 4787 18138 END
START -12048 -32768 2724 13668 4474 13012 END
START -10420 -32768 4484 4960 4070 9712 END
START -10100 -32768 824 -5228 2748 6219 END
START -12208 -32768 -3048 -4993 2918 785 END
START -13036 -32768 -3484 740 2862 -5420 END
START -12728 -32768 -1004 826 3149 -10034 END
START -12736 -29880 816 -1808 2644 -13253 END
START -12600 -27924 1048 -5123 1903 -15702 END
START -13028 -26664 1296 -5585 949 -17307 END
START -13072 -25272 148 -6368 357 -18994 END
START -12780 -25132 -256 -8877 1847 -20572 END
START -13136 -22988 452 -11511 3581 -22066 END
START -13292 -22448 712 -11656 3761 -23048 END
START -13568 -20652 1184 -9416 3691 -24327 END
START -11740 -18316 1064 -6521 3505 -25352 END
START -9716 -13260 660 -4854 3358 -25380 END
START -7940 -9572 20 -4176 3865 -24319 END
START -6960 -5580 1660 -3048 4005 -22662 END
START -4972 -1560 2256 -4470 2990 -19584 END
START -3024 376 2928 -5331 1997 -16352 END
START -1032 2196 2872 -5016 855 -12573 END
START 148 2748 2652 -5148 -688 -9073 END
START 1056 2428 1480 -4988 -2535 -5943 END
START 2388 1452 364 -4092 -3114 -2981 END
START 2028 216 452 -3691 -4082 -1432 END
START 884 -760 340 -3087 -5103 296 END
START 264 -2616 1388 -124 -6895 1688 END
START 220 -3344 1732 2341 -8959 3162 END
START 352 -4076 2380 1120 -9828 4695 END
START -688 -4392 2848 -664 -10013 6603 END
START -2044 -5692 3476 -2577 -9959 7775 END
START -2720 -7824 3676 168 -11095 8316 END
START -3476 -8440 4692 8004 -13749 10546 END
START -3108 -8128 6560 11595 -15015 13253 END
START -4748 -7084 9060 5020 -16352 16045 END
START -7972 -9268 9676 -2114 -18957 18744 END
START -12040 -13176 5440 -3227 -24618 21176 END
START -15148 -17432 -1412 1391 -28393 23518 END
START -18772 -21608 -6636 314 -27234 22573 END
START -21284 -28252 -12784 -3242 -24598 19932 END