START -1472 2520 -184 1758 3645 238 END
START -632 4160 -568 3588 5377 3716 END
START -756 4348 -132 3038 6106 6258 END
START -788 4804 508 2687 4910 8730 END
START -1864 3036 608 4366 3296 11389 END
START -3580 304 416 5839 1438 14415 END
START -4332 -3304 -572 8398 1602 17719 END
START -4936 -7000 -1584 9045 3554 20752 END
START -6652 -10884 -776 9799 5255 23028 END
START -9108 -15720 696 12470 5154 24691 END
START -9248 -18456 2668 13083 4609 24430 END
START -8624 -18732 3176 7660 4274 24579 END
START -10076 -21292 348 616 5494 24915 END
START -11892 -24720 -1716 483 7978 23943 END
START -14216 -27064 304 8132 7946 22152 END
START -12428 -26312 5624 15789 5037 20453 END
START -10800 -26332 2560 7508 3698 19961 END
START -10620 -31400 -664 536 7135 16991 END
START -9508 -32768 1052 5832 7607 13784 END
START -9296 -32768 4624 7163 6271 9761 END
START -10248 -32768 5716 2625 3994 4888 END
START -9904 -32768 4536 -2200 2874 -572 END
START -9528 -32768 3568 -3079 1867 -4997 END
START -9452 -32540 2592 -1940 1293 -9293 END
START -9564 -30100 1804 -3156 1164 -12534 END
START -9304 -29052 440 -5531 638 -15119 END
START -10280 -28708 -2352 -5946 412 -16972 END
START -10940 -27652 -4860 -6480 1489 -19327 END
START -10056 -26004 -3996 -6967 3303 -21159 END
START -10200 -23024 -1760 -6891 4327 -22599 END
START -9228 -20544 -112 -7298 3467 -22679 END
START -7900 -17448 740 -7001 3978 -21112 END
START -7664 -16808 2440 -7331 4650 -20315 END
START -7408 -14768 3676 -5235 3597 -19709 END
START -6268 -12476 4008 -5260 2743 -19417 END
START -4500 -8108 2940 -7788 2949 -17741 END
START -2712 -7016 1792 -9980 3206 -16125 END
START -1304 -4688 508 -7825 3075 -13951 END
START -360 -2816 -1236 -4400 2141 -11211 END
START 592 -2232 -1860 -1579 2450 -9282 END
START 332 -1792 -1516 -1231 2225 -7083 END
START 1364 -1420 -500 -2597 1622 -5249 END
START 2220 -1040 -420 -2629 579 -2900 END
START 2528 -2252 580 -2394 -640 -797 END
START 1704 -2364 2340 -1869 -2232 695 END
START 516 -4148 4168 -2029 -4481 2039 END
START 8 -5252 5888 -1260 -6686 2856 END
START 640 -5352 7720 -2937 -9010 3234 END
START 356 -4940 8968 -622 -11244 4452 END
START -396 -2448 9856 132 -13414 6642 END
START -1412 -1428 12340 -1988 -14949 8260 END
START -4060 -824 13972 -6414 -17905 11097 END
START -5812 -3032 12204 -8108 -22203 13551 END
START -6512 -7600 6044 -3225 -26692 16341 END
START -9860 -12936 -260 -79 -28890 17914 END
START -12888 -20552 -9532 3942 -29346 17825 END
START -14396 -23944 -13880 9531 -25633 16542 END
START -17232 -25768 -7948 17730 -22524 16981 END
START -19764 -25904 -5988 5868 -23780 17014 END
START -20424 -31916 -16780 -7921 -22010 13611 END
START -20224 -32288 -25576 -3610 -16292 8177 END
START -19440 -32124 -23744 2707 -12772 4061 END