START 1076 -2600 6656 2821 4163 -2002 END
START -728 2804 4212 4268 1454 6050 END
START -1704 3836 1972 8027 2201 10150 END
START -3172 4808 1928 8751 2294 15719 END
START -4676 2656 832 9105 107 20197 END
START -6248 -1528 -664 16263 915 26404 END
START -7532 -7276 -592 22697 335 31342 END
START -8936 -16272 -2792 22080 -892 32767 END
START -8456 -30584 -5772 16831 801 32767 END
START -6392 -32768 -10364 11759 4567 29629 END
START -6216 -32768 -10700 5976 10234 21304 END
START -2900 -32768 -7084 6162 11352 11441 END
START 216 -32768 -2076 9419 11783 1956 END
START 1420 -32768 2264 864 10269 -5469 END
START 256 -32768 4416 -7731 8507 -11823 END
START -1092 -32768 4052 -11451 6713 -16383 END
START -2468 -30572 1184 -10688 7189 -18969 END
START -3288 -24612 2060 -10227 9847 -21475 END
START -4260 -18824 4764 -9134 9757 -22231 END
START -4208 -14584 6180 -8571 7593 -21501 END
START -3620 -11416 5672 -5906 6724 -20226 END
START -3316 -6644 5392 -6803 6259 -18220 END
START -2380 -4892 5944 -8703 4668 -16018 END
START -2164 -3092 4428 -7276 2616 -12832 END
START -1752 -1520 3672 -5173 1726 -10273 END
START -1324 656 2936 -4040 1377 -7145 END
START -1228 1756 3724 -4123 463 -4999 END
START -656 2324 4676 -2166 -1883 -2234 END
START -372 3624 5248 2888 -3744 968 END
START 108 5924 6004 4738 -4787 5911 END
START 872 10052 7656 799 -5767 10082 END
START -1124 11764 11060 -2393 -7276 16741 END
START -5972 10820 15668 9703 -12071 25746 END
START -10652 5860 20952 14157 -18384 32767 END
START -17696 -8176 22296 1544 -22383 32767 END
START -23356 -28716 15768 -6586 -27408 32767 END
START -25016 -32768 2448 4864 -32768 32767 END