START -1652 -2984 8528 -867 -8201 5783 END
START -3000 -2172 7248 -2065 -10283 9238 END
START -4500 92 5732 -2995 -13540 12201 END
START -4536 2240 2564 -6132 -15084 17556 END
START -5740 -80 -384 -4121 -15934 22016 END
START -6992 -4012 -6116 1302 -17721 27015 END
START -7280 -10856 -13496 5540 -15225 28785 END
START -7708 -17412 -17552 6198 -9369 29200 END
START -7536 -26668 -19292 5314 -4764 29277 END
START -6700 -32768 -19632 8483 561 27571 END
START -4532 -32768 -17836 11395 7116 22294 END
START -4512 -32768 -12180 2075 14459 12271 END
START -4712 -32768 -5904 -10016 16246 2226 END
START -5216 -32768 -1640 -7911 15088 -5932 END
START -4652 -32768 2420 -4541 13525 -11567 END
START -4196 -32768 4116 -8957 10761 -17406 END
START -3400 -27508 3572 -12118 8480 -21126 END
START -2496 -19976 1440 -13111 7550 -21580 END
START -2312 -14764 48 -13898 8666 -20553 END
START -2012 -11340 392 -11982 8352 -20115 END
START -2508 -8300 664 -8826 7516 -18210 END
START -2664 -5428 -172 -6810 7634 -14899 END
START -1940 -2968 1928 -6899 8135 -13184 END
START -1756 -1956 3612 -7068 5594 -11038 END
START -1180 -224 2240 -4608 2488 -7650 END
START -440 1320 916 -4902 1622 -4290 END
START -436 412 824 -3902 716 -1681 END
START -288 1620 1316 -1584 -1809 637 END
START 648 3248 352 -2760 -3482 3681 END
START -468 4092 444 -5783 -3359 7990 END
START -2360 2020 3276 -6036 -4927 11955 END
START -4736 324 5720 -3057 -8866 16113 END
START -7236 -1788 7900 -1266 -14227 20305 END
START -9580 -5352 9000 -135 -17679 23528 END
START -12044 -10528 10548 2435 -20183 26349 END
START -13548 -21424 12000 13707 -24731 28760 END
START -15624 -30876 11556 18919 -29660 27502 END
START -16872 -32768 5084 9597 -32768 21322 END
START -14888 -32768 -7504 8837 -32768 14137 END
START -13432 -32768 -18208 13706 -31511 7236 END
START -13628 -32768 -23512 14516 -24584 -131 END
START -10776 -32768 -27736 6903 -18539 -8013 END
START -9176 -32768 -30024 1504 -11920 -13487 END
START -8904 -29484 -30348 788 -3798 -16853 END
START -10776 -22996 -27220 -1335 2621 -17491 END
START -10904 -17900 -22324 3203 8444 -16673 END
START -9616 -11108 -17996 4117 14022 -13966 END
START -9364 -7140 -13924 -2945 18129 -11252 END
START -8884 -8804 -13048 -8891 19178 -6899 END
START -8932 -11488 -13736 -1491 24090 -4179 END
START -8436 -13200 -13772 2091 26816 -2797 END
START -6424 -14524 -13760 -605 29987 -2156 END
START -5048 -16208 -15596 -9916 32767 -2854 END
START -6572 -20968 -14380 -16904 32767 -4895 END
START -11068 -27012 -6736 -4016 32767 -2639 END
START -16076 -24028 4092 12271 32767 -1688 END