START -2948 7652 2140 7567 329 5318 END
START -3536 7232 2420 9398 -47 9403 END
START -4208 6692 2084 11591 -3739 14473 END
START -4520 3068 -640 12086 -6422 20000 END
START -4864 -4328 -5328 11666 -7973 24451 END
START -4900 -12840 -11716 10540 -8977 27439 END
START -2544 -22528 -17048 10218 -6647 30089 END
START -2704 -32768 -20972 8941 -1306 31028 END
START -5720 -32768 -18080 9878 5486 26592 END
START -6500 -32768 -8920 9569 9763 14121 END
START -4928 -32768 -4160 -587 8963 1152 END
START -2644 -32768 -4680 -9330 7363 -7149 END
START -2204 -32768 -6072 -10223 7762 -12246 END
START -1812 -32768 -5900 -12768 8620 -15541 END
START -2076 -26416 -5400 -14615 8594 -17447 END
START -2016 -21552 -6452 -13708 8505 -17679 END
START -1856 -16476 -6256 -11729 9784 -16828 END
START -1884 -13820 -5324 -10397 11606 -15516 END
START -2576 -11684 -3536 -8999 12029 -15375 END
START -2372 -8476 -2300 -5400 12168 -15450 END
START -1972 -4160 -968 -5151 12989 -13739 END
START -1220 -2404 1272 -3409 13104 -12039 END
START -548 84 3156 1392 11487 -10399 END
START 352 2232 5076 2334 8344 -8789 END
START 1028 4592 6376 1505 5863 -6406 END
START 1516 5416 7764 1957 4358 -4051 END
START 1572 7208 8516 2462 1396 -680 END
START 1020 6704 8904 4108 -2230 2511 END
START -500 6376 10092 6986 -3779 5582 END
START -3276 6520 12432 7152 -6492 9566 END
START -6252 6336 14408 5337 -9904 15003 END
START -9756 3452 17140 5208 -13392 19699 END
START -15180 744 19624 9142 -18032 25529 END
START -21772 -1320 17304 7650 -22711 32148 END
START -26272 -10984 10064 574 -26444 32767 END
START -26588 -26404 -2872 3565 -32768 32767 END
START -28076 -32768 -22576 13027 -32533 32767 END