START -2008 -14092 -1672 3513 -390 18364 END
START -5224 -10384 -3832 5557 -481 23555 END
START -6772 -17148 -6796 2705 927 26808 END
START -8244 -30008 -11004 3004 2863 26027 END
START -6316 -32768 -11220 12716 8065 21557 END
START -2652 -32768 -7892 6639 10758 16035 END
START -2524 -32768 -4296 810 12618 10867 END
START -2588 -32768 184 -2346 16471 2218 END
START -3792 -32768 8492 -3635 16179 -6941 END
START -3948 -32768 14156 -5877 12667 -14233 END
START -3800 -32768 14484 -11170 8490 -18690 END
START -3956 -26180 12596 -13290 4757 -20449 END
START -3776 -19612 9200 -13186 4092 -21411 END
START -3700 -13752 8084 -13543 3495 -21443 END
START -3052 -9336 7096 -14289 2106 -19698 END
START -2296 -6804 6128 -11934 364 -17913 END
START -1516 -3864 4208 -8956 -143 -15721 END
START -868 -1912 3076 -9371 1159 -13453 END
START -920 -448 2240 -10440 1594 -11255 END
START -132 220 1532 -10210 -392 -8982 END
START 684 2312 -468 -6279 -373 -4980 END
START 1156 1872 -696 -3346 -326 -1871 END
START 876 1892 -832 -336 -312 316 END
START 372 2540 -1064 2449 220 2617 END
START -196 2200 -588 4186 1068 6452 END
START -1068 952 572 7985 2373 9059 END
START -2432 1580 3168 10119 3220 11316 END
START -2360 3436 7780 9366 3671 15027 END
START -4232 5516 16544 9770 2410 22660 END
START -8268 5784 28748 15047 -2196 31968 END
START -16560 164 32767 7066 -15338 32767 END
START -26448 -17584 32767 3569 -32768 32767 END
START -30684 -30868 29408 -5 -32768 32767 END
START -32768 -32768 11152 -20968 -32768 32767 END
START -32768 -32768 -20140 -15941 -32768 24219 END