START -3136 908 6896 4894 -4579 6509 END
START -4344 192 6540 8468 -8607 12873 END
START -4996 -400 4948 12765 -9560 18414 END
START -6384 -700 3420 11196 -10255 24307 END
START -7140 -5280 -1036 9212 -12606 29167 END
START -7176 -10736 -6544 11277 -11852 31853 END
START -8028 -16264 -9988 14935 -11629 32767 END
START -8180 -24768 -14232 16071 -8298 32767 END
START -7468 -32768 -15000 12394 -509 32767 END
START -7220 -32768 -13492 3327 4047 27134 END
START -5908 -32768 -13744 -2099 6348 18954 END
START -6080 -32768 -12296 -1376 11235 10889 END
START -6408 -32768 -5752 -704 14558 74 END
START -5640 -32768 228 -9306 13759 -8600 END
START -4780 -32768 2100 -12499 12674 -14004 END
START -4632 -32516 1608 -13476 11807 -18055 END
START -5668 -27892 1312 -12629 12748 -21542 END
START -5872 -24004 2792 -11050 12564 -24407 END
START -5728 -20000 4312 -10833 11534 -25528 END
START -6092 -15892 5192 -9730 9240 -25893 END
START -5448 -12092 3600 -8909 7833 -24974 END
START -4656 -7720 2860 -10084 6464 -23619 END
START -3652 -4292 1504 -8748 5119 -21008 END
START -2304 -1604 308 -6491 4200 -17132 END
START -1620 1192 472 -3592 3710 -13624 END
START -1464 2200 1728 -2218 1830 -9519 END
START -780 2616 2228 247 -1031 -4692 END
START 304 4448 2524 -1006 -3522 -494 END
START -28 4168 1828 -2451 -5643 4047 END
START -948 2344 568 -1200 -7243 7763 END
START -2192 304 -756 2425 -7707 11180 END
START -2804 -108 -2000 3679 -6891 14910 END
START -3940 -1876 -2132 2257 -5463 18073 END
START -5876 -5236 -84 5508 -4007 20665 END
START -9068 -7680 4256 12943 -5231 23414 END
START -10056 -8556 9164 15106 -7761 26733 END
START -12840 -13148 10888 8817 -11074 30100 END
START -15668 -22264 8500 8386 -15978 31801 END
START -14976 -30700 6780 15928 -19880 30779 END
START -14952 -32768 8648 19390 -23028 27858 END
START -14188 -32768 2236 14003 -27269 22264 END
START -10384 -32768 -10704 9116 -25914 11991 END
START -7568 -32768 -16172 9301 -20624 1103 END
START -6932 -32768 -16832 10038 -16278 -8340 END
START -7844 -32768 -17680 2566 -13492 -15859 END
START -7952 -32768 -18808 -3060 -9440 -20310 END
START -7700 -24896 -17052 -4795 -4125 -21949 END
START -7692 -18996 -12600 -4806 379 -21554 END
START -7956 -14888 -8104 -2352 4528 -20061 END
START -8000 -11400 -6620 -5025 7826 -16617 END
START -7748 -8976 -8040 -6099 11675 -12810 END
START -6644 -8156 -11992 -8194 16724 -9007 END
START -6416 -10524 -14656 -7707 21969 -6271 END
START -5876 -12664 -15352 -9295 25816 -4681 END
START -6704 -20992 -15040 -12159 32767 -4509 END
START -10104 -28928 -7576 -11041 32767 -5898 END
START -10980 -32768 544 -2670 32767 -8059 END
START -10872 -32768 9764 -10366 32758 -14910 END
START -9884 -32608 13516 -15782 27769 -20264 END
START -6404 -22676 12836 -10718 22391 -20886 END
START -4744 -13244 12556 -6510 17489 -19264 END
START -3384 -7528 12200 -4241 10801 -17630 END