START -3512 1504 1580 7840 794 14764 END
START -5600 -500 2252 8836 -455 20434 END
START -6020 -3980 1916 12821 -2188 24988 END
START -7476 -3884 88 15477 -1874 30974 END
START -7284 -7748 -1560 11600 -1978 32767 END
START -8200 -19260 -7124 6537 -2729 32767 END
START -10376 -32768 -16068 7984 176 32767 END
START -10236 -32768 -18796 10088 7360 32727 END
START -9748 -32768 -15760 8356 15051 24044 END
START -10272 -32768 -6608 553 19937 13438 END
START -10228 -32768 3564 -2584 19374 3187 END
START -9960 -32768 9788 -2764 16366 -5099 END
START -8936 -32768 12032 -3840 12044 -12464 END
START -7512 -32768 10284 -11180 9311 -18715 END
START -7340 -31024 7216 -14525 8500 -23156 END
START -7380 -23616 5764 -12627 8055 -25318 END
START -6620 -17528 4628 -9853 7309 -25202 END
START -5880 -12964 3988 -8714 6833 -24240 END
START -5552 -10200 2848 -8303 7390 -23436 END
START -5112 -7116 3340 -6724 7877 -22160 END
START -3824 -3160 3352 -6028 6580 -19264 END
START -2164 -468 3216 -7139 5067 -15884 END
START -1532 80 2876 -5340 3438 -11218 END
START -1008 684 1196 -3435 2412 -7570 END
START -412 656 584 -4996 2527 -5577 END
START -1016 988 1888 -3460 1941 -3234 END
START -1256 1508 2888 1091 48 -634 END
START -1076 3064 3092 1762 -1478 2735 END
START -1392 2620 3788 290 -1752 5937 END
START -2308 2572 4480 40 -1268 8802 END
START -3692 3560 5680 -1711 -2563 11598 END
START -6660 4044 7684 3750 -3467 16544 END
START -8936 5432 12796 11976 -3160 23785 END
START -11984 4488 21096 13769 -7531 32767 END
START -20280 -6180 32352 17628 -16819 32767 END
START -28176 -22216 32767 15920 -32768 32767 END
START -31832 -32768 13984 10125 -32768 32767 END
START -30164 -32768 1184 1191 -32768 32767 END
START -28640 -32768 -13224 3145 -32768 22191 END
START -24652 -32768 -20352 5983 -30541 8713 END
START -21672 -32768 -16284 3048 -22349 -3032 END