START -4780 3236 6776 3325 3630 3686 END
START -6644 1864 10568 6287 -1853 10181 END
START -7464 1984 10724 7835 -7674 16228 END
START -6624 2352 8548 4587 -10915 21608 END
START -7248 1252 5512 1792 -12175 25612 END
START -8264 -2608 1144 5142 -14168 30686 END
START -8440 -10216 -7216 8331 -17208 32767 END
START -8728 -20716 -15832 12520 -15149 32767 END
START -9772 -30064 -20100 14422 -4995 32767 END
START -10128 -32768 -18592 11184 552 30248 END
START -9760 -32768 -15572 7912 4832 23906 END
START -9044 -32768 -12116 -1459 16719 11160 END
START -10600 -32768 -4912 -11733 20121 -1036 END
START -9024 -32768 1196 -6427 17770 -9716 END
START -8120 -32768 5472 -6142 15376 -16516 END
START -7504 -32768 7272 -12612 13413 -21370 END
START -7616 -27240 7160 -15416 12657 -24506 END
START -7256 -21032 6352 -14598 11103 -24931 END
START -7136 -17264 6016 -12326 10121 -25860 END
START -6456 -12428 6352 -9958 8604 -25594 END
START -5576 -8064 5360 -10297 7129 -23744 END
START -4684 -4764 5400 -10956 5464 -21624 END
START -3472 -2016 4748 -8280 2920 -18686 END
START -1700 392 3676 -3713 1027 -15083 END
START -72 2620 2456 -2677 -295 -10704 END
START 1244 3476 680 -3257 -2057 -7018 END
START 1892 4228 -1400 -1284 -2544 -2878 END
START 1888 3968 -2492 966 -2047 608 END
START 1652 4344 -2548 1234 -2369 4489 END
START 324 2948 -2020 256 -2176 8618 END
START -2132 404 -348 4317 -3235 11732 END
START -4172 268 2640 7849 -5453 15033 END
START -5132 96 4592 6370 -7150 19083 END
START -7220 -1120 6128 4508 -8309 23916 END
START -10268 -5668 8284 5919 -10910 28191 END
START -12872 -10644 10956 11266 -15130 31021 END
START -14524 -18360 13840 11894 -17484 32767 END
START -15996 -30288 12852 10172 -22956 32342 END
START -16416 -32768 9752 13479 -24315 27098 END
START -14924 -32768 8956 16137 -25966 20924 END
START -14624 -32768 1088 10929 -29654 14033 END
START -14232 -32768 -9496 8732 -28631 5405 END
START -11944 -32768 -16376 5473 -22266 -3357 END
START -10480 -32768 -16908 2997 -16555 -9616 END
START -11604 -31888 -18328 -1712 -12755 -13413 END
START -11208 -27684 -20804 -3800 -6728 -15791 END
START -10456 -21716 -21528 -6769 1154 -16553 END
START -10088 -18196 -17076 -5037 7477 -17239 END
START -9004 -13908 -13980 -1832 12322 -15512 END
START -8268 -13492 -11916 -2925 16759 -12840 END
START -8968 -13820 -10696 -3803 19657 -11394 END
START -8260 -16032 -11240 -5135 24502 -10545 END
START -7956 -19500 -10528 -4451 27504 -10941 END
START -7268 -22920 -10600 -763 29296 -13433 END
START -4880 -22204 -11220 5164 32767 -18042 END
START -8320 -23768 -2820 -665 32767 -18576 END
START -12892 -27248 9788 -2306 32767 -23602 END
START -13928 -26308 16820 -1937 31264 -23829 END