START -572 6856 700 1510 3348 1779 END
START -2188 6920 2356 1196 2417 6945 END
START -3728 7092 2708 6311 -166 11970 END
START -4508 8052 2480 8998 -1110 17712 END
START -6580 6852 2148 7584 -1321 24640 END
START -9796 4404 1536 4896 -2837 30924 END
START -12408 -3540 -2104 7074 -6681 32767 END
START -15696 -16300 -7756 19250 -6210 32767 END
START -14872 -28464 -12728 21094 -1573 32767 END
START -11332 -32768 -11504 13534 3505 32767 END
START -9880 -32768 -10972 4891 3412 30168 END
START -10108 -32768 -11024 5304 6480 20354 END
START -9324 -32768 -8568 -2194 9753 7379 END
START -9020 -32768 -5412 -7903 11289 -6135 END
START -7904 -32768 -3332 -10790 12483 -15308 END
START -7640 -32768 -1704 -14413 12864 -19290 END
START -7852 -28760 -1040 -15754 13417 -21547 END
START -7436 -23212 -308 -15363 13522 -22500 END
START -7508 -18492 -824 -11275 16590 -22886 END
START -7688 -13272 2648 -10135 16754 -22700 END
START -6964 -10148 4356 -8596 15433 -21347 END
START -5548 -6856 4940 -6072 13342 -18928 END
START -3948 -2640 4540 -6604 12545 -16814 END
START -2832 -840 4624 -9260 11918 -14590 END
START -2252 456 4996 -7002 10016 -11321 END
START -1500 2032 4508 -2118 7314 -8325 END
START -952 2652 3336 -88 5513 -5945 END
START -824 2868 3308 -1083 5614 -4454 END
START -788 2656 4760 18 3735 -2752 END
START -540 3692 4580 4663 1373 1319 END
START -468 3768 4840 7034 93 5094 END
START -1508 2312 5044 8066 -1320 8200 END
START -3448 1040 6540 12231 -1717 10517 END
START -7000 1732 10492 15064 -2805 14899 END
START -8840 4664 17728 16064 -5464 23871 END
START -14200 1044 24088 10839 -12242 32767 END
START -23312 -9644 25884 14493 -21752 32767 END
START -29504 -22060 22592 18327 -30811 32767 END
START -30448 -32768 11460 5649 -32768 32767 END
START -29268 -32768 -6096 984 -32768 32767 END
START -25324 -32768 -19564 1061 -32768 27455 END
START -20168 -32768 -22204 -2406 -25460 17520 END
START -17044 -32768 -20100 -3613 -19339 11886 END