START -2724 -3376 3424 10797 -2690 9108 END
START -2912 -2252 2120 10439 -5190 15669 END
START -3808 -3820 -40 7957 -7103 20262 END
START -4280 -7572 -4248 6543 -6715 23917 END
START -4820 -12480 -7772 6786 -5294 26583 END
START -4824 -19428 -10956 8989 -4122 28090 END
START -5060 -25004 -13332 11737 -2006 28438 END
START -6076 -32556 -14488 5928 2431 25701 END
START -6172 -32768 -13852 -1028 5607 18511 END
START -4412 -32768 -13584 -4050 7373 11269 END
START -3444 -32768 -11944 -994 9017 4986 END
START -3136 -32768 -9900 -378 12172 -1075 END
START -3400 -32768 -5480 -5734 15379 -7780 END
START -3976 -32768 -2724 -10704 14874 -13387 END
START -4712 -30180 -456 -9592 13862 -17559 END
START -5628 -25740 1168 -8207 12497 -19830 END
START -6204 -21096 2492 -9881 11896 -21027 END
START -5948 -18300 3820 -10726 10019 -21898 END
START -5740 -15072 2852 -8550 7229 -21834 END
START -4808 -11080 1392 -5876 5976 -20380 END
START -3632 -8412 1252 -4476 5684 -18785 END
START -2864 -6248 1796 -3354 5049 -16592 END
START -1880 -4464 2312 -2769 3240 -13774 END
START -1232 -3388 1264 -2206 570 -10685 END
START -912 -3144 -144 -241 -272 -7255 END
START -144 -2172 -776 248 -1238 -4628 END
START 424 -1784 -1072 -1116 -2649 -2015 END
START 812 -1804 -2016 -1862 -3181 1189 END
START 860 -2144 -2428 340 -2943 4650 END
START 1004 -1756 -2620 1309 -3251 7449 END
START 824 -2064 -2256 1405 -2481 10373 END
START -928 -1888 -376 2355 -1603 14223 END
START -2388 -2804 2080 3699 -2276 18163 END
START -4644 -4408 4084 3337 -3578 21789 END
START -7036 -8172 6448 2690 -6690 25708 END
START -9356 -13592 7812 7579 -10491 28383 END
START -12932 -18504 9056 16527 -12276 30779 END
START -14160 -24332 11032 9958 -16159 30339 END
START -13964 -32768 7544 2326 -21544 25573 END
START -13516 -32768 2252 9050 -25628 20780 END
START -11948 -32768 -5428 11556 -29704 15315 END
START -9824 -32768 -15988 4627 -28140 9043 END
START -9152 -32768 -22928 924 -22492 1580 END
START -8540 -32768 -26184 4935 -16668 -4804 END
START -8160 -32768 -26580 4682 -10561 -9711 END
START -7968 -27700 -27268 563 -2476 -12642 END
START -8532 -23892 -25436 -2929 6763 -13966 END
START -9624 -20012 -21424 -2216 14502 -15806 END
START -9904 -18496 -18048 -3337 20353 -16387 END
START -9828 -17868 -16372 826 26260 -15370 END
START -10968 -19916 -13348 9699 30582 -15718 END
START -12256 -19436 -8608 14550 32767 -17102 END
START -14904 -20176 268 8010 32767 -19019 END