START -3104 6976 4988 12859 567 11306 END
START -5236 5744 7868 18574 -2298 20312 END
START -7420 3772 9604 16376 -5329 25835 END
START -10960 -108 9596 8188 -6588 27247 END
START -14276 -2788 9496 3522 -10137 29954 END
START -15672 -6280 6408 3048 -16948 32767 END
START -16352 -16332 -1652 8195 -23281 32767 END
START -16492 -28424 -13480 15887 -16794 32767 END
START -15188 -32768 -18712 10076 -6770 32767 END
START -13620 -32768 -21428 -1188 382 27614 END
START -12292 -32768 -23616 -4312 7681 17252 END
START -10564 -32768 -18244 3336 15826 5611 END
START -10280 -32768 -9376 2541 17626 -5198 END
START -9680 -32768 -1712 -4350 19013 -13403 END
START -9604 -32768 4364 -11103 18063 -18635 END
START -9196 -31032 5968 -11934 16070 -22023 END
START -8888 -25856 6784 -11003 14248 -24139 END
START -8352 -21336 6016 -13267 12212 -25658 END
START -8312 -20524 5248 -12149 10363 -26906 END
START -8672 -18172 4820 -8552 8474 -28252 END
START -8160 -13468 5196 -8904 7265 -28662 END
START -6412 -9948 5108 -11360 6156 -26848 END
START -5896 -7232 5548 -9052 4072 -25161 END
START -4508 -3328 4540 -5333 1627 -22250 END
START -2892 -552 3744 -4256 -373 -18792 END
START -1496 2028 1892 -4061 -366 -15054 END
START -380 4284 -112 -3855 -1685 -11664 END
START 1232 6656 -3152 -1494 -2488 -6124 END
START 2788 7536 -5056 849 -1655 -352 END
START 3172 5632 -5668 2348 -1904 4819 END
START 2492 3288 -7104 5410 425 9070 END
START 412 2584 -4944 6236 2367 13439 END
START -2232 -1060 -2548 5270 2832 17272 END
START -5084 -2760 1728 6042 3355 20651 END
START -7880 -5448 6556 7857 1579 23971 END
START -10440 -8188 11944 11711 -2375 26874 END
START -11992 -9700 14668 11512 -7577 29627 END
START -12980 -10900 14612 8450 -11092 32767 END
START -15856 -18988 14684 7270 -15430 32767 END
START -17544 -29624 13756 14621 -22363 32767 END
START -17820 -32768 12576 20117 -26564 31280 END
START -17496 -32768 8532 11043 -27328 27457 END
START -14996 -32768 -296 -585 -28587 18009 END
START -13644 -32768 -12144 -1056 -28015 7297 END
START -11572 -32768 -20620 26 -22588 -3235 END
START -10792 -32768 -24696 -1703 -15821 -11984 END
START -9872 -32768 -25064 -3870 -8290 -17567 END
START -9868 -26496 -21804 -5702 -824 -20969 END
START -9916 -20580 -16212 -5594 6161 -22993 END
START -10280 -14904 -11816 -6689 10033 -21802 END
START -9584 -11932 -9856 -6742 13229 -18564 END
START -8816 -10500 -9572 -6935 16030 -15643 END
START -8188 -8504 -8304 -3718 20339 -12638 END
START -7952 -6972 -7480 -4656 21751 -8448 END
START -6384 -10948 -10724 -8475 24855 -4537 END
START -5984 -16832 -10888 -3884 30136 -3491 END
START -4804 -23268 -10240 -259 32767 -4016 END
START -6788 -27976 -3988 -5931 32767 -5677 END
START -9928 -32768 4244 -8713 32767 -8057 END
START -15256 -32768 11268 -4674 32767 -14072 END
START -13788 -32000 15236 -1388 26300 -20973 END