START -4528 -664 3384 9189 -5212 17404 END
START -5776 -1204 2268 12848 -5943 23905 END
START -8092 -2148 1868 13234 -5540 28862 END
START -10152 -5252 -724 10435 -6191 32767 END
START -11184 -14008 -6376 11444 -4855 32767 END
START -11244 -23552 -11516 13981 -2333 32767 END
START -9940 -32768 -13652 10747 1366 32767 END
START -8840 -32768 -13644 5093 2674 30231 END
START -6696 -32768 -13968 7066 6288 20717 END
START -4408 -32768 -11444 2546 9988 8873 END
START -3512 -32768 -8520 -8720 12531 -2838 END
START -3968 -32768 -4152 -7171 15377 -10814 END
START -5320 -32768 868 -7330 15023 -16452 END
START -5024 -29524 3476 -12310 12941 -19955 END
START -5108 -25044 4020 -13728 11626 -21724 END
START -5496 -21760 3924 -13046 11705 -22224 END
START -6212 -19648 5372 -10209 10639 -22958 END
START -5672 -16312 6584 -8413 8874 -23719 END
START -5252 -13756 6340 -7981 7290 -23251 END
START -4260 -11040 5216 -7886 6068 -22275 END
START -3408 -8792 3408 -8233 5528 -21059 END
START -2496 -6104 2436 -7593 5058 -20027 END
START -1120 -3068 1928 -6495 3680 -17301 END
START -72 -1184 1084 -3144 2528 -13532 END
START 688 332 304 -954 952 -9651 END
START 1228 720 -608 1484 243 -5750 END
START 1308 928 -184 4295 -71 -1919 END
START 948 2060 252 7258 -1109 2222 END
START 1044 2076 -324 7515 -2042 7086 END
START 232 1696 -184 7008 -1606 11554 END
START -1280 1552 1032 6626 -1622 15871 END
START -2876 1180 2588 6757 -3134 20386 END
START -5016 116 3496 8317 -4245 26532 END
START -8488 -3652 4896 10823 -4465 32588 END
START -12144 -10884 8492 11491 -5037 32767 END
START -15764 -21204 11676 9197 -8133 32767 END
START -17372 -31352 14528 9354 -13430 32767 END
START -15456 -32768 12640 11660 -19446 32617 END
START -13152 -32768 8652 9823 -23930 26152 END
START -11332 -32768 4476 4468 -26848 17624 END
START -9352 -32768 -1912 -1357 -30260 9109 END
START -7860 -32768 -12220 -4998 -31415 1379 END
START -7092 -32768 -18788 -7386 -25480 -6716 END
START -7136 -32768 -21148 -10214 -18144 -11891 END
START -7784 -31076 -20856 -7421 -11169 -16388 END
START -8064 -24908 -18588 -5989 -4588 -19289 END
START -8216 -19592 -14836 -8547 2702 -20313 END
START -9272 -14756 -11404 -8920 7812 -19137 END
START -8904 -12640 -9320 -5071 11382 -16350 END
START -7628 -9204 -8992 -5689 14475 -11484 END
START -6280 -8704 -10136 -11299 18256 -9909 END
START -6028 -12556 -10396 -12569 21767 -7715 END
START -6060 -17684 -9272 -4890 23192 -5553 END
START -6796 -23900 -6420 47 26261 -6591 END
START -8192 -28756 1360 -4868 29390 -11788 END
START -7104 -30176 7044 -9470 28292 -17371 END
START -6788 -27436 12124 -7507 25303 -21387 END
START -4368 -20032 11136 -3744 21502 -22239 END