START -4860 3712 3696 3358 2964 8506 END
START -5668 4440 5584 5279 -741 12913 END
START -7116 4296 3336 5295 -5560 18985 END
START -6176 -1920 -2432 4649 -7734 25722 END
START -6600 -12420 -9928 12413 -7675 29989 END
START -5792 -26700 -19848 13450 -5565 31422 END
START -7744 -32768 -20548 5810 3185 25862 END
START -9120 -32768 -16336 -994 6977 15390 END
START -9036 -32768 -12184 1908 8795 4152 END
START -6188 -32768 -7704 2828 9634 -5765 END
START -3756 -32768 -4412 -3962 9171 -11831 END
START -3816 -32408 -3532 -8851 8809 -14776 END
START -3820 -25512 -2740 -10559 9724 -16599 END
START -3640 -20240 -1424 -8890 10537 -17167 END
START -3696 -16352 288 -7382 10017 -18016 END
START -2884 -11900 1268 -7769 9599 -17456 END
START -2288 -8160 2492 -8987 9816 -16061 END
START -1680 -6128 2884 -9389 9382 -14603 END
START -1000 -3520 2592 -5789 8774 -13105 END
START -344 -1132 2592 -3045 7494 -10260 END
START -12 428 2792 -1623 6288 -8150 END
START -320 1000 3612 -302 4531 -6378 END
START -188 1932 4388 4072 2994 -4294 END
START 240 3972 5464 4592 1433 -900 END
START -620 3244 6736 3328 472 1444 END
START -1176 2376 9068 4978 -454 1827 END
START -3664 4884 13360 8383 -3234 4397 END
START -5708 7348 16948 7787 -6634 13620 END
START -7680 4384 19900 7476 -9932 21642 END
START -12724 -1416 21224 10305 -17974 26972 END
START -17592 -8292 17808 18135 -25823 32500 END
START -20836 -16948 8480 18580 -30469 32767 END
START -21036 -32768 -5172 18707 -29089 32767 END
START -19084 -32768 -9964 20583 -22480 32767 END
START -19412 -32768 -10644 17728 -16386 28130 END