START -2788 72 3336 1540 -2984 9186 END
START -3232 812 3296 4568 -3869 13679 END
START -3040 -280 2388 5451 -5595 18352 END
START -3964 -3380 148 4712 -6762 23097 END
START -5684 -7972 -2692 10620 -6601 27292 END
START -5664 -12304 -6668 13518 -4441 31377 END
START -4980 -22160 -8304 13743 -2141 32741 END
START -3976 -32740 -10116 13221 1081 32022 END
START -5016 -32768 -9004 4982 4714 28109 END
START -7196 -32768 -8284 -4555 6462 19186 END
START -4356 -32768 -8328 -5410 9580 9940 END
START -3132 -32768 -4752 -2451 11747 1745 END
START -3204 -32768 1496 -2000 11096 -5864 END
START -3120 -32768 4068 -8027 10225 -10754 END
START -3468 -32768 4000 -14413 10319 -14886 END
START -4380 -28492 3464 -13620 10610 -18077 END
START -5100 -22828 4628 -9518 10957 -20213 END
START -5480 -16572 5152 -8444 9846 -20253 END
START -5068 -13608 5756 -9447 8579 -20029 END
START -4684 -11440 6196 -8297 6949 -19262 END
START -4692 -7884 5828 -5494 4733 -17579 END
START -2932 -5808 3980 -5941 3746 -15632 END
START -1304 -4612 3056 -7258 2586 -13798 END
START -1220 -3404 2120 -5436 890 -11788 END
START 440 -2328 720 -2906 -131 -9550 END
START 1080 -824 -364 -2291 -395 -7003 END
START 1360 -792 -624 -2776 -488 -4383 END
START 1152 196 -364 -1556 -882 -1670 END
START 1208 1116 -504 486 -1528 1121 END
START 632 1640 -264 2474 -1295 4275 END
START -492 2108 1212 3725 -355 7343 END
START -2516 3116 4132 3296 -19 10621 END
START -5532 3948 8584 6698 -1551 15268 END
START -7356 5464 14460 9500 -4238 22013 END
START -10120 4692 21976 7943 -9014 29244 END
START -19360 -2004 28308 5531 -19816 32767 END
START -28196 -12608 29272 9524 -32768 32767 END
START -31284 -22724 17596 9408 -32768 32767 END
START -32768 -31448 916 -2290 -32768 32767 END
START -32768 -32768 -20528 -4352 -32768 32767 END
START -26772 -32768 -32768 10999 -31359 21157 END
START -23224 -32768 -25116 15532 -18415 11844 END
START -22016 -32768 -17984 10309 -10214 4006 END
START -19560 -32768 -13944 2723 -8178 -2246 END