START -2088 4996 1232 123 -2260 7714 END
START -3020 5500 3104 5169 -2669 12289 END
START -3192 5852 3740 7097 -4679 17637 END
START -4112 3820 2720 5265 -7101 23942 END
START -6148 -1212 -428 6373 -7530 28515 END
START -7224 -9128 -4432 10260 -7726 32394 END
START -7564 -15476 -9520 12440 -5883 32767 END
START -7612 -24668 -11440 12629 -1906 32767 END
START -8716 -32768 -10832 13567 1832 32606 END
START -7868 -32768 -7908 9205 4720 28943 END
START -7612 -32768 -5072 -791 5676 24589 END
START -7640 -32768 -8228 -4914 8040 16352 END
START -8700 -32768 -4248 -820 13009 5268 END
START -8992 -32768 4056 1924 13012 -5859 END
START -6436 -32768 7788 -5121 10548 -13022 END
START -4704 -32768 6828 -13132 9206 -17142 END
START -4348 -32096 5012 -15966 8642 -19690 END
START -5140 -27636 4244 -13765 7573 -22583 END
START -5108 -22396 3188 -9879 7126 -24167 END
START -4616 -17912 3696 -10299 7258 -24235 END
START -4528 -14244 5144 -10218 7154 -24219 END
START -4164 -9408 5196 -9781 4810 -22063 END
START -3248 -6196 4044 -8011 3003 -20383 END
START -2132 -3516 2296 -8289 3414 -17987 END
START -1180 -2296 1472 -8409 2957 -15796 END
START 736 -156 -20 -5835 1933 -12849 END
START 816 432 -860 -3451 1001 -10715 END
START 668 812 -1172 441 -241 -8672 END
START 1060 2112 -1312 1620 -852 -6216 END
START 2264 4056 -2028 -732 -764 -3063 END
START 2856 4724 -2352 -3103 -1764 429 END
START 3184 3924 -2740 -699 -1425 4182 END
START 1720 4904 -1556 334 -641 7611 END
START -916 3684 800 -3656 -513 10724 END
START -4076 836 5236 -4004 -2007 13473 END
START -6736 600 10120 3496 -6406 16943 END
START -7684 2128 10924 2515 -11174 22388 END
START -10092 444 11184 -3448 -11865 27354 END
START -14820 -3804 14304 -4353 -13663 31439 END
START -19476 -14268 18668 4479 -22714 32767 END
START -22900 -29016 11620 14538 -30758 32767 END
START -23732 -32768 408 11781 -28940 32767 END
START -21844 -32768 -796 1993 -27171 23711 END
START -20632 -32768 -12064 7400 -32768 15178 END
START -17908 -32768 -25628 16497 -32081 9427 END
START -12476 -32768 -32768 7679 -21286 2182 END
START -12648 -32768 -32768 -879 -17001 -4631 END
START -11916 -32768 -32768 -1028 -13724 -8553 END
START -10676 -31200 -32768 -2121 -2559 -11594 END
START -10708 -27592 -32768 -4122 8674 -12445 END
START -11664 -25496 -26896 2470 14979 -12002 END
START -12296 -24556 -26028 356 22737 -10521 END
START -13052 -32084 -25440 -14787 32767 -14003 END
START -23112 -32768 -13144 -21555 32767 -20107 END
START -28820 -32768 -1284 498 32767 -26750 END
START -28376 -32516 3760 6898 32767 -32768 END
START -29164 -30496 13388 -5980 32767 -32768 END
START -26384 -23112 17532 -2747 32767 -32768 END
START -19180 -14920 9628 4455 32767 -32768 END
START -15068 -9124 10080 2801 29307 -32768 END
START -11436 -3816 10592 1715 21878 -32768 END