START -2460 3360 7864 2225 -2035 2011 END
START -3124 3724 7332 7170 -4245 7522 END
START -4160 5860 7728 6191 -7498 13927 END
START -5528 4652 6916 706 -12407 19622 END
START -6628 -300 1956 1851 -14234 25068 END
START -7700 -3812 -3220 5227 -13532 29939 END
START -7972 -11544 -9336 7828 -11257 32767 END
START -8000 -22064 -15172 10129 -8194 32767 END
START -5184 -32768 -20204 11057 -3236 32767 END
START -2960 -32768 -20636 5923 1180 28216 END
START -1192 -32768 -21304 -398 6391 19112 END
START -1672 -32768 -16672 -1129 13052 7670 END
START -1200 -32768 -10532 -2728 13528 -4650 END
START -864 -32768 -5556 -11145 14231 -14261 END
START -1784 -32768 -2392 -16042 14806 -19598 END
START -2656 -30880 -1172 -15918 15237 -22800 END
START -3492 -24596 1260 -15622 15709 -24243 END
START -4116 -18892 3284 -13827 14376 -24591 END
START -3780 -13896 5408 -11974 12218 -24244 END
START -2872 -9400 5960 -11518 10193 -22488 END
START -2800 -6808 6524 -11280 9238 -19806 END
START -2932 -4612 7408 -9167 6961 -16893 END
START -2436 -2660 7288 -7100 2888 -14230 END
START -1656 -216 5248 -5583 58 -11174 END
START -824 2196 3028 -4609 288 -7858 END
START -332 3588 3688 -2856 -667 -5069 END
START -204 5496 3428 -615 -3193 -781 END
START 28 5824 2700 2003 -4463 3931 END
START -1000 5884 2504 2424 -5359 8822 END
START -2592 3612 3248 2427 -5532 13399 END
START -4656 1560 4620 4277 -6302 17654 END
START -7412 -800 6492 8796 -8219 22778 END
START -10268 -3548 7428 10937 -11028 28294 END
START -13716 -11476 6136 10454 -12285 32767 END
START -15132 -19844 6948 13480 -11038 32767 END
START -15392 -26180 9368 11227 -15093 32767 END
START -15532 -32768 6360 11374 -23448 32767 END
START -13560 -32768 -4596 20481 -27727 29558 END
START -9824 -32768 -11244 21072 -25189 20349 END
START -8008 -32768 -9940 16669 -22893 9828 END
START -5864 -32768 -11720 9170 -24907 -266 END
START -4636 -32768 -19996 3930 -25118 -8332 END
START -5360 -32768 -24380 -635 -19541 -14696 END
START -6460 -32768 -22660 -4909 -12787 -20326 END
START -6840 -25936 -19012 -4733 -6143 -22683 END
START -7784 -18552 -15668 1003 1894 -22081 END
START -8120 -11092 -11372 -2358 7467 -20468 END
START -7436 -9292 -12956 -7040 12682 -16087 END
START -6224 -7244 -15128 -9906 20137 -10966 END
START -5452 -8832 -17456 -10676 28424 -7415 END
START -5532 -12872 -17416 -6675 32767 -5835 END
START -8208 -14872 -10580 -6168 32767 -6832 END
START -10700 -21044 -2768 -12198 32767 -7630 END
START -13504 -29720 1152 -13224 32767 -8513 END
START -14060 -29944 7632 -3252 32767 -8366 END