START 1356 -5156 24 4442 -249 4546 END
START -1196 1872 -2772 9955 -1131 11168 END
START -1968 1620 -3588 12643 -2127 15589 END
START -2032 -664 -3236 13382 -2425 20282 END
START -2856 -7196 -4532 10457 -2958 22823 END
START -3960 -18904 -6904 16826 -3719 23740 END
START -1052 -30864 -14008 25147 -3965 21578 END
START -388 -32768 -19392 18766 3946 18998 END
START -220 -32768 -17280 5200 10907 14241 END
START 1144 -32768 -11308 1862 13098 2558 END
START 1908 -32768 -5892 969 12293 -7483 END
START 2504 -32768 -4504 -5490 10759 -12285 END
START 1744 -32176 -3656 -10450 10343 -13664 END
START 1096 -23924 -3268 -12358 10086 -15158 END
START 632 -16752 -2652 -12286 9951 -16133 END
START 1128 -11364 -1620 -11294 9760 -14859 END
START 824 -7432 -596 -9313 9708 -12677 END
START 700 -5140 608 -9588 9511 -11321 END
START 472 -2648 1928 -8861 8471 -8411 END
START 836 -1648 2556 -7474 7257 -7127 END
START 1016 -416 3784 -4814 4972 -5768 END
START 1024 644 4212 -1933 2997 -4129 END
START 1664 2792 5612 -909 2012 -1507 END
START 1780 4648 7672 -548 1396 490 END
START 1356 6692 12432 1267 -2098 3130 END
START 112 7484 16996 6717 -5627 7134 END
START -1268 8156 22904 10857 -10293 11209 END
START -3228 8788 27956 6340 -18756 18809 END
START -8412 2832 30044 1781 -27193 25989 END
START -17676 -2108 29172 4267 -32768 30048 END
START -25012 -8260 25144 8939 -32768 32767 END
START -32768 -19260 11580 10824 -32768 32767 END