START -2188 3272 4168 5001 -2536 5034 END
START -2828 2772 3528 4530 -4823 10624 END
START -4092 2208 2580 6129 -5760 15851 END
START -5372 1224 1824 7874 -8204 20696 END
START -6088 -1712 -2040 7866 -11434 26146 END
START -6852 -8700 -8940 9333 -12617 31125 END
START -7092 -18744 -16952 8968 -11296 32767 END
START -5704 -30248 -22452 8798 -8805 31969 END
START -4176 -32768 -28532 4835 -4095 28405 END
START -2288 -32768 -30724 620 7842 19574 END
START -2428 -32768 -23512 -3250 16118 6773 END
START -2408 -32768 -13612 -4300 18270 -5866 END
START -3188 -32768 -3384 -7782 19307 -16290 END
START -3452 -32768 4000 -12292 18322 -21646 END
START -3396 -26216 7476 -14875 15316 -24060 END
START -3292 -17540 8316 -16128 12405 -25257 END
START -2196 -11080 7136 -15429 11334 -23466 END
START -1692 -6836 5960 -14414 9868 -21683 END
START -552 -3616 5296 -11133 7083 -19214 END
START 372 -424 3984 -8398 5932 -15919 END
START 384 2048 2660 -7521 5782 -11674 END
START 236 2164 2320 -5901 4513 -8749 END
START 340 2096 1812 -2600 4020 -5800 END
START -840 2284 2480 2793 3253 -3073 END
START -792 2448 2384 4808 2433 1914 END
START -344 1936 2684 4648 1639 4435 END
START -808 1524 3776 3008 -221 7332 END
START -2084 -1660 5032 6693 -2053 10281 END
START -3188 -1940 7328 12361 -3107 14310 END
START -4136 -3108 11112 12165 -6397 19549 END
START -7096 -7824 13136 7203 -10786 24273 END
START -12284 -18532 13648 7742 -15521 26161 END
START -13600 -25276 12328 13241 -23831 25360 END
START -12184 -27400 6240 10129 -30505 24361 END
START -12740 -31944 -1928 6769 -32768 23404 END
START -11476 -32768 -8716 13205 -32768 22278 END
START -10656 -32768 -11228 11502 -32768 18591 END
START -11068 -32768 -16200 1625 -32768 12798 END
START -10136 -32768 -23684 -4019 -31409 5437 END
START -6132 -32768 -30584 -8821 -26163 361 END
START -2488 -31548 -32768 -6297 -16992 -4180 END
START -1368 -28976 -29948 -2711 -7966 -7714 END
START -4308 -25576 -22768 434 -1048 -10064 END
START -6132 -22648 -17728 -512 2616 -11449 END
START -7300 -20792 -14696 1663 7802 -12205 END
START -9036 -15824 -12772 327 12264 -12687 END
START -9156 -13956 -15356 -7196 15575 -11895 END
START -9280 -14316 -19196 -9912 22426 -8859 END
START -10728 -14944 -20640 -5251 30819 -7013 END
START -11568 -15452 -17584 -1652 32767 -6718 END
START -11544 -17544 -13884 -6389 32767 -7771 END
START -10956 -19752 -8964 -11312 32767 -6686 END
START -11476 -27536 -5032 -5822 32767 -6072 END
START -11424 -27280 4012 -1586 32767 -6753 END
START -11628 -27312 11328 -11249 32767 -11794 END