START -524 2680 5100 3889 1202 4125 END
START -2472 2340 5500 5715 786 9937 END
START -4672 944 7396 7363 -2874 13994 END
START -6844 -312 8212 6937 -8215 17811 END
START -8596 -1284 6712 4476 -12106 22028 END
START -9616 -5144 2792 2584 -13144 25850 END
START -10060 -11212 -4140 2727 -15073 29945 END
START -9256 -18584 -11824 6287 -16085 32072 END
START -6228 -29332 -20836 10927 -13846 32578 END
START -4060 -32768 -23820 14294 -4627 29630 END
START -4756 -32768 -20872 3577 3048 22045 END
START -6240 -32768 -15828 -3466 9535 9919 END
START -7016 -32768 -10152 -3994 15202 -4049 END
START -7000 -32768 -2996 -10626 16343 -15296 END
START -5976 -32768 2860 -14100 15019 -20867 END
START -5008 -29272 1112 -17761 12364 -22988 END
START -4420 -22604 -456 -18054 12890 -23601 END
START -4328 -19368 388 -15407 13379 -23507 END
START -4116 -15384 2012 -11120 12309 -23280 END
START -3304 -11300 2772 -10319 10976 -22405 END
START -3332 -6628 4856 -11668 9582 -19833 END
START -3272 -5224 6256 -12781 7893 -16430 END
START -2948 -3832 5788 -9338 6289 -13804 END
START -1900 -1080 5336 -6678 3828 -12210 END
START -696 2200 3416 -6977 1654 -9457 END
START 404 3732 2104 -6969 805 -5638 END
START 860 4980 1724 -4850 -575 -2677 END
START 916 6140 1552 -1910 -3129 1249 END
START 888 6936 760 1089 -4386 5786 END
START -216 6476 1712 1447 -5393 10011 END
START -2240 4508 2744 2176 -5794 14172 END
START -5356 2448 5744 3469 -7424 18744 END
START -8520 -1292 9168 5330 -11631 22853 END
START -10776 -5224 11292 8106 -16558 26320 END
START -13292 -12040 13132 18972 -19675 28878 END
START -13828 -17664 15048 28244 -22146 32403 END
START -15348 -30428 13404 20647 -26414 32767 END
START -18320 -32768 9088 15036 -28758 29111 END
START -16624 -32768 412 19414 -31128 20687 END
START -11532 -32768 -9860 19127 -29478 10598 END
START -9780 -32768 -16432 11472 -23775 1868 END
START -9920 -32768 -16132 10039 -19223 -5364 END
START -10096 -32768 -15348 11913 -17126 -10862 END
START -9152 -32644 -15752 3803 -13484 -15023 END
START -9960 -25712 -15648 -4349 -8897 -16858 END
START -10156 -20588 -17312 -5121 -3636 -16322 END
START -9288 -16428 -17312 -3129 1875 -15560 END
START -7960 -11376 -17188 -5310 8120 -12863 END
START -7140 -9344 -17416 -8673 14289 -9184 END
START -6516 -8652 -17160 -9707 19194 -4294 END
START -7368 -13056 -16236 -4384 26557 -2400 END
START -7952 -18116 -11468 39 29722 -1305 END
START -8020 -25104 -6264 -3153 30036 -1412 END
START -10288 -32768 -1292 -9506 31540 -5265 END
START -12024 -32768 4708 -8900 30969 -10969 END
START -11436 -32768 8816 -5190 28770 -18164 END
START -9400 -32768 11408 -6843 25160 -24603 END
START -7716 -24436 11060 -9794 21868 -26992 END
START -5988 -15332 11084 -11087 19353 -26314 END
START -4816 -9992 11076 -9998 15726 -23745 END
START -5008 -5720 11000 -7229 12155 -20981 END