START -1020 6060 3240 3235 -2583 6195 END
START -1492 8164 2824 2381 -2317 10269 END
START -1260 8172 1384 -264 -3812 16478 END
START -3820 2956 -2064 -1002 -5326 20593 END
START -7008 -6092 -7224 6567 -6670 23405 END
START -7764 -14468 -12780 15946 -5880 25093 END
START -4764 -25464 -16472 18848 -2787 25459 END
START -5296 -32768 -17932 15780 3211 23216 END
START -3516 -32768 -12812 12947 9152 17895 END
START -1580 -32768 -6956 8671 9647 12101 END
START -2024 -32768 -5072 4438 8682 6001 END
START -2228 -32768 -3760 -225 9427 -2512 END
START -2080 -32768 -1332 -5183 9806 -9956 END
START -1840 -32768 -112 -8611 9367 -15138 END
START -1512 -29384 524 -10816 9182 -17595 END
START -1532 -22448 92 -10948 8433 -18313 END
START -792 -17676 -696 -10452 7832 -18032 END
START -440 -14468 -1160 -8577 8799 -17548 END
START -252 -11408 -520 -8801 9270 -17327 END
START -992 -7632 804 -8968 9185 -16005 END
START -760 -4384 1892 -7574 8807 -13106 END
START 80 -1960 2560 -4989 8403 -11599 END
START 568 1112 3512 -3544 6780 -9123 END
START 816 2092 4248 -1612 4794 -7325 END
START -60 3184 5384 -247 3300 -4693 END
START -728 4592 6872 1330 2432 -2869 END
START -2376 7328 8948 1021 -334 -775 END
START -3160 10120 10172 1741 -2565 2234 END
START -4848 14356 13052 4477 -3960 6442 END
START -6480 16616 19400 6849 -5410 11677 END
START -10244 15924 24456 5694 -13304 21191 END
START -15640 10156 20252 2219 -21418 30685 END
START -23480 -108 16388 2851 -26479 32767 END
START -28760 -16664 6968 4903 -32768 32767 END