START -5128 1020 4032 9040 -6752 18832 END
START -5576 -1764 4376 11488 -7281 24937 END
START -8608 -5364 3644 12864 -9387 29335 END
START -11088 -11240 68 15008 -10636 32707 END
START -12708 -17332 -4808 13091 -11072 32767 END
START -12052 -22928 -10124 3678 -10842 32767 END
START -11900 -30636 -17836 -2316 -7446 32027 END
START -10880 -32768 -21428 3548 -1881 28264 END
START -9588 -32768 -23344 3427 653 23191 END
START -8616 -32768 -23388 3887 6199 17030 END
START -8620 -32768 -20808 -3467 14680 7345 END
START -9412 -32768 -13588 -6858 18469 -155 END
START -10268 -32768 -6256 -41 17594 -7023 END
START -9600 -32768 -2020 -1453 16765 -12485 END
START -9576 -30536 112 -12589 19151 -17131 END
START -10708 -28084 2708 -15307 18991 -21105 END
START -10956 -23720 3344 -10156 15566 -23703 END
START -9696 -18976 2292 -6254 13835 -24963 END
START -8860 -14696 1788 -7646 13462 -24931 END
START -8344 -12368 1932 -7898 13143 -24823 END
START -7440 -9920 2356 -5362 11834 -24170 END
START -5876 -6216 2596 -3126 9618 -22547 END
START -4236 -3564 1996 -2504 7230 -19804 END
START -2716 -1680 1124 -2631 5851 -16799 END
START -1768 -556 1016 -1296 4570 -13953 END
START -1204 532 1428 1889 1885 -10794 END
START 136 1916 1388 4998 -345 -6419 END
START 856 2692 1416 4950 -2584 -2140 END
START 1508 2284 680 4624 -3899 1982 END
START 1740 2464 100 4420 -5181 6597 END
START 1016 1756 -864 4226 -5577 11006 END
START -556 1156 -768 3708 -6066 15460 END
START -3036 -920 -344 5689 -6222 19995 END
START -5752 -2812 1080 11292 -6227 24318 END
START -8396 -5232 3572 12757 -7633 29224 END
START -11472 -10148 5344 7629 -7703 32103 END
START -15184 -17320 7328 -107 -8720 32612 END
START -16820 -26712 8556 4631 -14099 31810 END
START -16444 -32768 7116 15153 -19540 30547 END
START -15888 -32768 5452 14450 -21832 27504 END
START -15128 -32768 1152 7447 -23223 19612 END
START -12772 -32768 -5012 5901 -24575 10673 END
START -9656 -32768 -11480 6127 -23989 3871 END
START -7764 -32768 -18368 2140 -20995 -1489 END
START -8132 -32768 -23356 -3478 -16043 -6382 END
START -8448 -30372 -25324 -4123 -10345 -11129 END
START -8360 -25000 -24572 -3018 -4040 -14020 END
START -8540 -20756 -21628 -1992 3927 -14885 END
START -9228 -17188 -17152 -1207 9939 -14515 END
START -9708 -15852 -14792 1088 15309 -13938 END
START -10304 -14988 -12580 2764 20797 -13901 END
START -9740 -16376 -10292 1201 24211 -14377 END
START -10164 -19924 -8936 4453 26553 -14402 END
START -10020 -21756 -7880 11034 28276 -17451 END
START -9316 -20380 -6580 9336 31805 -22117 END
START -10152 -20800 -1892 -472 32767 -25532 END