START -7828 -12804 1876 11499 2309 19751 END
START -7864 -14268 1564 2037 -2402 22797 END
START -8596 -20320 -4572 -1186 -6062 24809 END
START -8580 -23624 -13988 -131 -6278 25315 END
START -7912 -30248 -26200 -4064 -3063 25027 END
START -9472 -32768 -27792 5667 3527 21026 END
START -9548 -32768 -24824 9969 8677 14406 END
START -11404 -32768 -16988 -1704 22602 3517 END
START -14928 -32768 -4680 -13105 26691 -6592 END
START -14272 -32768 3024 -6446 22185 -14104 END
START -11696 -32768 5756 -6123 18406 -19617 END
START -9804 -26364 6880 -12028 16987 -22863 END
START -7716 -20764 5360 -14991 15522 -24595 END
START -6960 -14872 4904 -13684 13507 -24199 END
START -5180 -10936 4044 -12282 11326 -22738 END
START -3364 -8036 2472 -10173 9752 -20477 END
START -2036 -5436 1852 -9494 9101 -18048 END
START -1820 -4132 1956 -8945 8285 -15475 END
START -1556 -4012 1772 -5029 5015 -12997 END
START -432 -2436 452 -3817 3495 -10620 END
START 280 -1492 8 -4620 3237 -8524 END
START 844 -796 -604 -4159 1881 -5996 END
START 1312 -12 -1508 -529 582 -3260 END
START 1428 1252 -1832 1276 837 -675 END
START 876 2456 -408 -291 1531 2308 END
START 284 2916 368 -3792 1012 6475 END
START -928 1232 3276 -3185 -1785 10286 END
START -2712 -376 4996 1840 -6056 14128 END
START -6232 -3860 7184 5467 -10822 17465 END
START -9004 -7240 9428 4279 -16251 20724 END
START -10268 -13212 8844 1164 -20601 23121 END
START -12080 -20272 5884 6023 -25300 23566 END
START -12672 -27920 2764 16415 -30702 23199 END
START -13056 -28932 1792 19615 -32143 21533 END
START -13540 -31952 1896 6523 -31524 18813 END
START -15184 -32768 -5188 -1758 -32768 13168 END
START -16620 -32768 -17160 3753 -32768 6008 END
START -16072 -32768 -26640 8312 -29294 -271 END
START -13324 -32768 -28636 11519 -19416 -9247 END
START -11552 -32768 -24780 7242 -14640 -15403 END
START -11004 -27640 -22904 6278 -10387 -19553 END
START -9384 -19816 -21648 5389 -4453 -20476 END
START -8768 -13796 -18820 2384 1919 -18588 END
START -8080 -11596 -15148 505 7498 -17082 END
START -7588 -8844 -11216 2349 12060 -14179 END
START -7580 -5852 -7540 2295 14734 -11661 END
START -7048 -4096 -6164 -3154 17002 -7774 END
START -7512 -4732 -4952 -5343 17300 -3125 END
START -7372 -5252 -3160 -138 14527 1733 END
START -5948 -4156 -7136 4224 14788 6986 END
START -5200 -5604 -11040 -313 19497 11488 END
START -5672 -11452 -16108 -5349 28064 13134 END
START -8204 -17588 -13036 -1371 32767 14078 END
START -10592 -24952 -3052 8248 32767 15330 END