START -596 -1952 516 6204 -2027 7253 END
START -2656 -4096 2244 8810 -1483 16841 END
START -2468 -7424 1296 13352 -2605 20089 END
START -2732 -11152 -448 16592 -3013 24209 END
START -4500 -18332 -4236 18656 -3051 26929 END
START -5520 -27572 -9412 16721 -137 26257 END
START -2472 -32768 -11580 17255 2965 23211 END
START -504 -32768 -12316 10649 5316 21055 END
START -2484 -32768 -11052 -582 8799 15086 END
START -3652 -32768 -6672 -170 15039 3569 END
START -4336 -32768 -180 -2810 14444 -6451 END
START -3428 -32768 3248 -8729 12299 -13723 END
START -2420 -32768 3856 -14477 10796 -17860 END
START -2920 -28484 3348 -16853 9658 -20156 END
START -4004 -20988 3800 -14377 9135 -21169 END
START -3128 -14428 4908 -15082 8524 -20252 END
START -2744 -10812 5556 -15773 7116 -18650 END
START -1888 -7548 5268 -12978 5633 -16895 END
START -1048 -4576 5084 -9851 3963 -14659 END
START -140 -2200 4464 -7814 2945 -12157 END
START 136 168 4016 -7799 1813 -9312 END
START 1180 1004 3336 -7140 1036 -6122 END
START 908 2048 2888 -4682 -312 -3500 END
START 1060 3508 2336 -2076 -1540 -260 END
START 1704 4344 1524 -1413 -1674 3307 END
START 1252 5192 1660 -1787 -673 6578 END
START 44 7364 3284 -1427 735 9100 END
START -2392 12364 6900 -628 2229 12875 END
START -5108 16660 15308 -210 1051 24762 END
START -9324 9292 27784 790 -6370 32767 END
START -21844 -10116 32436 -2172 -23676 32767 END
START -30512 -31636 29256 7577 -32768 32767 END
START -30696 -32768 19216 10113 -32768 32767 END
START -27792 -32768 -5340 3227 -32768 23874 END