START -1212 -712 6200 1013 -9125 10092 END
START -2512 140 3896 -492 -9890 12672 END
START -3472 -4 1128 -3574 -11650 15498 END
START -4936 -1884 -1488 536 -12932 18585 END
START -5576 -3844 -5152 7821 -13950 21908 END
START -5152 -7072 -9004 7628 -13804 27145 END
START -5776 -17764 -17192 7656 -12702 30982 END
START -4140 -26736 -22724 12179 -8764 30524 END
START -2944 -32768 -24936 8835 -3558 30348 END
START -6360 -32768 -22644 3982 2885 26375 END
START -7536 -32768 -19232 1682 9486 16216 END
START -9072 -32768 -12648 1288 17177 2304 END
START -7784 -32768 -3448 -5740 17960 -8726 END
START -6372 -32768 2308 -10040 15300 -14918 END
START -5636 -32768 1920 -12360 11831 -18850 END
START -4520 -25672 860 -13867 10410 -20639 END
START -3532 -19876 312 -14673 10693 -21210 END
START -3452 -14636 952 -12999 10297 -21195 END
START -2712 -10092 1104 -12056 8933 -19668 END
START -2436 -7824 388 -10414 8092 -17009 END
START -2164 -5772 724 -6955 7160 -15733 END
START -1436 -3088 1036 -5125 5711 -14121 END
START -368 -1000 240 -5724 4435 -11572 END
START 756 -344 -440 -5361 4259 -9448 END
START 624 324 -404 -3398 2951 -7833 END
START 1192 1108 -1080 1440 933 -5920 END
START 2144 3608 -1268 3294 -625 -3014 END
START 3004 4584 -1288 2926 -952 -265 END
START 2536 6140 -844 1962 -555 3903 END
START 1448 5672 368 755 -1227 7455 END
START -396 4852 1316 1350 -2238 11025 END
START -3100 3356 2884 3921 -2957 14512 END
START -6196 1840 5972 5495 -4904 17102 END
START -8868 824 10156 5610 -6878 20784 END
START -13040 -2228 16320 5325 -12958 26786 END
START -18548 -7840 20024 9584 -20642 32691 END
START -24552 -15008 21824 14847 -28536 32767 END
START -26432 -28388 14876 18935 -32768 32767 END
START -27228 -32768 2720 21371 -32768 32767 END
START -27092 -32768 920 17766 -32340 29287 END
START -26216 -32768 -4532 8110 -32768 22824 END
START -24808 -32768 -14488 11756 -32768 15223 END
START -21144 -32768 -20324 8466 -27591 7220 END
START -18928 -32768 -23996 -921 -22117 707 END
START -17768 -32768 -32768 -9543 -17566 -6146 END
START -16456 -32768 -32768 -9762 -5755 -13637 END
START -14996 -32768 -32768 -5406 6080 -18585 END
START -16668 -28336 -23836 -2860 15399 -21365 END
START -17036 -25244 -15748 -52 20400 -21885 END
START -16540 -22920 -11196 -2797 24442 -23492 END
START -17452 -23080 -11352 -7357 29392 -24175 END
START -17212 -25160 -10576 -8016 32767 -25135 END
START -19344 -25896 -4528 -4606 32767 -27051 END
START -19984 -23860 2788 -5173 32767 -28197 END
START -18612 -22784 4696 -8187 32767 -29856 END
START -15908 -17832 9172 -4943 32767 -29409 END
START -11248 -13064 10712 -2449 32236 -27140 END
START -10756 -9944 11272 -7275 29059 -24262 END