START -164 -528 2252 -2563 2631 3915 END
START -280 -376 2960 521 2618 7799 END
START -1136 60 3920 3381 -308 10475 END
START -1748 -48 4392 6609 -2603 14436 END
START -3432 -1208 3432 9954 -4203 19150 END
START -4920 -3824 856 8886 -5469 24265 END
START -6284 -7840 -1796 9571 -6047 28313 END
START -5316 -14092 -4452 13040 -5308 31291 END
START -6832 -20732 -7740 12145 -2669 32767 END
START -8548 -31420 -9196 6457 -1413 30354 END
START -7088 -32768 -11468 4685 946 26090 END
START -5328 -32768 -11840 2541 4741 21103 END
START -5140 -32768 -11372 458 8600 13771 END
START -6108 -32768 -8980 -286 11180 4567 END
START -5732 -32768 -3492 -1383 12796 -3704 END
START -5684 -32768 2308 -6510 12550 -10739 END
START -5492 -32768 5056 -10886 10404 -15132 END
START -5292 -30400 3788 -12302 8669 -17749 END
START -5548 -25216 2668 -13153 9051 -19405 END
START -5660 -21956 2820 -12377 9786 -21063 END
START -6028 -18552 4108 -9045 8986 -21598 END
START -5728 -14328 4220 -8078 8031 -21334 END
START -5368 -10664 4780 -9735 7421 -20392 END
START -4512 -8408 4932 -10155 6263 -19230 END
START -3248 -5440 4008 -7847 4797 -17553 END
START -1472 -2312 3168 -5414 3440 -14509 END
START -552 -484 2192 -5228 2033 -11780 END
START 52 476 1728 -4153 710 -9333 END
START 596 896 436 -2197 64 -6228 END
START 1040 1496 740 -322 -143 -4023 END
START 1660 3452 1004 -368 -1384 -1002 END
START 1876 3680 228 -92 -975 2179 END
START 1164 3568 1144 735 -1277 6072 END
START -376 3508 1820 5714 -1175 10280 END
START -1884 4060 4552 8750 -1140 14321 END
START -4484 4080 8420 9246 -1248 19188 END
START -7848 2352 15860 11215 -3276 24894 END
START -14024 2152 25632 13689 -11116 32767 END
START -22484 -4548 27412 8275 -24515 32767 END
START -30872 -17780 25492 8854 -32768 32767 END
START -32624 -25892 20148 3333 -32768 32767 END
START -32768 -32768 848 -9929 -32768 32767 END
START -32416 -32768 -19184 -4010 -32768 26716 END
START -27400 -32768 -23228 691 -32768 13720 END
START -23316 -32768 -22156 -1325 -25674 2583 END