START -6988 7600 3176 -14617 -5333 8493 END
START -7552 4152 3420 -7194 -14919 16309 END
START -8884 2916 -4056 -1381 -19300 20204 END
START -9860 -564 -12948 -10663 -18137 25819 END
START -9952 -10644 -21976 -14140 -14973 28410 END
START -8856 -19388 -29340 -3457 -11525 26933 END
START -6440 -26872 -32768 5955 -5075 24457 END
START -4904 -32768 -31460 6608 1472 20123 END
START -5048 -32768 -28428 3151 6364 14203 END
START -4248 -32768 -22208 2207 12065 6902 END
START -4688 -32768 -15444 -3263 15805 73 END
START -4408 -32768 -9228 -5561 16053 -5722 END
START -2252 -24728 -7260 -6790 16057 -8983 END
START -944 -17508 -5816 -8655 17024 -10688 END
START -380 -11996 -4740 -9066 16362 -11385 END
START 204 -9000 -3632 -4428 15759 -10793 END
START 216 -4992 -1992 -531 16240 -9678 END
START 428 -2500 456 -1103 15271 -9174 END
START 564 -1252 1348 474 13570 -7861 END
START 644 -1168 1840 4614 11903 -5843 END
START 596 700 3028 9239 10351 -3527 END
START 888 1000 4536 7345 8471 -2016 END
START 364 1264 5952 4090 7391 145 END
START -896 -616 8828 6957 5858 3411 END
START -3712 -112 14260 13758 -24 7726 END
START -5212 -1676 18180 13909 -9087 12511 END
START -9956 -4764 21676 11088 -18482 17576 END
START -14480 -11588 21568 13689 -30625 22689 END
START -19464 -19676 16752 22479 -32768 27643 END
START -22704 -28588 3064 15274 -32768 29607 END
START -24824 -32768 -13748 6048 -32768 25053 END
START -21552 -32768 -24484 10955 -32768 18467 END
START -18812 -32768 -22384 13434 -32768 10908 END
START -17388 -32768 -22648 4131 -29644 6473 END