START -3024 6592 3284 4004 -868 4891 END
START -2908 5604 4084 6161 -4720 9365 END
START -2476 6792 2524 6972 -7018 15699 END
START -4936 6416 -412 6198 -8102 23173 END
START -6976 -1284 -5000 7267 -9441 29242 END
START -8600 -12600 -10892 15220 -11561 32767 END
START -8396 -25224 -20948 22582 -10459 32767 END
START -7772 -32768 -27880 16982 -2254 32767 END
START -8328 -32768 -26360 9136 8278 26074 END
START -9064 -32768 -17192 3742 15879 14975 END
START -7480 -32768 -6848 4998 18915 1503 END
START -5000 -32768 664 -551 17622 -9050 END
START -4116 -32768 3216 -8346 15636 -14391 END
START -2148 -32188 2068 -12943 13963 -16746 END
START -2100 -24888 428 -14766 13613 -19111 END
START -1796 -17932 220 -14464 14541 -19479 END
START -1688 -13908 1064 -14982 14576 -18637 END
START -1840 -11000 2360 -12095 13717 -17348 END
START -1416 -7308 4144 -8035 12343 -16589 END
START 56 -4076 4340 -5361 10460 -14516 END
START 1156 -1204 4152 -5805 8303 -11597 END
START 1544 -684 3920 -6221 6156 -9040 END
START 1888 -324 3712 -2581 4452 -6770 END
START 1648 504 3692 -438 3104 -4550 END
START 1788 988 3708 1257 1615 -2944 END
START 2100 1264 4152 3751 444 -1067 END
START 1456 872 6024 8071 -1069 369 END
START 892 1832 9252 13154 -2307 2483 END
START -264 4492 14912 14081 -3871 6385 END
START -3272 10536 23456 6140 -7027 12074 END
START -9604 9872 29892 -2768 -18605 21323 END
START -17524 3228 24612 3517 -32768 30627 END
START -25052 -1388 13952 11716 -32768 32767 END
START -28800 -9288 2616 14970 -32768 32767 END
START -32768 -23520 -6960 12395 -32768 32767 END