START -3800 664 -1652 4490 1552 19004 END
START -6600 -5608 -712 8789 -1501 25150 END
START -8736 -13656 -2804 18027 -5750 29353 END
START -8744 -24600 -8896 15033 -5958 30622 END
START -8980 -32768 -16240 8425 -2279 26587 END
START -5572 -32768 -19888 7940 4072 18273 END
START -3312 -32768 -17200 9417 10617 11703 END
START -2360 -32768 -9664 8842 13881 5980 END
START -2720 -32768 -656 1495 13191 -2087 END
START -3932 -32768 2864 -8816 10582 -9034 END
START -3848 -32768 2536 -12927 10810 -15039 END
START -4804 -32768 2328 -12034 11084 -19930 END
START -4740 -25260 2200 -9257 11172 -22951 END
START -4120 -16676 2720 -10459 11283 -23236 END
START -4152 -10704 3472 -9373 10761 -21941 END
START -3924 -6540 3656 -6205 8705 -20397 END
START -2716 -3340 3052 -3849 7663 -18654 END
START -660 100 1248 -4113 8242 -16419 END
START 552 920 1676 -5160 8967 -13953 END
START 536 1300 2824 -251 6514 -11177 END
START 1424 3160 2168 2616 4366 -8051 END
START 1992 3196 2432 2872 3589 -5442 END
START 2064 3680 3764 3195 3021 -3725 END
START 1588 3616 5028 3377 1320 -1466 END
START 920 3508 7084 4716 -719 1248 END
START -1592 4568 9344 6686 -2452 3465 END
START -5700 12284 11780 6661 -3121 6834 END
START -12696 22792 17744 3948 -2774 12196 END
START -14640 24480 29892 6120 -4015 21522 END
START -22312 15652 29056 6179 -12623 32767 END
START -29000 184 15156 2985 -29943 32767 END
START -32768 -21532 636 21568 -27251 32767 END
START -27140 -32768 -8856 32767 -17189 32767 END