START -1024 5048 3120 3018 7846 -7442 END
START -1772 7436 3108 -2855 8112 1072 END
START -4172 5196 4232 2858 6449 8904 END
START -6536 5460 6224 9124 2267 16694 END
START -9040 3540 6488 5316 -3720 23404 END
START -10596 -4076 1212 -1816 -4958 29039 END
START -11100 -15068 -3220 -1684 -6455 32440 END
START -9024 -23788 -8572 9030 -7675 32767 END
START -5492 -31308 -12388 11736 -6903 32767 END
START -2316 -32768 -14696 9662 154 28638 END
START -192 -32768 -11072 4350 10329 18729 END
START -1896 -32768 -2996 -2922 12590 10439 END
START -2928 -32768 5392 -2999 7916 3867 END
START -1484 -32768 6116 -3256 11115 -5042 END
START -2896 -32768 11208 -12982 13553 -13314 END
START -2928 -32768 13416 -14598 8026 -20040 END
START -2396 -28264 11248 -16346 3625 -22756 END
START -2548 -23784 8688 -16759 3360 -23728 END
START -4072 -19712 8836 -14930 3916 -26084 END
START -5180 -14484 10164 -9338 923 -27949 END
START -3956 -7348 8312 -8311 -2495 -25119 END
START -2524 -4516 5072 -10254 -2769 -21886 END
START -1972 -1940 2224 -7454 -836 -19457 END
START -2172 1552 1616 -3971 -1253 -17104 END
START -1196 4640 712 -2068 -1990 -13012 END
START -512 7244 -1468 -3725 -401 -7166 END
START -956 6544 -952 -4167 627 -2989 END
START -1492 7172 -288 1376 -958 1578 END
START -1124 7572 -580 2629 -1612 7850 END
START -1980 5732 -452 1946 -1157 13222 END
START -4272 3056 1120 3231 -1258 17812 END
START -6876 -932 2712 7464 -2469 21869 END
START -8328 -2744 4008 9201 -2328 26645 END
START -10232 -6440 7440 7604 -1212 30963 END
START -12200 -14564 12596 7667 -4252 32767 END
START -13644 -23524 16824 14871 -9587 32767 END
START -14256 -28768 20600 15873 -12915 32767 END
START -12948 -32768 21672 10186 -18043 32767 END
START -12336 -32768 11776 7146 -25605 26868 END
START -10296 -32768 1508 12093 -25621 19493 END
START -8184 -32768 -2976 10618 -22502 11486 END
START -7496 -32768 -8608 5636 -22755 2538 END
START -7508 -32768 -14308 -563 -18907 -6311 END
START -7508 -32768 -15488 -3956 -13832 -13503 END
START -8340 -32768 -14824 -4659 -9419 -19615 END
START -8548 -24928 -13208 -4943 -3620 -22145 END
START -8120 -17788 -11572 -6728 2725 -21717 END
START -8524 -12828 -8384 -5598 7760 -20703 END
START -7580 -9972 -7420 -5531 11731 -17940 END
START -7316 -8652 -6292 -4612 15576 -14592 END
START -6884 -8248 -4548 -5093 16602 -11790 END
START -6856 -10772 -4284 -2091 17086 -7549 END
START -5496 -11632 -4520 -1407 20006 -4892 END
START -3260 -15060 -4556 -6684 21274 -3482 END
START -2172 -20924 -6364 -6382 22781 -2672 END
START -1020 -25876 -6920 -4212 27207 -3889 END
START -928 -28856 -2308 -6139 32116 -6644 END
START -4708 -30600 5776 -17176 32767 -10731 END
START -11064 -32768 16068 -21320 30219 -18523 END