START -1600 1728 7044 9322 -2351 6826 END
START -1832 2240 7048 6251 -7403 11917 END
START -3312 884 6748 4343 -11082 17171 END
START -6088 -32 5968 6100 -14263 22740 END
START -8640 -2752 4512 7960 -17157 27939 END
START -10368 -7384 -1032 8109 -18959 32767 END
START -11712 -16180 -8384 7790 -17585 32767 END
START -11320 -26356 -16828 7791 -12304 32767 END
START -9808 -32768 -20812 8433 -4759 30428 END
START -6976 -32768 -20488 6968 55 24589 END
START -5388 -32768 -17596 2627 3530 16098 END
START -3856 -32768 -15512 930 6634 6492 END
START -3324 -32768 -12028 -4360 8711 -2965 END
START -3836 -32768 -8676 -8333 10686 -10959 END
START -4356 -32768 -5624 -12024 12425 -16178 END
START -4048 -29272 -2480 -13848 13141 -18836 END
START -4676 -24184 -608 -12334 13444 -20189 END
START -5044 -20620 1380 -12346 11668 -21048 END
START -5228 -16392 2392 -12251 10897 -21455 END
START -5368 -13756 3232 -11849 11029 -20527 END
START -5756 -10560 4164 -8651 10434 -19954 END
START -4912 -7284 4864 -7241 7820 -18681 END
START -3940 -5108 4768 -5513 5044 -16673 END
START -2940 -2500 3760 -3203 3503 -13641 END
START -2628 -768 3152 -1470 3037 -9951 END
START -2076 816 3476 87 914 -6750 END
START -880 2388 2592 854 -1117 -3373 END
START 72 3780 832 -454 -1019 659 END
START -148 4376 76 77 -774 4859 END
START -448 4132 -812 1501 -1939 9667 END
START -1616 2800 -812 6034 -2300 14326 END
START -4176 1640 392 10198 -2496 19804 END
START -7572 -2272 3844 11734 -2437 24677 END
START -10872 -7048 7528 9784 -5277 28968 END
START -15308 -15704 10312 7113 -10037 31795 END
START -18064 -23772 10328 7789 -14518 31332 END
START -18092 -31544 7968 11993 -20376 30224 END
START -15248 -32768 3276 16211 -24436 27318 END
START -13240 -32768 -424 13438 -23555 22135 END
START -12152 -32768 -764 12198 -23540 15920 END
START -9452 -32768 -5124 10910 -26934 7766 END
START -7116 -32768 -11060 6765 -26017 296 END
START -6384 -32768 -12844 2142 -23232 -6168 END
START -6356 -32768 -16424 -1629 -18684 -10793 END
START -5992 -28708 -18364 -4490 -11712 -15392 END
START -6224 -22404 -16400 -6461 -4872 -18547 END
START -6200 -16616 -12060 -7615 1446 -18889 END
START -7036 -12296 -8200 -5479 5882 -17531 END
START -7508 -7568 -5164 -4895 7912 -14396 END
START -6924 -5176 -3860 -5539 8375 -9091 END
START -6932 -4940 -5184 -4125 12248 -4606 END
START -7260 -5144 -5620 -4791 14691 -139 END
START -6492 -7872 -8512 -5084 16377 3037 END
START -5768 -12248 -11660 -5052 21609 4605 END
START -6084 -19404 -12788 -5534 26768 4315 END
START -7708 -27640 -11888 -3513 30804 2225 END
START -10296 -32768 -7180 1205 32767 -1226 END
START -12536 -32768 776 3194 32767 -7643 END
START -12252 -32768 6380 3260 32767 -15939 END
START -11384 -31312 9968 1199 26741 -22654 END