START -760 -4448 584 5965 -315 11385 END
START -4012 -1268 -1300 5974 -3129 16401 END
START -4440 -5144 -3352 9393 -2547 20788 END
START -5264 -10248 -3724 12220 -2982 24003 END
START -6400 -17248 -7280 12599 -3964 26542 END
START -7708 -26552 -12780 9086 -2081 25847 END
START -6204 -32768 -15460 6749 1002 23551 END
START -2996 -32768 -15780 9703 4709 19020 END
START -2304 -32768 -11932 8677 8522 12250 END
START -3364 -32768 -6516 158 11915 2858 END
START -3756 -32768 -840 -7228 12468 -6142 END
START -3176 -32768 1628 -9131 11320 -12417 END
START -2944 -31580 1996 -8987 10394 -16539 END
START -2068 -23364 1836 -9319 10500 -18227 END
START -2124 -16736 3024 -7927 10283 -18447 END
START -1244 -12028 3624 -7815 8357 -17710 END
START -536 -8236 2844 -8734 7972 -16201 END
START -596 -5784 2712 -10049 7881 -14123 END
START 52 -5084 2028 -7879 7179 -11743 END
START 956 -3144 2216 -5359 6411 -10361 END
START 1132 -2500 2668 -2491 4897 -8525 END
START 1724 -1100 2236 -1691 4156 -6528 END
START 1572 -684 2556 -2011 3895 -3850 END
START 1372 -264 3676 388 2180 -2119 END
START 1216 -208 4572 4703 58 -211 END
START 516 1268 6268 8363 -330 2144 END
START -652 4248 10992 5907 -2034 3948 END
START -4120 9688 19388 6307 -5419 7401 END
START -4504 18260 31580 9084 -11365 17507 END
START -9592 20952 32767 253 -27244 32410 END
START -22564 9496 26580 -5257 -32768 32767 END
START -32768 -11996 10008 336 -32768 32767 END
START -32768 -32768 -7140 5851 -32768 32767 END
START -32768 -32768 -21692 10325 -32768 32767 END
START -28704 -32768 -19740 13124 -26371 20921 END
START -24960 -32768 -10868 16873 -19356 11109 END