START -2228 2236 8744 1529 382 4459 END
START -3936 1784 8612 5618 -4824 10871 END
START -4872 2076 7756 9678 -8473 17062 END
START -6140 2228 6316 10120 -8567 21752 END
START -7944 1564 5184 8453 -9215 26423 END
START -9564 -2904 544 8107 -11639 32731 END
START -10896 -13064 -8844 13817 -12414 32767 END
START -9240 -23096 -16184 18495 -7119 32767 END
START -9808 -32768 -20280 13126 -450 32767 END
START -11604 -32768 -19052 10195 5029 30842 END
START -10428 -32768 -14668 -448 9466 21234 END
START -10004 -32768 -10524 -6417 13673 7505 END
START -9376 -32768 -4584 -3320 13932 -5766 END
START -6916 -32768 1044 -5061 13656 -15793 END
START -5688 -32768 4356 -11726 12176 -21556 END
START -6400 -32368 4156 -15671 10663 -24904 END
START -6824 -25784 4220 -15569 11215 -26888 END
START -6788 -21228 5700 -15472 11382 -28512 END
START -6108 -16292 7500 -14808 9134 -28475 END
START -5328 -11908 6812 -14992 7061 -26816 END
START -4552 -8464 5108 -14749 7310 -24642 END
START -4316 -5096 5020 -12887 6093 -22686 END
START -2936 -1524 3880 -8229 3978 -19409 END
START -1708 1328 2072 -6299 3610 -16439 END
START -688 3252 1600 -5761 3269 -13298 END
START -32 4792 1280 -3776 591 -9459 END
START 1192 5460 652 -616 -1736 -5382 END
START 1832 7332 -608 1542 -2019 -1030 END
START 2132 7708 -1076 663 -2280 3374 END
START 1744 7860 -588 52 -2338 8605 END
START 356 6060 440 1602 -3273 13963 END
START -1980 4800 1944 4394 -4204 19335 END
START -5640 972 4908 6967 -5807 23827 END
START -9568 -3256 9060 9969 -8674 27539 END
START -12344 -7428 12752 9586 -12838 31863 END
START -15072 -14324 14236 9440 -18378 32767 END
START -17188 -22420 12812 13501 -21892 32767 END
START -17280 -30608 10656 13966 -25741 32767 END
START -17884 -32768 8536 14815 -29302 30997 END
START -16972 -32768 2244 14613 -31079 23261 END
START -14252 -32768 -8276 11382 -30951 12636 END
START -12448 -32768 -19592 10803 -25750 2495 END
START -10772 -32768 -24448 7175 -17888 -8957 END
START -10032 -32768 -22380 4666 -12550 -17761 END
START -10140 -32268 -20248 869 -7464 -22456 END
START -9136 -22928 -18424 -5917 -2022 -23271 END
START -8860 -15412 -16688 -8001 3395 -21649 END
START -7912 -10348 -14744 -6706 8184 -18627 END
START -6332 -7156 -14048 -5360 12631 -13937 END
START -6336 -6424 -13448 -5184 16759 -9651 END
START -6732 -10284 -14008 -3348 22382 -6534 END
START -7628 -11728 -10664 157 27478 -5650 END
START -6200 -15440 -6384 -4053 29125 -5090 END
START -5284 -21380 -4052 -11045 31827 -4990 END
START -5896 -29784 1960 -4666 31792 -6889 END
START -7600 -30932 6064 2065 29279 -8777 END
START -8432 -28472 10864 -4565 27709 -15190 END
START -6528 -24756 10968 -11300 25938 -20049 END