START 480 -6228 5800 8671 -300 6075 END
START -3024 68 4168 6483 -1755 11118 END
START -4304 -1528 3068 6295 -4431 15175 END
START -4996 -3352 1048 10588 -6218 19220 END
START -6208 -7904 -1896 15074 -7951 23219 END
START -7948 -16244 -7904 15591 -8170 26303 END
START -7904 -26988 -13492 15836 -4800 26702 END
START -5940 -32768 -17172 13068 778 25767 END
START -7628 -32768 -16056 5839 6321 23631 END
START -8652 -32768 -12604 2849 10229 17321 END
START -8412 -32768 -6376 5103 13722 6360 END
START -5792 -32768 2940 1244 15518 -5443 END
START -3000 -32768 9416 -7911 15056 -13314 END
START -1776 -32768 10996 -15684 11829 -18296 END
START -2512 -28848 9472 -17322 9613 -21291 END
START -2952 -20952 8128 -15253 8175 -22810 END
START -2536 -13976 8256 -13003 7286 -22900 END
START -2160 -8120 7980 -12913 4854 -21261 END
START -840 -4888 4900 -12731 2536 -18374 END
START 160 -1800 2616 -11757 3257 -15767 END
START 264 -400 2328 -10646 3439 -13291 END
START 484 1148 1804 -5666 1856 -10061 END
START 1156 1884 168 -3613 975 -6722 END
START 1320 2232 -728 -2748 1418 -3762 END
START 1160 2984 -388 -2143 1115 -603 END
START 604 2568 324 1009 -649 2647 END
START 652 2936 404 4397 -1485 6415 END
START -344 4196 464 4067 -1096 11007 END
START -1776 5416 2196 1512 -1365 15490 END
START -3628 5696 4964 3286 -2737 20565 END
START -5880 7116 8856 8072 -5056 26790 END
START -8052 6252 15288 8180 -6424 32767 END
START -12308 1968 21876 4254 -9446 32767 END
START -19852 -14876 31944 14193 -19923 32767 END
START -23756 -30668 28676 23966 -32768 32767 END
START -26352 -32768 14936 8013 -32768 32767 END
START -27968 -32768 5788 -4134 -32768 24352 END
START -27056 -32768 -5980 2663 -32768 9378 END