START 704 -1420 132 12594 4347 7561 END
START -1064 4660 -1600 8098 4169 14882 END
START -2820 128 -2048 7427 2442 19526 END
START -2388 -4048 -3752 12623 1132 23756 END
START -904 -12100 -6708 14576 -1501 26953 END
START -1488 -27484 -15348 16809 -4064 27595 END
START 240 -32768 -24476 21857 5130 23568 END
START -1128 -32768 -18160 9294 16863 14931 END
START -1712 -32768 -4764 403 18263 4648 END
START 2228 -32768 3400 4334 14780 -3421 END
START 4040 -32768 5860 -478 9962 -9185 END
START 3768 -32768 5320 -6256 7653 -12455 END
START 2524 -27704 4356 -10047 7228 -15737 END