START -72 -3160 3512 10161 1234 14111 END
START -3596 1632 2216 12791 104 22130 END
START -6224 -1048 2352 13653 -2760 27970 END
START -8428 -7812 -996 15759 -5370 32193 END
START -10204 -18852 -4676 21916 -3071 32767 END
START -10804 -30568 -8452 12979 -3593 32767 END
START -9116 -32768 -13704 5060 -4758 28468 END
START -5396 -32768 -20132 5399 2544 19949 END
START -3392 -32768 -20332 -1599 9195 10678 END
START -3224 -32768 -14268 -1249 14210 -901 END
START -3012 -32768 -6936 -4463 16432 -10175 END
START -4016 -32768 -60 -9497 16333 -16503 END
START -5044 -30796 4052 -13386 13420 -19557 END
START -4520 -22568 4752 -13320 11587 -20550 END
START -4596 -16396 5236 -13081 10816 -20666 END
START -4404 -10940 5952 -12048 10776 -19455 END
START -3484 -7168 6368 -10492 10219 -18490 END
START -2912 -4136 6672 -9086 7406 -16969 END
START -2108 -1596 5632 -5950 5892 -13733 END
START -1604 164 4700 -3320 5915 -11232 END
START -1260 1796 4712 -3077 4985 -8766 END
START -940 2388 4748 -2022 3336 -6196 END
START -536 3752 3980 1859 2044 -1887 END
START -36 3532 3920 5944 1572 2263 END
START 4 3244 4720 8788 1184 5716 END
START -700 2836 6896 10908 1202 9229 END
START -2232 5064 11740 11793 2147 13576 END
START -2596 7048 23648 9372 -895 21728 END
START -7152 1812 32767 13962 -11413 30492 END
START -17136 -7792 32767 16303 -30846 32767 END
START -27508 -21344 32767 16109 -32768 32767 END
START -32196 -32768 20876 11355 -32768 32767 END
START -32736 -32768 -592 848 -32768 32767 END