START -2464 1396 4212 8024 -2245 7695 END
START -3344 524 4492 8641 -4614 12689 END
START -4868 -1068 3892 9659 -6800 17670 END
START -6492 -2520 2432 12719 -7453 23085 END
START -8712 -5380 416 12983 -7696 28385 END
START -10216 -12392 -3312 13707 -7317 32209 END
START -11172 -18956 -8456 14588 -2990 32767 END
START -10588 -26584 -12252 10495 96 31885 END
START -8884 -32768 -16000 9157 3480 29696 END
START -6728 -32768 -16736 11938 8807 26222 END
START -4008 -32768 -13512 10918 12459 20253 END
START -2556 -32768 -9524 5448 14152 11339 END
START -2080 -32768 -5228 -5121 15449 -107 END
START -1544 -32768 -1748 -9470 14822 -10385 END
START -1780 -32768 -460 -6225 14176 -17412 END
START -3212 -32768 1448 -7573 13854 -22928 END
START -4844 -30172 3964 -11688 13741 -26931 END
START -5944 -26336 6256 -11089 12483 -28486 END
START -6004 -21832 6724 -9790 9443 -29147 END
START -6144 -18100 6248 -9886 7450 -29036 END
START -6476 -14956 4476 -10582 7779 -27987 END
START -6372 -12112 5532 -9877 7479 -26951 END
START -5948 -8028 5668 -6957 5505 -25008 END
START -4852 -3932 5556 -6361 3150 -22338 END
START -3880 -40 4744 -7998 1441 -18427 END
START -3272 1780 3448 -8103 527 -14336 END
START -2620 3244 3136 -5002 -1052 -9648 END
START -1816 4376 2608 -1287 -2748 -4805 END
START -1364 5720 1900 991 -4019 -57 END
START -1264 6716 1536 17 -5465 4765 END
START -1712 5572 992 -550 -6179 9028 END
START -3280 5500 1004 831 -6697 13677 END
START -4672 3704 1100 3302 -6009 19127 END
START -7356 1580 3408 6006 -5532 24697 END
START -10316 -3136 6396 7189 -7392 29870 END
START -13072 -12260 9700 11022 -9604 32767 END
START -13512 -18736 13072 14526 -12901 32767 END
START -13384 -27300 15040 13003 -18774 32767 END
START -13372 -32768 11840 15777 -24128 32767 END
START -12672 -32768 5168 16537 -25585 29836 END
START -9576 -32768 -6568 10092 -28209 18217 END
START -6876 -32768 -14540 8974 -25003 8633 END
START -4996 -32768 -17576 8335 -20780 2248 END
START -3940 -32768 -19400 6194 -16726 -3578 END
START -4420 -32768 -20968 1551 -13350 -9186 END
START -5064 -30304 -20860 -2833 -8257 -13246 END
START -5404 -26348 -17908 -5018 -2835 -15684 END
START -5936 -22572 -14312 -3972 1892 -15742 END
START -6664 -19024 -11492 -921 5870 -15373 END
START -6632 -16604 -10520 -4477 8873 -14265 END
START -6504 -16736 -10368 -4807 13412 -12807 END
START -6128 -15584 -10844 -5288 16806 -11356 END
START -5100 -17076 -12176 -8900 20536 -10760 END
START -4596 -19460 -11560 -9329 26726 -9421 END
START -4680 -23764 -10272 -10214 30840 -10317 END
START -6768 -26924 -4696 -9724 32767 -13225 END
START -8476 -27576 1128 -9198 32767 -15102 END
START -9348 -27096 6980 -7320 32767 -17868 END
START -8872 -25408 12316 -7912 29697 -19285 END
START -9840 -21528 15580 -7054 21723 -21177 END