START -4600 2496 -432 12755 -2221 21432 END
START -8292 -3232 -504 19768 -1370 27014 END
START -9140 -9876 -1992 23768 -2903 31507 END
START -9732 -17528 -5676 21631 -1879 32767 END
START -7444 -28104 -8324 10645 594 32767 END
START -6212 -32768 -13528 6520 3454 30053 END
START -5604 -32768 -14392 12962 6604 25174 END
START -3532 -32768 -12188 16328 9360 17502 END
START -2412 -32768 -7388 3769 12203 7743 END
START -3284 -32768 -3632 -8689 11523 -1115 END
START -4480 -32768 -308 -7271 11539 -7952 END
START -4952 -32768 2304 -5236 10563 -14696 END
START -4932 -32768 3500 -7631 9044 -20083 END
START -4648 -28044 3116 -11360 8767 -22884 END
START -4560 -23048 3436 -13166 8204 -23986 END
START -4956 -18688 3416 -11763 7170 -24641 END
START -4752 -13168 2376 -9265 6700 -23339 END
START -3620 -9004 2804 -7203 6816 -22021 END
START -3784 -5980 4700 -4125 6736 -20801 END
START -2944 -2180 4856 -5401 4227 -18009 END
START -1976 -768 3600 -7185 2296 -15029 END
START -1580 1296 2372 -4081 972 -11627 END
START -1052 2880 2008 222 483 -8719 END
START -856 4212 1672 2736 -381 -6023 END
START -1052 4408 1624 4870 -739 -3573 END
START -1768 5248 2336 6601 -1314 -1267 END
START -2884 8000 2928 7736 -800 1903 END
START -4640 8896 5876 9893 1058 7446 END
START -6444 10748 12544 12049 -176 13885 END
START -8952 10540 18352 8253 -5086 20936 END
START -14304 3456 20632 8397 -13179 28220 END
START -21040 0 19124 10587 -19525 32767 END
START -25248 -9780 17768 6615 -24997 32767 END
START -27964 -29204 10916 5560 -32768 32767 END