START -1508 -2632 800 5905 -217 9110 END
START -3204 -948 -1172 8853 308 15772 END
START -3740 -3996 -2056 13295 104 19013 END
START -3248 -9024 -3920 15993 -2419 21901 END
START -652 -21664 -10424 20802 -3047 23000 END
START -112 -32768 -15544 23578 1298 22148 END
START -1164 -32768 -15544 15792 6604 19234 END
START -864 -32768 -12016 5385 10442 11148 END
START -52 -32768 -8208 -1268 10961 1707 END
START 332 -32768 -5352 -3945 11667 -6439 END
START 1316 -32768 -4084 -8198 10571 -11834 END
START 1024 -30408 -3696 -11831 11106 -14356 END
START 1196 -23184 -2528 -15108 11925 -14702 END
START 1048 -17640 -612 -16918 11531 -14816 END
START 664 -13184 392 -14008 10066 -14552 END
START 828 -9588 80 -9512 9012 -13974 END
START 1740 -6772 -536 -7206 9059 -12511 END
START 2468 -5004 -132 -6526 9779 -10577 END
START 2740 -3012 672 -6767 9745 -8683 END
START 2764 -1732 1444 -6889 8263 -6899 END
START 2556 -1008 1876 -4384 8019 -4702 END
START 2232 324 2500 -1551 7788 -1826 END
START 1960 452 3788 172 6769 287 END
START 2128 1520 4636 2075 5118 3142 END
START 1624 3356 6608 4446 4164 5394 END
START 932 7028 10516 4589 4597 8085 END
START 256 11596 20744 2511 5093 12461 END
START -3776 11516 32767 1505 886 19168 END
START -12620 2216 32767 9933 -15192 28482 END
START -28468 -11148 32767 28754 -32768 32767 END
START -32768 -31852 32767 27254 -32768 32767 END