START -6100 6960 1704 -3687 4450 -4326 END
START -6512 9632 2444 2171 4976 4961 END
START -6776 7640 4560 5297 2450 10712 END
START -7260 5948 3456 4498 -2685 14887 END
START -8284 2124 -332 5139 -4647 19878 END
START -7080 -5848 -3428 8525 -6393 26560 END
START -3152 -18408 -10972 8095 -9638 29837 END
START -636 -32768 -17532 8991 -5429 28312 END
START -908 -32768 -19036 10800 -240 23730 END
START -1636 -32768 -16648 3222 5548 13046 END
START -2064 -32768 -13596 -4966 10864 668 END
START -1924 -32768 -8992 -5505 12540 -6391 END
START -868 -32768 -5316 -3393 11953 -10495 END
START -896 -26552 -3148 -4972 11558 -12420 END
START -776 -22268 -1760 -9124 11813 -13857 END
START -1576 -19120 200 -8719 11885 -15754 END
START -1912 -15136 1624 -4842 10956 -16681 END
START -1180 -10104 2360 -5035 10663 -15044 END
START -844 -7604 3476 -7279 10544 -13485 END
START -1076 -6012 4516 -8427 9095 -12539 END
START -540 -3720 5216 -4453 6820 -10551 END
START -348 -1020 5332 -671 5464 -8198 END
START -1172 2540 5768 -257 5006 -5069 END
START -3176 6020 8132 -196 4965 -1696 END
START -5480 6944 13780 5244 2470 2264 END
START -6656 9140 20976 10870 -929 7258 END
START -8756 11268 25616 6162 -6270 14626 END
START -11196 6164 24704 6219 -14959 22719 END
START -15768 -1116 16624 13851 -22681 31195 END
START -18184 -14160 5392 14103 -28609 32767 END
START -18016 -29308 -7952 13705 -31170 32767 END
START -15016 -32768 -19932 13862 -23664 32110 END
START -12036 -32768 -19876 5940 -15055 24872 END
START -13036 -32768 -14428 658 -11801 17731 END