START -2904 1332 6516 428 -1188 4050 END
START -4128 1892 7964 3267 -4726 9763 END
START -6060 2820 8512 5316 -5181 15398 END
START -8168 2668 10244 3087 -8078 20014 END
START -9124 324 8436 1053 -15014 25801 END
START -10680 -4896 2912 4171 -20928 32363 END
START -12720 -14016 -6940 10220 -20442 32767 END
START -14404 -27380 -13164 13368 -17683 32767 END
START -13960 -32768 -18156 10480 -14031 31673 END
START -11976 -32768 -22828 7173 -7989 23151 END
START -8456 -32768 -22276 3144 876 13261 END
START -5544 -32768 -20788 -2899 5238 6193 END
START -4872 -32768 -18984 -6177 7361 1997 END
START -4788 -32768 -16920 -3010 12775 -3374 END
START -5840 -32768 -11172 -3801 17168 -8105 END
START -6552 -32288 -7016 -6363 18887 -12282 END
START -7472 -30192 -2208 -7436 19788 -16163 END
START -7928 -26256 2880 -7726 18189 -19177 END
START -7760 -22608 3844 -8967 14691 -20494 END
START -7224 -19340 2996 -8841 13556 -21485 END
START -6880 -15784 2980 -8616 14096 -22440 END
START -6584 -13084 3760 -8041 12225 -22380 END
START -5188 -10936 2476 -7432 9449 -21551 END
START -4108 -7524 2480 -5849 8286 -19910 END
START -3156 -4748 3004 -3878 7227 -17731 END
START -2120 -2372 2604 -2925 5065 -15062 END
START -912 -544 2212 -2499 2652 -11732 END
START -272 1196 2292 -927 249 -8502 END
START 224 2524 1640 636 -2179 -4533 END
START 736 3992 1240 2275 -4397 -281 END
START 792 4988 480 1820 -6459 4854 END
START 788 5228 -1948 402 -6238 10845 END
START -560 4508 -2032 2331 -5218 16108 END
START -2872 2968 -1288 3825 -5659 21035 END
START -6548 -552 864 6025 -5104 25143 END
START -11124 -4636 4532 7758 -6169 28704 END
START -15276 -12616 8028 8078 -9696 31371 END
START -17288 -19284 9748 8672 -13760 31307 END
START -17168 -24728 9724 9498 -16982 30455 END
START -16500 -31084 6760 12597 -21364 28705 END
START -15436 -32768 2244 14189 -24821 25435 END
START -13332 -32768 -336 16216 -22453 19139 END
START -11968 -32768 -1024 10204 -23131 11466 END
START -10700 -32768 -8904 5472 -26372 3994 END
START -9664 -32768 -15776 2116 -21789 -3688 END
START -8460 -32768 -16588 -1655 -15762 -8947 END
START -8624 -32768 -16004 -1040 -11750 -14344 END
START -9588 -27872 -14500 -3090 -8669 -18308 END
START -8632 -21344 -13416 -7146 -4070 -20985 END
START -8284 -15044 -10640 -8502 1497 -20769 END
START -7944 -11264 -8260 -8615 5493 -17852 END
START -7880 -8804 -5752 -5911 7239 -14848 END
START -6652 -5992 -4800 -3094 8789 -11623 END
START -5628 -3492 -5112 -3683 10272 -5574 END
START -5760 -3348 -5776 -4210 12890 -1097 END
START -5760 -5696 -7420 -3376 13773 2512 END
START -4964 -8904 -9952 227 16093 5451 END
START -3860 -15052 -14268 370 19127 7122 END
START -3108 -20816 -17464 -1939 24428 6329 END
START -5608 -29264 -16792 -1739 32259 4139 END
START -10544 -32768 -6560 -648 32767 -1674 END
START -14916 -32768 6316 -873 32767 -9875 END
START -15268 -32768 14296 -3603 27579 -17579 END
START -11468 -28652 14496 -4692 19849 -23281 END