START -3796 1040 5764 9367 -6764 16025 END
START -5944 -1196 5176 9728 -9964 20998 END
START -8412 -5284 4320 14018 -11398 25733 END
START -10208 -7620 980 14297 -12921 30020 END
START -10912 -13900 -4872 11822 -12683 32767 END
START -11808 -22272 -11404 12891 -8123 32767 END
START -11348 -29108 -15892 13649 -2689 32314 END
START -9872 -32768 -17648 8663 2653 29383 END
START -6656 -32768 -16692 9390 7112 25897 END
START -5744 -32768 -15392 7911 10272 20328 END
START -5240 -32768 -12560 663 11693 12113 END
START -5400 -32768 -9272 -4501 13497 1811 END
START -5308 -32768 -5252 -7901 15729 -8164 END
START -5620 -32768 -952 -8134 15979 -15243 END
START -5792 -31568 2764 -8490 15537 -19547 END
START -6768 -26400 5080 -9413 13354 -22053 END
START -7144 -22768 5340 -9403 11041 -23794 END
START -7604 -19268 4428 -8101 10125 -24742 END
START -7484 -16244 3188 -8254 9804 -24619 END
START -6752 -13700 3804 -8080 9472 -24606 END
START -5904 -11636 4504 -5342 7730 -23348 END
START -4888 -8504 4280 -3779 5206 -21820 END
START -3568 -7092 3364 -2811 3080 -19467 END
START -2176 -4740 3388 -1848 1947 -17142 END
START -1424 -3208 3496 -2668 420 -14494 END
START -648 -2036 2500 -2536 -1883 -11296 END
START 608 -612 1252 -1314 -3925 -7973 END
START 1404 840 -968 179 -4043 -4398 END
START 1816 2516 -1912 -575 -2850 -616 END
START 1764 3296 -2444 -2451 -2652 3468 END
START 948 2780 -3136 -2160 -2024 7716 END
START -600 1856 -3308 3850 -943 12604 END
START -2680 2208 -1740 7388 -81 17028 END
START -5044 860 824 7116 866 21601 END
START -8244 -1712 3956 4993 390 26513 END
START -11784 -8208 8372 8074 -2173 30678 END
START -14036 -14876 13012 11624 -7270 32767 END
START -15364 -21972 15284 10321 -10337 32767 END
START -18424 -32768 17484 6752 -13770 32767 END
START -16552 -32768 12160 6151 -22262 28462 END
START -11860 -32768 -1316 1358 -29391 22157 END
START -9532 -32768 -16384 709 -28924 15911 END
START -8436 -32768 -21940 3741 -22247 8231 END
START -7164 -32768 -21748 3865 -18426 1316 END
START -6300 -32768 -21496 4284 -14781 -2943 END
START -5852 -31272 -22740 7478 -9524 -5806 END
START -5792 -27216 -21580 5665 -2772 -9470 END
START -6880 -26360 -17240 7390 4201 -12037 END
START -7932 -22540 -10884 9869 9428 -13936 END
START -8128 -21624 -6632 2425 12186 -16355 END
START -8088 -22764 -5144 1773 14203 -17845 END
START -8216 -23052 -5328 3269 15721 -18649 END
START -7968 -25404 -7672 1550 18233 -20260 END
START -9232 -29440 -7604 -858 23720 -24222 END
START -11968 -28540 -4516 -1617 28690 -29541 END
START -12304 -27076 -280 -6992 32767 -32768 END
START -13276 -21392 5724 -11689 32767 -32768 END
START -13588 -18716 10736 -12421 32041 -32768 END