START -4120 6880 5360 2862 -4156 10638 END
START -5044 7736 5644 1558 -7545 17098 END
START -5600 6572 3536 798 -10871 23563 END
START -6796 272 -1340 2475 -13250 30449 END
START -6156 -13356 -11340 12463 -15520 32767 END
START -5144 -24908 -22168 16698 -13882 32767 END
START -5332 -32768 -29040 3509 -8070 32767 END
START -7840 -32768 -26360 1224 6956 22745 END
START -8984 -32768 -16164 500 14932 8093 END
START -6136 -32768 -6332 284 14415 -5059 END
START -4164 -32768 -1844 -7071 11928 -14176 END
START -3884 -32768 -2572 -15029 12095 -19576 END
START -3848 -30160 -2344 -16713 13582 -22547 END
START -4084 -21808 -812 -13035 14184 -23672 END
START -3232 -15300 1200 -12649 13357 -22698 END
START -1872 -11000 2080 -13173 12140 -20647 END
START -2472 -8544 2064 -11100 10922 -18526 END
START -1804 -5288 1672 -7128 10081 -16477 END
START -688 -2440 1812 -5836 9555 -14123 END
START -128 -452 1572 -5770 8174 -11469 END
START 552 96 1396 -4947 7385 -9305 END
START 1516 1880 1820 -1749 7034 -6715 END
START 1380 2348 2972 -904 4887 -3861 END
START 1928 2776 3308 215 2032 -1473 END
START 1436 3376 3520 402 -3 991 END
START 1228 3908 4176 297 -1806 3243 END
START -276 3716 5160 972 -3929 6326 END
START -1936 3268 6368 3290 -6022 9709 END
START -3604 4336 6776 2622 -6780 13913 END
START -5296 5192 8368 -2822 -4414 17757 END
START -10416 2032 12152 -11061 -5384 23084 END
START -17220 -11620 14700 -10165 -12453 27548 END
START -20820 -18624 15840 8311 -19755 29486 END
START -20656 -18948 15992 18991 -29813 32710 END
START -23620 -28708 9284 8332 -32768 32767 END
START -25256 -32768 -11716 5158 -32768 32767 END
START -19028 -32768 -32016 15026 -32768 24021 END
START -16004 -32768 -32768 11151 -27834 14257 END
START -13448 -32768 -32768 6566 -21539 4621 END
START -10304 -32768 -32768 3368 -16243 -2708 END
START -8272 -32768 -32768 -46 -9967 -7782 END
START -7044 -28732 -32768 -6141 -2172 -11407 END
START -7804 -25072 -32768 -4376 6416 -11990 END
START -9280 -21792 -27668 4806 14588 -11400 END
START -10052 -19428 -21492 6695 17846 -10902 END
START -10604 -23044 -18980 4720 21971 -11002 END
START -13000 -28056 -16480 -2838 31021 -14601 END
START -16316 -32688 -12092 -14366 32767 -19461 END
START -19608 -32768 -7816 -9535 32767 -23290 END
START -19968 -32768 -2836 1218 32767 -25178 END
START -23032 -29728 1700 7735 32767 -29477 END
START -23676 -25432 9128 -509 32767 -32768 END