START -1884 -5488 -3164 7167 3797 21368 END
START -5908 -6992 -4064 12287 5253 25990 END
START -6988 -12376 -2560 17766 6309 29378 END
START -7716 -19396 -1816 15521 7492 31605 END
START -7940 -30512 -816 8132 8215 28594 END
START -5304 -32768 -2244 4928 6433 24781 END
START -1668 -32768 -4164 8402 6001 20363 END
START 56 -32768 -4144 4436 8391 13263 END
START -368 -32768 -248 -1746 9647 3560 END
START -844 -32768 2576 -4888 8627 -5298 END
START -1048 -32768 4228 -7613 7630 -11649 END
START -1780 -32768 3760 -10084 5604 -15161 END
START -2512 -29580 1744 -11525 6409 -17776 END
START -3648 -24196 2444 -11583 6723 -19622 END
START -3956 -20112 2652 -10955 5883 -20123 END
START -4476 -15696 3476 -10051 5800 -20352 END
START -4164 -11512 4060 -9618 5968 -19145 END
START -3516 -8472 5200 -11353 5908 -17818 END
START -2692 -6504 5476 -11044 4688 -15991 END
START -2816 -3812 4636 -10067 4028 -13473 END
START -2176 -2152 4540 -8468 2049 -11025 END
START -1220 -468 3488 -4421 -46 -8187 END
START -892 1012 2744 -3543 -682 -6269 END
START -204 2024 2104 -3896 -632 -3766 END
START -452 3212 2556 -1191 -606 -959 END
START -512 4780 3160 1949 -1321 2651 END
START -776 6456 4132 1968 -981 7396 END
START -2024 7316 6364 2502 -72 13383 END
START -4212 7416 10516 4722 -2867 20098 END
START -6844 6156 13936 10685 -5830 28540 END
START -10608 3896 16212 8095 -9623 32767 END
START -17116 -4432 17404 7005 -15526 32767 END
START -24636 -11596 15060 9114 -20729 32767 END
START -30048 -22328 9216 -2831 -25794 32767 END
START -32768 -32768 2548 -8735 -32768 32767 END