START -1396 1392 2936 1824 158 -1216 END
START -1272 2972 1800 1535 -588 4029 END
START -2088 2880 1528 363 -1846 7668 END
START -2248 2268 420 223 -4149 12048 END
START -2480 328 -1660 3972 -4422 17874 END
START -3076 -2388 -3892 7446 -5124 23174 END
START -4452 -7772 -5372 10973 -7126 26920 END
START -4764 -12856 -10308 9241 -7016 30500 END
START -5256 -22172 -15100 -1685 -4110 29958 END
START -6160 -32768 -17604 -2518 -1079 28208 END
START -6080 -32768 -17280 7768 2225 24993 END
START -5576 -32768 -13428 6628 6155 17390 END
START -5580 -32768 -10540 1330 10647 7178 END
START -5140 -32768 -6208 113 14494 -3115 END
START -4208 -32768 -1868 -2967 14658 -10913 END
START -4136 -32768 756 -3989 13201 -15585 END
START -3260 -28384 -120 -5851 11759 -18517 END
START -3748 -22244 -12 -5622 12305 -20807 END
START -3620 -16808 1184 -6204 12483 -21568 END
START -3256 -12520 2352 -6074 11797 -20646 END
START -3444 -8192 3252 -4169 11083 -19503 END
START -2424 -5284 4204 -2743 9930 -17904 END
START -1504 -2388 4400 -2017 8868 -15944 END
START -800 64 4504 -2679 7391 -12523 END
START -648 1588 4356 -2643 5956 -10129 END
START -132 2520 4272 -2183 5362 -7636 END
START -424 3808 5032 1019 4221 -4467 END
START 280 5220 5552 5790 2321 -534 END
START 236 6176 6876 6889 726 3692 END
START -1188 7088 9676 8321 529 8830 END
START -2984 8084 15560 7389 -2020 14572 END
START -7400 7840 21904 836 -8705 20945 END
START -15144 3040 23552 -6341 -23226 29919 END
START -23660 -8148 18768 2938 -32768 32767 END
START -28088 -18092 8784 12985 -32768 32767 END
START -27768 -29996 -3120 5638 -32768 32767 END
START -25980 -32768 -11516 -638 -32768 32767 END
START -23112 -32768 -14464 547 -32768 26089 END