START -3524 -364 4892 5267 -5810 14969 END
START -5328 -1516 4692 9479 -7879 19846 END
START -6420 -2512 3096 11718 -9136 24692 END
START -7804 -6104 340 8171 -8866 30516 END
START -9456 -15224 -5372 3924 -7863 32767 END
START -9588 -26396 -12640 4221 -6809 32767 END
START -7608 -32768 -17368 6514 -2431 30422 END
START -5624 -32768 -18112 -331 4225 24308 END
START -4852 -32768 -17452 -10620 6662 14446 END
START -4472 -32768 -16612 -2463 8921 6321 END
START -4116 -32768 -11688 256 12394 -1794 END
START -4504 -32768 -5984 -4823 13626 -9119 END
START -5312 -32112 -2140 -7496 13753 -13753 END
START -5392 -27112 324 -8443 13150 -16868 END
START -5640 -22492 2260 -8688 11864 -18372 END
START -5568 -20748 2724 -8047 10376 -19046 END
START -6000 -18848 2832 -7566 9254 -19802 END
START -5912 -16320 3612 -6766 8019 -20627 END
START -5308 -13788 3100 -7132 6771 -20477 END
START -4548 -11400 3180 -6195 5682 -19559 END
START -3388 -8628 3092 -5613 4285 -18510 END
START -2292 -5832 2404 -5148 2410 -16608 END
START -776 -3272 728 -4984 1768 -14066 END
START 340 -1384 -360 -5322 1894 -11184 END
START 876 -436 -732 -3128 1151 -7721 END
START 888 952 -352 1539 -370 -3875 END
START 1076 2060 496 5827 -1822 1205 END
START 932 3448 1784 6570 -3225 6399 END
START 136 3408 2416 4888 -4691 11612 END
START -1576 2308 2780 3945 -5510 17051 END
START -4240 280 3560 5929 -6648 21612 END
START -7156 -2224 4520 7843 -8517 26201 END
START -10092 -5824 5816 8039 -9235 30170 END
START -13844 -13472 8284 5620 -9570 32690 END
START -17160 -22656 12100 8638 -11717 31601 END
START -16748 -30136 12536 10248 -17623 28936 END
START -16200 -32768 7092 7776 -22563 24919 END
START -13236 -32768 -604 9019 -24828 19598 END
START -10712 -32768 -9884 12013 -23821 11348 END
START -8348 -32768 -16484 9288 -19582 3226 END
START -8032 -32768 -20000 5415 -14709 -3738 END
START -8068 -32768 -23000 3317 -10743 -8635 END
START -7576 -30256 -26120 -667 -5587 -12101 END
START -7332 -24288 -25480 -681 2458 -14069 END
START -7636 -19176 -21684 -2217 9828 -14683 END
START -7368 -17304 -18592 -5288 15980 -13971 END
START -7640 -18048 -17372 -6459 22551 -13226 END
START -8976 -19004 -12524 -5381 28593 -13769 END
START -10428 -21532 -6892 -3764 31058 -14244 END
START -10672 -24016 -2388 -2471 32412 -15472 END
START -11964 -24200 396 -1316 32295 -17746 END