START -6532 4068 12668 8221 -3899 9590 END
START -6620 3420 11844 15830 -10348 16032 END
START -7388 5144 9304 13224 -16599 19837 END
START -8440 3324 1532 2083 -21119 22759 END
START -8472 -3236 -11688 -3396 -22254 23950 END
START -8584 -8792 -23568 330 -19785 23584 END
START -5832 -15768 -32768 4676 -16704 25590 END
START -2292 -26448 -32768 14406 -10793 25982 END
START -3692 -32768 -32768 17643 -2584 23002 END
START -4724 -32768 -32768 7373 6432 14663 END
START -5188 -32768 -28496 -5237 13578 3697 END
START -3780 -32768 -20980 -10942 15805 -4980 END
START -1912 -32248 -15392 -11578 15573 -10257 END
START -108 -23976 -12788 -13344 15451 -12077 END
START 228 -17476 -11044 -15191 16044 -13002 END
START 296 -13408 -8900 -13745 16793 -13671 END
START 300 -8728 -6572 -9991 16788 -13467 END
START 472 -6080 -3756 -8208 15006 -11458 END
START 140 -3904 -2632 -8342 13843 -10082 END
START 128 -2104 -1760 -9319 12051 -7919 END
START 560 -1416 -140 -7272 10233 -6291 END
START 444 356 564 -4041 8722 -4837 END
START -436 1904 1920 -1716 5318 -2378 END
START -444 2336 2972 -1192 1960 791 END
START -1104 1372 3920 340 507 2081 END
START -2760 2384 6488 2847 -2933 4009 END
START -3248 3388 8668 972 -7119 6590 END
START -4912 2020 10720 -1760 -11941 10427 END
START -7904 -2152 11824 -4240 -18130 12530 END
START -11008 -6492 13592 -1626 -26068 13887 END
START -14620 -12200 14292 4267 -32768 16155 END
START -20684 -25100 10252 17605 -32768 17742 END
START -23924 -32768 256 25796 -32768 14261 END
START -25016 -32768 -15396 7839 -32768 6352 END
START -24748 -32768 -32768 1158 -32768 -3415 END
START -23564 -32768 -32768 11401 -32768 -11334 END
START -19840 -32588 -32768 13552 -26950 -15702 END
START -18612 -23652 -32768 7606 -14973 -18611 END
START -17064 -15700 -32768 2860 -6869 -18946 END
START -14868 -9232 -32768 -280 363 -16963 END
START -13916 -4084 -32768 -277 8091 -13327 END
START -12988 -3460 -27040 -322 12445 -8684 END
START -11644 -6508 -22664 5899 17496 -5194 END
START -10912 -4344 -19544 6128 23709 -2917 END
START -10584 -4504 -20380 -8930 27828 1297 END
START -11340 -9564 -21108 -16824 32767 5236 END
START -12096 -13416 -21732 -9802 32767 6243 END
START -11040 -13544 -20364 3268 32767 8401 END
START -11328 -11256 -16472 6161 32767 10733 END
START -10952 -14280 -13088 -12100 32767 9848 END