START 176 3868 2880 8972 -458 6830 END
START -2164 7012 3580 11236 -504 12608 END
START -4436 6296 5412 10102 -2201 17099 END
START -7380 3264 6952 11257 -5960 20640 END
START -9412 -412 4976 13536 -10215 27030 END
START -9868 -5180 172 14148 -13491 32659 END
START -12252 -13672 -6420 17144 -14763 32767 END
START -10532 -24924 -12648 21117 -12055 32767 END
START -8948 -32768 -16696 18560 -8135 32767 END
START -7484 -32768 -21428 9908 -4162 32767 END
START -7840 -32768 -21728 6182 1387 27255 END
START -7388 -32768 -19064 2269 7259 14321 END
START -7736 -32768 -13988 -3857 10656 105 END
START -7448 -32768 -8224 -5449 11053 -11123 END
START -5808 -32768 -2956 -9711 10357 -18338 END
START -5660 -32768 -1632 -15635 8745 -21389 END
START -4988 -28308 -2452 -18231 8567 -22032 END
START -5896 -24716 -3440 -15904 12125 -22991 END
START -6624 -20532 -1668 -14964 14063 -23933 END
START -6492 -16956 80 -14837 14644 -24116 END
START -5128 -13696 2064 -13506 14048 -23056 END
START -5404 -10080 2200 -10655 13032 -21453 END
START -4860 -7188 2852 -8955 11947 -20201 END
START -4280 -3956 3808 -8033 10696 -18760 END
START -2860 -576 4940 -6790 8820 -16896 END
START -536 2160 5308 -5689 5614 -14840 END
START 1472 4716 4352 -5441 2362 -11107 END
START 3012 5940 2516 -5162 801 -8189 END
START 3632 6692 1364 -3841 -310 -5215 END
START 4012 8008 248 -2683 -858 -1522 END
START 3944 7608 572 -3552 -872 2041 END
START 2624 6548 1924 -3913 -2443 5171 END
START 788 4944 3456 -690 -5323 8145 END
START -776 3768 3648 1773 -8418 12118 END
START -2900 2852 5072 1921 -9735 15219 END
START -5752 1792 7324 -1828 -12865 18393 END
START -8544 -1372 9956 -127 -17182 22064 END
START -12492 -5204 10196 8418 -22214 27070 END
START -15976 -11344 6232 12912 -24970 30918 END
START -18372 -20252 4524 13998 -25118 32767 END
START -21836 -31700 5992 15246 -26461 32369 END
START -23436 -32768 5096 20574 -30733 28970 END
START -19752 -32768 -5648 18747 -32768 23390 END
START -17832 -32768 -16764 18554 -31767 14996 END
START -17352 -32768 -20120 25443 -27176 5994 END
START -12920 -32768 -21924 22259 -24051 -1403 END
START -10420 -32768 -25532 10516 -20298 -8446 END
START -10448 -32768 -30068 5086 -15225 -13536 END
START -11320 -32768 -31548 3594 -8955 -18957 END
START -10800 -32152 -29180 -442 -2677 -22173 END
START -10204 -24948 -25992 -3722 5486 -23957 END
START -9568 -20052 -24152 -7651 12939 -23075 END
START -9256 -19152 -23380 -7032 21371 -20345 END
START -9704 -18952 -21768 -4968 29269 -18443 END
START -10016 -21716 -17204 -8348 32767 -17169 END
START -12332 -27060 -10324 -10955 32767 -18090 END
START -16656 -31116 -1868 -9840 32767 -21030 END
START -17084 -32768 8380 -6481 32767 -24695 END
START -19044 -27892 13012 -6368 32767 -27642 END
START -16040 -22948 14324 -9447 30668 -31409 END