START -1792 4560 1792 5294 -1794 3366 END
START -2100 3684 2552 9370 -1723 14146 END
START -2092 3700 -24 10523 -330 19785 END
START -4928 628 -356 11435 -297 23986 END
START -6728 -5380 -2092 16172 -2711 29016 END
START -7376 -14548 -3892 22234 -5329 32767 END
START -9992 -28320 -11920 17951 -6142 32767 END
START -9104 -32768 -19144 13482 1396 30137 END
START -8032 -32768 -18312 10827 8947 20250 END
START -7316 -32768 -11032 8324 13681 9230 END
START -5088 -32768 -3064 5971 14461 -1242 END
START -3276 -32768 1124 887 12046 -9329 END
START -3144 -32768 1380 -5607 10581 -15312 END
START -3528 -32768 1176 -9701 10382 -19670 END
START -3968 -26688 2144 -10834 11172 -22132 END
START -4296 -19648 3836 -9508 11630 -22950 END
START -3920 -14320 5232 -9794 10258 -23143 END
START -3076 -8964 5392 -9656 9500 -21855 END
START -2428 -5296 5504 -8760 8569 -19944 END
START -1900 -2672 5252 -7697 6794 -17455 END
START -408 -152 4240 -6133 5735 -14348 END
START 596 1368 3940 -5405 4765 -11725 END
START 16 2648 3116 -2285 4526 -8523 END
START 736 3752 3376 -927 3108 -5364 END
START 604 4692 2760 -719 2105 -2379 END
START 400 5032 3224 -2014 1546 901 END
START 24 4852 3848 -66 2359 4234 END
START -548 6480 6224 2524 3072 7959 END
START -1852 8168 10528 4537 1252 12222 END
START -2836 11116 15536 2748 -2494 20888 END
START -5900 8052 21200 4813 -7440 29564 END
START -12244 3156 27376 11765 -15449 32767 END
START -20952 -8512 31912 14603 -27367 32767 END
START -29684 -28568 32132 13454 -32768 32767 END
START -32340 -32768 24704 2043 -32768 32767 END
START -32768 -32768 7516 -8215 -32768 31850 END
START -30668 -32768 -16048 58 -32768 15388 END
START -25444 -32768 -27684 2848 -32768 2399 END
START -21592 -32768 -24796 -572 -28802 -7817 END
START -19336 -32768 -21652 -2920 -23743 -12412 END