START -3108 4708 5488 8120 -2231 6718 END
START -4552 5852 8004 5296 -5904 14206 END
START -7080 3280 7688 5161 -10160 20524 END
START -9432 936 4964 7067 -11858 26077 END
START -12216 -2236 1464 6644 -14083 30521 END
START -13128 -11476 -6300 7916 -16394 32767 END
START -10376 -23800 -15992 14210 -13642 32767 END
START -9076 -32768 -21300 14003 -7136 32767 END
START -8896 -32768 -21268 5762 1775 27243 END
START -8664 -32768 -18436 1074 9575 14917 END
START -7596 -32768 -12036 565 13405 2065 END
START -5992 -32768 -5572 -5241 14300 -9375 END
START -5212 -32768 -868 -11552 13715 -16158 END
START -5020 -32164 956 -13064 12175 -20329 END
START -5052 -25164 1980 -13023 11100 -22047 END
START -5020 -20544 2584 -14272 11969 -22877 END
START -5820 -17604 3296 -12664 10965 -22727 END
START -5668 -14228 4312 -8899 8186 -22850 END
START -4604 -10180 3948 -10049 6465 -21642 END
START -4136 -7208 2696 -12183 7127 -19923 END
START -4068 -5728 2832 -10448 6245 -17377 END
START -3424 -4020 2732 -3880 3263 -14686 END
START -1860 -684 1568 -1235 1257 -11450 END
START -1036 1480 160 -4587 586 -7738 END
START -712 1948 -168 -4993 -176 -4287 END
START -468 2872 -224 -1877 -1749 -1076 END
START -68 3912 -312 318 -2834 2853 END
START -468 4068 -328 858 -3472 6609 END
START -1420 3404 416 1206 -2881 10630 END
START -3176 2020 2652 3975 -3470 15538 END
START -5292 -400 5420 10026 -6391 20507 END
START -7120 -3176 7000 15689 -8341 25464 END
START -10376 -6776 9420 15767 -8623 29867 END
START -12748 -13640 12208 11667 -11898 32481 END
START -14932 -23744 12732 9957 -17172 32767 END
START -17780 -32768 13636 21091 -21963 31219 END
START -16524 -32768 12196 18208 -27094 28238 END
START -16092 -32768 1200 5865 -28757 21152 END
START -14472 -32768 -12460 6090 -27649 12960 END
START -12092 -32768 -19056 12112 -21578 3269 END
START -10760 -32768 -18096 8141 -15626 -5571 END
START -10352 -32768 -17224 -730 -11385 -11732 END
START -10064 -31220 -17764 -5664 -6671 -15522 END
START -9484 -25396 -16500 -4958 -1504 -18317 END
START -8664 -19676 -12936 -3433 2258 -19507 END
START -8344 -14532 -9164 -4645 5817 -18710 END
START -8212 -12116 -5820 -6342 8928 -16516 END
START -7544 -10400 -3196 -5202 11054 -14624 END
START -7268 -7236 -1896 -5254 12859 -12212 END
START -6048 -5160 -504 -7569 11791 -7378 END
START -5272 -4808 -2600 -8069 12650 -2333 END
START -4972 -6112 -4112 -6788 15495 902 END
START -4596 -6640 -4544 -4087 15353 3831 END
START -1528 -11532 -9708 -3879 16680 7210 END
START -1744 -19208 -11916 -223 22108 7626 END
START -3692 -30544 -9972 -29 24943 6233 END
START -5216 -32768 -4864 148 27193 572 END
START -10792 -32768 3036 -3663 26910 -9560 END
START -11208 -32768 7148 -5257 23653 -21156 END
START -9524 -32768 5452 -7135 19926 -28303 END
START -7776 -24628 4416 -6620 17928 -32376 END
START -5548 -15632 4144 -8309 15992 -32413 END