START -2408 1308 6092 8205 -3476 5051 END
START -3584 5380 5900 10773 -4602 11910 END
START -4780 5316 7608 4583 -7994 17855 END
START -7452 1452 6356 3561 -13343 23957 END
START -10440 -3596 1000 8168 -16417 29163 END
START -12576 -10560 -5084 9290 -16673 32767 END
START -13680 -21044 -12228 12622 -14840 32767 END
START -12676 -29228 -18944 15352 -9140 32767 END
START -9052 -32768 -22288 10371 330 29947 END
START -6936 -32768 -21072 1221 7567 23639 END
START -7412 -32768 -18536 2730 11052 16537 END
START -7204 -32768 -13796 7668 14213 7172 END
START -6536 -32768 -5964 2872 16173 -3599 END
START -6056 -32768 -88 -10559 16664 -11735 END
START -6916 -32768 1264 -15974 14168 -16870 END
START -7436 -30720 -580 -13277 13037 -20449 END
START -8280 -24544 996 -11719 14463 -23009 END
START -9200 -20720 3224 -9064 13285 -24833 END
START -8392 -16236 4076 -7645 11334 -25515 END
START -6952 -12228 4440 -6326 8992 -24728 END
START -5364 -9016 2324 -6087 7719 -23096 END
START -4768 -6428 2352 -5877 6666 -21444 END
START -3476 -4296 1916 -4221 4638 -19138 END
START -2300 -2188 1612 -1735 2877 -15971 END
START -1196 416 428 -1490 551 -12526 END
START -172 1060 -1268 -1605 -629 -8256 END
START 352 1972 -1564 797 -1279 -4279 END
START 704 3368 -1536 1619 -1847 -700 END
START 756 3624 -1064 1399 -2427 3387 END
START 108 3704 -384 1993 -3212 8122 END
START -880 3072 -144 3201 -3813 12880 END
START -2872 1436 1004 4386 -4510 17279 END
START -4924 132 2264 5123 -5214 21455 END
START -7772 -2848 4764 5313 -6391 25821 END
START -11700 -7368 7316 4756 -8620 29060 END
START -15168 -12280 9508 4831 -12486 30567 END
START -15408 -20508 10636 8484 -15889 31542 END
START -16168 -27292 11432 16350 -20563 31268 END
START -15964 -31664 8820 14499 -24297 29218 END
START -14940 -32768 5896 8696 -23906 23995 END
START -14304 -32768 -360 9516 -26620 16151 END
START -11444 -32768 -10164 9782 -26495 8196 END
START -10844 -32768 -18028 5435 -21632 -122 END
START -10336 -32768 -20188 3068 -15862 -9361 END
START -10072 -32768 -19192 2961 -12278 -15929 END
START -9528 -30656 -19012 -2420 -7507 -18769 END
START -9668 -24496 -16564 -7538 -1285 -21004 END
START -10164 -19200 -13568 -9099 3812 -21155 END
START -9784 -15860 -11364 -5736 7358 -19391 END
START -9684 -11600 -9672 -5372 10720 -16602 END
START -8080 -8204 -11628 -9455 13804 -12191 END
START -6952 -8184 -13744 -12557 20635 -8597 END
START -6900 -8568 -13252 -10273 25503 -5256 END
START -7784 -12744 -11160 -2873 27948 -3000 END
START -9192 -18472 -7004 150 29957 -3200 END
START -11780 -27052 -408 -7117 30171 -6045 END
START -11188 -32676 3052 -11708 29500 -10428 END
START -9544 -32728 6372 -5529 27353 -12888 END
START -9028 -25636 9088 -2953 23818 -16589 END