START -92 3276 1188 -124 3529 -3067 END
START -84 4680 2160 3008 332 1123 END
START -1076 6036 1672 6421 -494 5490 END
START -2368 7288 2408 5661 -539 8698 END
START -3604 5324 4288 3944 -2871 12819 END
START -5440 4252 5000 7088 -5079 17323 END
START -6040 1304 5448 10436 -8302 21334 END
START -6660 -2748 3192 13134 -11242 24897 END
START -7764 -7500 -1040 15230 -12408 29580 END
START -8004 -16496 -5896 17707 -11148 32767 END
START -5532 -26384 -7672 23616 -4921 32047 END
START -7504 -32768 -6244 19603 1251 29460 END
START -9124 -32768 -5804 11128 4775 23946 END
START -6728 -32768 -4344 12474 5853 17880 END
START -4404 -32768 -4932 9992 4902 12474 END
START -2292 -32768 -7376 2884 5898 6821 END
START -1644 -32768 -7504 -4573 7474 910 END
START -2556 -32768 -6048 -5329 8063 -4940 END
START -2748 -32768 -5316 -7689 9005 -9454 END
START -3004 -31392 -4368 -10240 11318 -12175 END
START -2916 -28140 -2516 -13490 12598 -14101 END
START -2560 -27528 -1188 -11456 12897 -16492 END
START -3820 -24820 768 -8515 11941 -18181 END
START -4060 -23036 1864 -9183 10970 -19819 END
START -3516 -20268 2236 -9600 10941 -19832 END
START -4204 -19116 4360 -9099 9777 -20723 END
START -3928 -17352 5152 -7905 6676 -21652 END
START -3232 -13428 4988 -8282 4590 -21237 END
START -1884 -10800 3956 -11571 3342 -19625 END
START -940 -8872 1704 -13251 1806 -18625 END
START -408 -7136 -200 -12140 1464 -17846 END
START -28 -4508 -804 -9455 615 -16462 END
START 788 -2312 -1136 -8041 -328 -14344 END
START 1640 -460 -968 -7436 -936 -11721 END
START 1588 804 -2004 -6874 -1546 -9375 END
START 1884 1608 -2428 -3617 -2123 -6884 END
START 3164 3932 -3156 184 -1893 -2510 END
START 3816 5392 -2288 516 -1507 1305 END
START 3336 5232 -1580 -1119 -2050 5383 END
START 2164 3660 -708 455 -2643 8729 END
START 900 4120 -68 3106 -2411 13699 END
START -452 2744 2688 2206 -3791 18002 END
START -3396 272 4900 2120 -5700 22549 END
START -6196 -1864 7516 7680 -8696 26280 END
START -8128 -2576 10036 11718 -12461 31094 END
START -11384 -5400 10188 11092 -16183 32767 END
START -16724 -14884 9192 7381 -18309 32767 END
START -21884 -28984 9912 11033 -21919 32767 END
START -23532 -32768 8812 17254 -27086 32767 END
START -21560 -32768 3984 16013 -28329 28202 END
START -19568 -32768 -3164 8682 -29938 20460 END
START -18152 -32768 -14428 10868 -29503 9620 END
START -13580 -32768 -20036 13197 -23895 -1815 END
START -12044 -32768 -22304 6908 -18827 -9105 END
START -11024 -32768 -25288 50 -13823 -14261 END
START -11540 -32768 -27328 -4809 -7564 -19079 END
START -11272 -27360 -24452 -2223 423 -21980 END
START -10448 -19176 -20576 -4008 6803 -23019 END
START -9064 -16100 -18556 -7725 13743 -21407 END
START -9612 -14948 -16224 -6460 19273 -19941 END
START -8660 -13412 -14180 -4986 23758 -18531 END
START -8212 -12936 -12632 -6183 27481 -16970 END
START -9180 -18100 -11192 -7224 31214 -17488 END
START -9260 -24292 -7668 -253 32767 -23311 END
START -9884 -22756 -1512 5130 32767 -26252 END