START 208 4176 -2100 2659 41 7340 END
START 1140 5456 -4480 2795 783 15214 END
START -2572 2048 -4324 6834 2371 19910 END
START -3000 -2424 -4888 11026 -15 23049 END
START -4544 -8820 -7844 14065 -2734 26317 END
START -4240 -18556 -11244 14345 286 28027 END
START -3716 -29760 -13372 13826 3500 26780 END
START -1440 -32768 -13840 10682 5631 23607 END
START -1724 -32768 -9508 8516 11300 15538 END
START -2108 -32768 -2616 3491 13042 5510 END
START -2484 -32768 2004 -2964 13709 -5162 END
START -1872 -32768 5696 -6609 11801 -12274 END
START -132 -32768 5308 -7450 7885 -15347 END
START -52 -24428 2640 -8509 6555 -16993 END
START -104 -18508 1096 -11539 6749 -16665 END
START -980 -14616 960 -9753 6605 -17495 END
START -656 -10188 228 -8236 6250 -16767 END
START -476 -7048 500 -6747 6617 -15668 END
START -256 -3928 948 -3284 6472 -14209 END
START 60 -936 1572 -1720 5696 -12209 END
START 516 468 2028 -1861 4582 -9911 END
START 872 2224 2184 -1264 3600 -7396 END
START 2128 4352 2112 -1317 2570 -3811 END
START 2764 5472 2116 2329 2201 -940 END
START 2504 7168 2980 6317 2730 3209 END
START 1564 7788 4748 6818 2383 7871 END
START -740 7932 8476 4664 1018 11529 END
START -4744 6088 14096 6245 -1514 16454 END
START -8836 4920 19412 8760 -6445 23036 END
START -13248 44 20716 1219 -15925 29292 END
START -15920 -9884 14100 321 -23445 32614 END
START -16412 -22944 2420 11507 -28116 32767 END
START -13680 -32768 -10848 24723 -25300 32767 END
START -11948 -32768 -14232 23358 -11688 24762 END
START -10628 -32768 -5652 16068 -4806 18481 END
START -9512 -32768 -216 11850 -6842 13946 END
START -9940 -32768 -4624 7971 -10443 10455 END
START -8304 -32768 -9464 2803 -6562 3485 END
START -6828 -32768 -9916 -4057 -2862 -2964 END
START -5568 -32768 -9516 -5203 -682 -8073 END