START -612 -5728 1680 11689 -4273 12001 END
START -2312 -2560 -380 15651 -4861 20613 END
START -3560 -7428 -1668 17924 -5325 25154 END
START -5304 -14560 -2836 19394 -5932 27883 END
START -7044 -24420 -6460 20587 -8011 30186 END
START -6008 -32768 -12352 16633 -8244 29819 END
START -4496 -32768 -15716 9273 -3571 25003 END
START -3084 -32768 -17172 4245 4371 17611 END
START -1436 -32768 -12268 849 12816 6670 END
START -2152 -32768 -2908 -4367 17633 -2413 END
START -2496 -32768 5508 -8377 17331 -9412 END
START -2432 -32768 9148 -12520 13363 -13368 END
START -2260 -27828 8556 -13951 10064 -15492 END
START -2188 -20612 7028 -16053 7498 -16488 END
START -2456 -15904 5544 -15379 6706 -17353 END
START -2332 -11336 5316 -12845 6694 -17222 END
START -2148 -7308 5320 -11519 4876 -16850 END
START -1220 -3980 4728 -9566 2743 -14479 END
START -328 -1364 2736 -8441 2833 -11274 END
START -816 -516 1784 -7816 2759 -9806 END
START -916 176 1360 -4346 1413 -7837 END
START -848 2080 716 -429 547 -6212 END
START -816 3300 -596 1800 400 -3082 END
START -828 3864 -568 3543 1414 335 END
START -1052 5252 -260 3655 2123 4909 END
START -1164 4020 1232 8978 2459 8484 END
START -1960 5844 3608 15653 3536 13232 END
START -3816 6596 7204 14049 4826 19600 END
START -7264 4264 14492 8953 4069 27764 END
START -12132 -4836 25844 11024 -2145 32767 END
START -17468 -16048 32767 22064 -15357 32767 END
START -20356 -28184 32767 16008 -27533 32767 END
START -21972 -32768 24084 -2269 -32768 32767 END
START -20752 -32768 3388 -5179 -32768 26828 END
START -18732 -32768 -12424 1562 -32768 11928 END
START -16600 -32768 -17376 1500 -32768 -1139 END
START -15448 -32768 -16720 -2091 -28422 -9234 END
START -14796 -32768 -16124 -7331 -25530 -14421 END
START -13668 -27656 -17276 -11734 -21164 -16440 END