START -3820 -17780 -28904 2202 24981 2066 END
START -5044 -17304 -20848 6409 32767 1659 END
START -6952 -15848 -7560 2454 32767 1183 END
START -7168 -14460 3540 -1266 32767 3714 END
START -7340 -16392 13636 -41 25968 6810 END
START -5832 -18440 21272 2576 18008 6814 END
START -3168 -18684 21432 -4102 13230 4062 END
START -508 -18624 20924 -8696 11430 900 END
START 1756 -15468 20444 -6101 5787 -1773 END
START 4032 -12672 18952 -2508 -46 -2910 END
START 4656 -9716 17252 -1275 -5321 -2168 END
START 4164 -8532 15072 -729 -9212 -668 END
START 3640 -8652 12972 -2234 -13081 937 END
START 2700 -10588 11384 -4574 -17541 2567 END
START 1756 -12844 8364 -5205 -21664 4159 END
START 572 -14964 3644 -2457 -24309 5020 END
START -180 -17560 -2032 -876 -23934 5116 END
START -1776 -18088 -4640 -3671 -22247 3527 END
START -2460 -20072 -6272 -4216 -21616 2112 END
START -3408 -20952 -10612 -2027 -21915 931 END
START -4228 -20824 -16436 1077 -18937 -703 END