START -4836 -13612 -23188 -3927 9188 1109 END
START -5304 -12744 -23604 -3506 15912 2753 END
START -4524 -10568 -22980 -4115 21310 5842 END
START -4884 -10240 -19508 -5894 25273 8571 END
START -6332 -12544 -12216 -3323 27699 9952 END
START -6164 -15232 -2080 5521 26416 9135 END
START -5876 -15680 7608 8483 21011 8971 END
START -5024 -18816 14948 4237 20351 11563 END
START -4364 -23416 22548 -6140 20730 7456 END
START -1740 -25124 27656 -9968 12888 2374 END
START 1788 -21740 27724 -177 1749 -1604 END
START 4484 -14392 21352 2383 -6825 -2555 END
START 4148 -11680 15104 -4170 -11300 -1249 END
START 1816 -13220 11116 -4997 -13614 -1009 END
START 268 -15136 7680 -936 -19059 -1567 END
START -288 -17028 2856 3654 -22410 -1612 END
START -944 -18844 -1244 3610 -22994 -1489 END
START -2076 -20320 -6156 581 -22566 -1662 END
START -2300 -21980 -12212 -3298 -22962 -3536 END
START -2796 -21548 -16280 -1333 -19526 -5149 END
START -3916 -18756 -18372 -970 -16947 -5641 END
START -3736 -17772 -22320 -3853 -13977 -4924 END
START -3864 -15408 -24872 -6962 -8372 -4673 END
START -4052 -13540 -25176 -8238 -3070 -3599 END
START -4112 -12432 -24712 -4079 2860 -1730 END
START -4736 -11064 -20648 -3245 7266 -396 END
START -4352 -10608 -16556 -5387 9789 1312 END
START -4232 -10312 -12752 -6195 11527 3245 END
START -3648 -9056 -11048 -6718 13338 5230 END
START -3288 -7204 -9080 -7733 16120 6796 END
START -2928 -6200 -6660 -8716 16530 7492 END
START -3000 -4972 -3548 -5989 16190 9185 END
START -3192 -7076 284 2554 14557 11944 END
START -2332 -8464 2576 9097 15844 10343 END
START -2872 -7396 6400 905 16818 7954 END
START -4332 -8224 9460 -10603 11339 8563 END
START -4284 -12408 10000 -4402 6374 13459 END
START -4512 -14236 10720 6699 4724 17033 END
START -5772 -16324 11056 4025 3006 17342 END
START -7388 -21520 11748 -1810 -3193 16657 END
START -6316 -25336 11532 725 -9559 13469 END
START -6356 -26940 10024 4965 -14074 10742 END
START -7748 -26592 6676 3938 -20034 7788 END
START -7228 -27804 452 3397 -23063 4508 END
START -6504 -29108 -5456 7375 -21512 1206 END
START -6968 -29644 -8660 11347 -19071 -1740 END
START -7400 -28988 -10860 10424 -18428 -4420 END
START -6572 -29180 -15140 8138 -17236 -6831 END
START -6484 -29260 -15532 11117 -13224 -8781 END
START -7572 -26680 -15632 11815 -12916 -10315 END
START -7348 -25360 -19124 4021 -15509 -10122 END
START -6552 -25000 -23032 -1615 -9896 -10050 END
START -6840 -23240 -22104 -83 -2328 -10439 END
START -6288 -22240 -18136 4968 2393 -10588 END
START -5952 -20204 -13264 5934 5300 -10587 END
START -5628 -18828 -10584 -129 6913 -9264 END
START -5924 -18952 -8944 -4343 7616 -8037 END
START -5940 -19196 -9380 -4114 8319 -5761 END
START -5688 -19512 -11260 -240 13780 -6716 END
START -6300 -17544 -11628 -2901 19197 -8355 END
START -6004 -17712 -12260 -8076 23101 -9885 END
START -6056 -15308 -12544 -11619 29328 -11251 END
START -6668 -13328 -10196 -10496 32767 -10583 END