START 1684 -4296 -18936 555 12340 5435 END
START 1344 -1848 -17452 -27 20107 9385 END
START -496 -2616 -11212 4330 23223 11612 END
START -1372 -4032 -2588 14464 22402 14836 END
START -828 -8428 9568 16068 17695 17194 END
START -812 -16008 18408 5443 12143 17434 END
START -1452 -27004 25972 476 6161 16502 END
START -1228 -32768 28644 660 -5539 10784 END
START 2780 -32768 22040 5008 -15972 4542 END
START 4476 -27564 9416 3731 -23129 378 END
START 4040 -23300 -5076 -1048 -22840 -1748 END
START 2708 -21168 -14632 -4146 -17866 -4415 END
START 1356 -19792 -20396 -3204 -13038 -6569 END
START 1116 -17248 -22376 225 -7543 -8573 END
START 704 -12048 -22116 1026 -776 -7082 END
START 788 -9136 -19440 480 7141 -4908 END
START -272 -6184 -14040 -1836 11293 -3262 END
START -400 -5196 -9036 -3491 13302 -847 END
START -1284 -1676 -5588 -6574 14119 3212 END
START -2528 -3108 -2824 -10944 13470 9544 END
START -3508 -6268 976 -7975 10987 13259 END
START -4148 -9036 3188 -2744 7777 13752 END
START -5128 -8636 6828 -98 4832 13928 END
START -5480 -8940 9360 -4304 358 18816 END
START -6144 -13740 11660 -4209 -851 21940 END
START -6620 -17144 12988 -2151 -3906 21911 END
START -5808 -19640 13076 1168 -9063 20187 END
START -6272 -21952 11760 3152 -12584 21098 END
START -6368 -28744 11944 8675 -15259 22086 END
START -5776 -32668 11300 12508 -19067 17547 END
START -6236 -32768 8676 5995 -25251 12410 END
START -5980 -32768 432 -1442 -30451 4813 END
START -5552 -32768 -11148 -1832 -30537 -2213 END
START -5760 -32768 -18740 1995 -25842 -7697 END
START -6712 -31616 -22164 3388 -20662 -11041 END
START -7212 -30524 -23448 4288 -13849 -12826 END
START -7892 -27160 -21204 4437 -6591 -15336 END
START -9100 -23204 -18304 394 -1577 -15887 END
START -8980 -18452 -15344 -2259 2573 -14385 END
START -8848 -16156 -13736 -4339 7546 -11833 END
START -8996 -14024 -12000 -5391 11660 -9855 END
START -8616 -13984 -11528 -6235 14714 -6628 END
START -7020 -15536 -11896 -5041 20333 -4657 END
START -6904 -17472 -10456 -2575 25543 -7419 END
START -6456 -18968 -6192 -3504 29042 -9347 END
START -7044 -20624 -2168 -10470 31452 -10185 END
START -7600 -24676 3012 -16231 32767 -10970 END
START -9980 -24704 8568 -11890 32767 -13721 END