START -3212 -15252 -17396 -105 7793 458 END
START -3780 -15932 -19444 -3861 11350 1299 END
START -4840 -17676 -18324 -2127 17442 1136 END
START -5052 -18768 -15108 792 22969 1240 END
START -6048 -18032 -10264 -1446 26241 2706 END
START -3840 -20392 -3844 -7871 28157 3483 END
START -4048 -20156 1932 -6358 27466 3404 END
START -3964 -20124 9620 -1422 24516 3110 END
START -1860 -19328 16504 -4799 21625 2146 END
START 344 -17356 21024 -9567 19439 1230 END
START 1280 -17248 26836 -5674 12834 -396 END
START 2784 -14788 24588 -2824 3319 -1298 END
START 4480 -12008 21144 -3612 -2192 -1498 END
START 4584 -10604 18500 -2189 -5832 -869 END
START 3540 -9888 13352 -1780 -10743 -583 END
START 1544 -10744 9344 231 -12998 24 END
START 716 -12004 7036 2015 -14052 786 END
START 584 -11456 4376 -1448 -16972 1814 END
START -140 -12732 -1320 -2812 -18576 3009 END
START -628 -15668 -6068 400 -16855 2577 END
START -2420 -18236 -9556 3630 -16026 2001 END
START -1708 -20160 -15236 3636 -11811 -238 END
START -1044 -19372 -16816 3462 -6046 -3910 END
START -2384 -12636 -15800 4808 -228 -3402 END
START -308 -10944 -12932 3824 5791 1236 END
START -772 -6628 -5824 1011 6826 3786 END
START -1388 -7524 36 -462 5516 6794 END
START -4348 -5296 5168 3175 2745 11970 END
START -3808 -9768 8032 -2004 274 16746 END
START -4620 -12368 11052 -2687 -3286 18077 END
START -4792 -15360 11764 -1353 -7388 18488 END
START -5840 -19180 12236 1747 -10919 17035 END
START -6280 -19676 9676 522 -15253 18110 END
START -5752 -23128 5040 -2745 -16946 16135 END
START -5552 -23316 1920 -604 -17776 13509 END
START -6528 -22180 1364 1122 -17334 11750 END
START -7432 -24004 560 1174 -17775 11413 END
START -7916 -25512 -2084 -675 -19625 9033 END
START -7736 -25916 -7744 -4897 -18800 6028 END
START -8372 -28648 -9656 -924 -13799 2505 END
START -8844 -28148 -9440 552 -11041 -819 END
START -9112 -28444 -10952 -3444 -9606 -4608 END
START -9148 -27784 -12020 -3604 -6726 -8013 END
START -9088 -25136 -11448 -1454 -2571 -10474 END
START -8748 -22752 -10312 -3332 728 -12276 END
START -8544 -19648 -9776 -7226 3448 -13394 END
START -8148 -17284 -10040 -9097 6511 -12984 END
START -8204 -15664 -10692 -5774 10138 -11439 END
START -7464 -15532 -11480 -5033 13158 -10025 END
START -6636 -15416 -12652 -5421 16432 -8801 END
START -6600 -15912 -13104 -4241 20599 -8694 END
START -7304 -17688 -11320 -1554 25782 -8699 END
START -8140 -18652 -5504 -426 27482 -9047 END
START -7592 -20888 -2928 -2247 26351 -10185 END
START -7516 -20684 -1112 -3234 27237 -10657 END
START -6868 -21332 340 -272 29416 -12208 END
START -6628 -17456 3880 3179 29497 -13825 END