START -4156 -10816 -22036 -2685 14780 -5561 END
START -3896 -7264 -18388 3187 19021 -4520 END
START -4420 -4056 -14248 9888 22065 -2031 END
START -4292 -2220 -7928 14503 24113 811 END
START -3768 -304 252 13688 24679 3556 END
START -1680 -120 9636 4383 23546 7897 END
START 772 -2388 18916 -4271 19670 13579 END
START 3708 -12104 30272 7375 10225 18619 END
START 4628 -19244 32767 17329 -1167 19266 END
START 3976 -27772 32767 -693 -12100 14937 END
START 3564 -31528 27408 -7446 -23624 9219 END
START 2296 -30916 7832 -5805 -31542 4763 END
START -448 -31376 -11928 -8440 -29142 -255 END
START -3004 -29344 -22912 -7525 -19510 -6312 END
START -3696 -26264 -26248 -4917 -12225 -10386 END
START -3684 -20808 -26260 -3110 -4726 -11905 END
START -3048 -15444 -23216 -1297 2042 -11317 END
START -2580 -11248 -18276 789 7354 -9151 END
START -2128 -8296 -12540 1862 11228 -6930 END
START -1916 -7136 -7020 -668 12432 -3997 END
START -1412 -5548 -4048 -3520 12600 -64 END
START -512 -5460 -2236 -6039 12636 5355 END
START -344 -5736 -984 -4666 12562 8576 END
START -220 -4760 508 -3516 12467 11115 END
START 544 -4532 2508 -1308 12718 12860 END
START -48 -2796 4656 -431 12844 16808 END
START -1224 -5144 8700 889 12419 20391 END
START -2776 -7220 12928 1743 8858 21278 END
START -3604 -9160 15304 5982 3742 21466 END
START -5704 -11152 17436 12308 1125 28135 END
START -6236 -15872 21632 8958 -1791 29360 END
START -7028 -19084 20748 -611 -6739 26022 END
START -8964 -25036 19308 3533 -12107 24060 END
START -10520 -28108 18804 7456 -20749 21922 END
START -13548 -32768 11028 2195 -27386 18511 END
START -14768 -32768 -124 -2045 -27220 11744 END
START -14280 -32768 -8636 -4411 -24995 3493 END
START -13844 -32768 -12656 -717 -22852 -3835 END
START -13676 -32768 -15856 1242 -20480 -9293 END
START -13520 -32768 -19052 -2519 -15204 -13694 END
START -13208 -31300 -18948 -6102 -7077 -18217 END
START -12816 -25856 -15952 -6435 -871 -21716 END
START -11604 -19064 -13200 -7890 3630 -21129 END
START -10412 -16104 -12424 -10376 8450 -19324 END
START -9560 -14708 -11672 -8782 13780 -18217 END
START -8880 -12684 -10920 -6313 17858 -16710 END
START -7136 -11916 -9364 -7634 22150 -15318 END
START -7240 -10776 -5680 -9654 26985 -13697 END
START -6812 -13220 412 -8911 30464 -12395 END
START -5808 -14424 8556 -5852 30027 -11855 END
START -6660 -13372 15324 -2966 24532 -10820 END