START -1020 3980 -14788 -5444 18758 669 END
START -2288 6348 -9336 -2396 21867 5828 END
START -4444 6244 -2556 512 20683 12228 END
START -4524 1476 6924 5862 17373 18011 END
START -2472 -4404 20628 6739 14030 23383 END
START -1264 -20848 32767 8295 5029 24941 END
START -1116 -32768 32767 10303 -10894 22620 END
START 1612 -32768 28524 6968 -21856 14531 END
START 4376 -32768 2948 3782 -27062 7471 END
START 4332 -32488 -19088 770 -23024 738 END
START 3044 -26584 -27332 -1515 -14741 -4581 END
START 2012 -22592 -28780 -1913 -8411 -7124 END
START 900 -17716 -27012 -793 -1970 -7313 END
START 1064 -13204 -22972 -1322 4289 -6091 END
START -112 -9104 -17972 -1891 8402 -2638 END
START -572 -7608 -12360 -2701 10242 859 END
START -448 -6080 -8776 -5936 11753 4679 END
START -1100 -5348 -5796 -9836 12981 6630 END
START -1484 -4412 -2188 -12314 12183 10370 END
START -1764 -4512 1232 -9555 11377 14314 END
START -4432 -5316 5684 -8154 9267 16709 END
START -5364 -10116 11024 -2637 6554 16608 END
START -5924 -9928 17444 -358 1826 18461 END
START -6220 -13372 20348 -1864 -3107 20718 END
START -5568 -17964 21532 -1462 -8354 20487 END
START -6000 -21828 21088 5705 -13437 17916 END
START -8136 -25224 19016 12200 -18492 16764 END
START -9060 -29644 16404 7960 -22776 14803 END
START -10328 -31648 11652 4606 -27371 10757 END
START -11992 -32768 3844 6305 -31141 7605 END
START -12600 -32768 -11124 1640 -32768 4731 END
START -11064 -32768 -25252 2581 -28359 -636 END
START -8976 -32768 -32460 6880 -19375 -7231 END
START -8560 -32768 -32432 6253 -10588 -11784 END
START -10772 -29728 -29344 1927 -3965 -15395 END
START -11376 -20640 -27248 -5383 3503 -16340 END
START -9656 -16840 -22840 -6374 10905 -14695 END
START -7264 -15056 -19992 -3472 15749 -10747 END
START -7232 -12356 -15460 -1538 20019 -8888 END
START -7080 -15740 -12892 -11203 24203 -6272 END
START -7420 -18764 -9104 -12704 30313 -8815 END
START -7512 -20984 -1948 -5365 28556 -8635 END
START -6408 -23300 1948 3115 24640 -8293 END
START -7832 -27028 2252 -1944 26538 -11890 END
START -9092 -27708 4492 -5144 28966 -16834 END
START -8616 -26336 7340 898 25814 -20868 END
START -7836 -22148 6916 7117 22734 -23860 END
START -6776 -16024 6248 8619 22734 -24054 END
START -6068 -12012 8972 9399 22349 -24505 END