START -2088 1604 -15536 1794 18842 -1708 END
START -1664 2892 -10124 2471 22404 2732 END
START -2072 4716 -2588 9164 22892 8146 END
START 364 4408 6716 9864 18825 13642 END
START 1704 248 14244 9882 13239 20104 END
START 2420 -7896 21928 10010 4681 24763 END
START 1352 -24008 26280 13258 -4735 26008 END
START 2004 -32768 25424 12632 -10233 19052 END
START 4624 -32768 16768 4373 -16359 10709 END
START 5408 -32768 2108 2826 -20685 2623 END
START 2692 -32768 -10756 256 -20471 -3508 END
START 240 -28088 -20172 -4464 -14927 -7976 END
START -1212 -22108 -23860 -4484 -8576 -10435 END
START -1704 -15852 -24544 -1914 -1862 -10189 END
START -2016 -10960 -22484 533 4135 -8540 END
START -2212 -5852 -19644 735 9107 -5281 END
START -2088 -2960 -15248 -1646 13847 -1735 END
START -2728 -2336 -9916 -2137 16651 2569 END
START -3336 -2068 -4136 845 15470 5856 END
START -3096 -3288 -336 786 14279 10904 END
START -3492 -3668 2180 -2866 13777 14919 END
START -3472 -5616 3972 -6033 12253 17418 END
START -3604 -7640 7028 172 10576 17760 END
START -4960 -6000 11016 6867 8681 20135 END
START -5588 -8288 13808 617 7137 23917 END
START -7588 -13188 17680 -5056 3864 24914 END
START -8076 -17516 19884 -150 -3519 24762 END
START -8332 -21520 19708 10433 -9501 22610 END
START -8436 -20524 16940 9645 -13598 20523 END
START -9064 -25168 12904 132 -16901 20946 END
START -9088 -32256 8848 714 -21685 18131 END
START -10232 -32768 1824 3386 -25888 14330 END
START -11084 -32768 -5772 -247 -25405 8505 END
START -10752 -32768 -9576 -2063 -23750 1087 END
START -9716 -32768 -15700 -1721 -21803 -5845 END
START -9624 -32768 -19372 -2736 -18260 -11230 END
START -9704 -30992 -18684 -2607 -12458 -13943 END
START -10736 -26116 -16080 -3101 -6785 -16373 END
START -11080 -21360 -13020 -6478 -2896 -16801 END
START -10524 -17312 -11848 -8747 1368 -17162 END
START -10184 -15144 -9956 -6115 6866 -16141 END
START -9100 -11648 -8352 -6446 9231 -13256 END
START -8184 -13116 -7464 -4675 12422 -10845 END
START -7284 -14168 -6764 -2505 15449 -8948 END
START -6236 -16552 -4344 -1295 18179 -9567 END
START -5236 -16048 -4988 -4176 16288 -9658 END
START -4016 -19340 -7200 -6033 18774 -9900 END
START -3640 -21808 -7088 -2892 23579 -13198 END
START -3180 -21460 -4392 -3213 26737 -14996 END
START -4320 -21080 -2500 -6403 27664 -15656 END
START -5620 -21620 1104 -5729 29850 -17416 END
START -5496 -19040 6056 -1968 29829 -20400 END