START -376 7704 -13936 -480 18825 5165 END
START -232 9956 -7872 1817 21548 11608 END
START -3600 9028 -2404 7302 21392 19436 END
START -5676 3808 6440 15571 21246 25082 END
START -6636 -1548 22352 13945 18032 26689 END
START -10300 -15908 32767 2932 4813 29410 END
START -12864 -32768 32767 2525 -10259 28935 END
START -6896 -32768 32412 3973 -22310 19441 END
START 1744 -32768 8440 2299 -27277 9308 END
START 3376 -32768 -12460 -248 -25168 -723 END
START 1796 -30728 -23788 -3142 -18090 -9026 END
START 888 -23488 -29192 -4103 -11137 -10153 END
START -12 -18620 -28648 -1299 -3768 -11504 END
START 4 -13976 -24200 2514 2184 -10042 END
START -1860 -6264 -19244 3520 7420 -7775 END
START -2256 -2292 -13648 -1896 10036 -2412 END
START -2240 -1804 -9508 -7262 13472 1791 END
START -3152 -2728 -5792 -9355 15699 4078 END
START -4208 -1780 -1188 -9311 15225 9311 END
START -5260 -3824 2756 -8525 12088 14247 END
START -6080 -6252 5356 -7611 9991 17220 END
START -7448 -10536 9348 -4551 8390 18450 END
START -7876 -11068 15172 -1417 5175 19614 END
START -8460 -16028 19428 -527 956 22519 END
START -7536 -22640 22248 -7723 -5528 21736 END
START -8932 -29324 22760 -11360 -13877 17964 END
START -8536 -32768 18012 2070 -21528 14542 END
START -8516 -32768 12872 4224 -28265 10835 END
START -10100 -32768 5904 2033 -32768 3937 END
START -9956 -32768 -8008 1127 -32768 -2278 END
START -9120 -32768 -23512 1516 -32768 -6828 END
START -7568 -32768 -32768 4503 -22778 -9785 END
START -7164 -30868 -32768 9532 -11352 -13648 END
START -7944 -23092 -31632 8307 -3190 -15908 END
START -8652 -17872 -27036 4781 4423 -14890 END
START -9924 -13764 -22152 4500 10157 -12497 END
START -9916 -14800 -17356 7600 13610 -9666 END
START -9508 -15264 -14104 10817 17715 -7423 END
START -8796 -17896 -10872 10603 18473 -7015 END
START -7248 -20032 -8216 12129 21396 -7743 END
START -6704 -22716 -3320 1750 22008 -11051 END
START -6760 -25144 -488 -4213 23240 -14051 END
START -6640 -26260 1540 -4215 25064 -16833 END
START -8212 -24660 4952 -2423 25813 -17653 END
START -9476 -27224 8124 -5878 26935 -21033 END
START -11616 -26912 14556 -8098 28856 -26881 END
START -13768 -23544 18552 -6560 25713 -27684 END