START 344 1380 -9708 -2508 12851 4520 END
START 452 3092 -5800 548 16030 8419 END
START -1592 3836 -92 768 16837 14471 END
START -1576 1788 9096 1767 14391 20462 END
START -2184 -3752 19348 4182 8996 26533 END
START -4068 -14084 27844 10039 2152 30024 END
START -5364 -25852 32767 8691 -4959 27630 END
START -3840 -32768 31140 4837 -15381 21406 END
START -904 -32768 17564 6468 -24347 13476 END
START 1204 -32768 -760 4789 -26320 6410 END
START -496 -32768 -12012 2129 -23025 -1019 END
START -1792 -32768 -19744 -722 -17635 -6670 END
START -1996 -28912 -22628 -2056 -11151 -10540 END
START -3016 -23416 -21968 -1041 -4921 -12103 END
START -3280 -18104 -20952 -198 1621 -11586 END
START -3396 -11628 -17288 -1694 7322 -10659 END
START -3652 -8068 -12700 -5084 10989 -8727 END
START -3716 -4388 -8216 -6026 13505 -5524 END
START -3500 -1476 -4712 -7492 14273 826 END
START -3780 -2340 -2216 -6092 15516 6102 END
START -3996 -2592 272 -5941 16635 9518 END
START -3356 -4600 4672 -5199 15729 10818 END
START -2392 -4476 9384 -926 14207 12255 END
START -3044 -7348 15688 4987 11152 16024 END
START -3664 -11160 22216 6499 9094 19530 END
START -4224 -15860 26424 -1005 1193 18972 END
START -4672 -22724 26612 1646 -6887 17833 END
START -5448 -25300 24504 9600 -13260 15664 END
START -5796 -24120 19444 4875 -19576 14769 END
START -6228 -26736 13036 -874 -24734 12223 END
START -7428 -32292 3868 725 -28261 10058 END
START -7420 -32768 -7060 2537 -27341 5616 END
START -5960 -32768 -15372 1202 -22699 -268 END
START -5132 -32768 -16660 4498 -16771 -5951 END
START -5720 -32768 -15408 5397 -12071 -8799 END
START -6556 -27980 -13612 -984 -9896 -10915 END
START -7108 -24684 -15376 -4415 -5484 -10560 END
START -7616 -22204 -14164 -3559 131 -10911 END
START -7412 -17648 -14084 -5891 5363 -8911 END
START -7168 -17264 -12364 -8105 10247 -5858 END
START -6560 -20448 -12240 -4547 16407 -5683 END
START -6460 -21544 -10052 1906 22412 -6505 END
START -7392 -20712 -5428 -2709 24661 -7903 END
START -5840 -23300 -1464 -11757 23806 -10414 END
START -5836 -24896 1564 -11566 24616 -11620 END
START -5928 -27848 5568 -4864 26229 -13765 END
START -9292 -25716 10756 -3993 23455 -18542 END