START -400 -22736 -19376 -8029 10899 -2705 END
START -1168 -15176 -18680 -176 17949 2145 END
START -504 -13880 -17408 -1653 21728 4066 END
START -1484 -14388 -14916 -4847 25632 3941 END
START -3388 -14192 -9136 -3906 28212 3925 END
START -3204 -13964 -1036 -6830 27549 6659 END
START -3928 -17588 4988 -6839 25688 7189 END
START -3872 -19732 12756 -3630 24664 6978 END
START -2772 -21104 21536 -4583 18260 4239 END
START -340 -22388 25628 -5293 11387 1406 END
START 3404 -20652 27312 -900 3915 -489 END
START 5164 -15768 23760 -240 -3521 -2250 END
START 6356 -12908 17804 -2261 -10329 -3148 END
START 5092 -11388 11376 -2122 -14482 -2733 END
START 2388 -12296 7252 1661 -16619 -1922 END
START 640 -12588 4208 3397 -18551 -742 END
START -48 -13004 2828 2420 -19543 -539 END
START -36 -13704 -1648 84 -21881 686 END
START -92 -14744 -7556 826 -21239 1436 END
START 144 -16480 -13928 3109 -19144 1188 END
START -28 -16928 -18428 3870 -15313 819 END
START -32 -19264 -21080 4120 -9554 320 END
START -100 -18792 -20672 2860 -4326 -380 END
START 360 -16760 -19556 -1824 -516 -204 END
START -128 -14668 -16832 -2655 3224 471 END
START 64 -12756 -15560 -1418 7174 2534 END
START -780 -12404 -11584 -2153 9480 3667 END
START -1088 -11444 -8144 -3642 10167 4278 END
START -1320 -9780 -5404 -3336 9818 4961 END
START -1708 -6576 -3584 -3831 11101 7911 END
START -1660 -6248 -1204 -6761 11423 11615 END
START -2452 -7632 2504 -2781 10286 13316 END
START -2924 -9664 5588 2810 8580 12335 END
START -4164 -7136 8600 2973 7010 12745 END
START -4988 -6344 9552 -5876 4918 19894 END
START -6200 -11032 12144 -8742 1372 22007 END
START -7868 -16640 14960 3123 -4458 21863 END
START -8560 -19548 15528 10223 -8816 19615 END
START -9404 -19432 13920 -73 -12907 21809 END
START -9560 -26160 12648 -730 -17356 18345 END
START -10184 -28532 10052 6753 -21681 15168 END
START -11400 -30640 7524 5387 -25721 11305 END
START -11868 -32768 -508 1247 -29478 8260 END
START -11408 -32768 -9372 2896 -28235 2613 END
START -10716 -32768 -14016 5785 -23707 -3126 END
START -11344 -32768 -13420 5662 -20723 -9180 END
START -11816 -30836 -14592 1742 -18525 -12446 END
START -11480 -27388 -18348 -4893 -15851 -14221 END
START -11468 -23300 -20368 -7868 -10402 -15603 END
START -11324 -19492 -21288 -3685 -3225 -16127 END
START -10924 -15128 -20668 -5558 3965 -13991 END
START -10552 -14004 -20104 -6119 12625 -11564 END
START -11020 -14872 -17188 -2297 19652 -11450 END
START -10136 -16704 -13600 391 24511 -12772 END
START -10084 -16300 -9772 -1930 26563 -14396 END
START -9304 -17056 -10000 -5743 29725 -11339 END
START -10200 -18312 -5492 -3794 32767 -12845 END
START -10252 -17092 -1508 -5689 32767 -13874 END
START -10156 -15176 6152 -6199 32767 -12998 END