START 3796 -20140 -22876 -2314 4829 -3373 END
START 2972 -19848 -24276 -980 10005 -5331 END
START 1232 -15812 -23548 4707 18436 -6043 END
START 392 -10212 -17988 7289 26488 -5488 END
START -1176 -5104 -11604 3826 31142 -3400 END
START -2880 -2528 -3392 -599 31812 -201 END
START -2904 -2844 6276 441 27760 5005 END
START -2672 -3988 15728 -513 19073 9908 END
START -712 -8764 22088 -3412 10544 14587 END
START -308 -14792 27448 -865 6838 15456 END
START -1144 -22236 32172 -2524 -1308 13841 END
START 856 -26204 29348 -1073 -13970 8940 END
START 3952 -23380 18448 1257 -22767 5725 END
START 4852 -23176 5236 -1920 -26279 4223 END
START 4016 -25372 -6376 -793 -24757 124 END
START 3804 -24064 -14824 -1015 -20390 -3465 END
START 2820 -20956 -19580 -3212 -14694 -6783 END
START 2912 -18584 -23148 -6094 -8600 -7600 END
START 2424 -15784 -24532 -3494 -1160 -8085 END
START 1968 -11968 -22684 -441 6182 -7332 END
START 1276 -8636 -18808 128 11778 -5822 END
START 380 -5380 -14032 -2055 15497 -2376 END
START -76 -4588 -10144 -5585 17396 3134 END
START -852 -4152 -5440 -4838 17572 6984 END
START -1404 -5176 -1288 -2427 13791 9159 END
START -3364 -4532 660 -364 12797 12118 END
START -5268 -5872 4120 -345 15106 17094 END
START -6488 -8924 9240 -7069 13092 18667 END
START -7816 -12312 11488 -13052 8126 17644 END
START -9348 -15760 14032 -7185 3691 18588 END
START -9504 -16252 16932 4013 -628 20607 END
START -8336 -16936 18884 7370 -6932 21674 END
START -8636 -19868 17424 1462 -13382 22093 END
START -7928 -25556 15772 1423 -17749 22466 END
START -6448 -31104 14388 9012 -21192 21058 END
START -5536 -32768 13468 10857 -26524 17003 END
START -5016 -32768 8504 2347 -32768 10473 END
START -5296 -32768 -508 -4368 -32768 2698 END
START -5932 -32768 -9876 -3044 -32768 -5418 END
START -6288 -32768 -18612 -2575 -32585 -11619 END
START -6324 -31332 -24304 -2380 -23638 -14575 END
START -6580 -26260 -24616 -1431 -13619 -15892 END
START -8148 -20892 -21792 -362 -5316 -15867 END
START -9204 -16764 -18900 -1604 2590 -13609 END
START -10144 -15664 -14580 197 8668 -10502 END
START -9572 -14248 -11152 1624 12681 -8825 END
START -8512 -14068 -9880 -3100 14813 -6619 END
START -6996 -16248 -11024 -6163 18555 -5643 END
START -5684 -20304 -11708 -6873 22152 -6602 END
START -3956 -22724 -9852 -3392 24799 -8667 END
START -4188 -24244 -6008 -2333 28699 -10985 END
START -4892 -26248 -1020 -7265 29963 -12101 END
START -6848 -28864 5924 -10456 31146 -15698 END
START -8704 -28032 11196 -11274 26219 -21564 END
START -7716 -24676 13400 -5370 20323 -24941 END
START -6340 -17140 12876 -3227 15382 -25745 END
START -4068 -11552 11692 -6147 12198 -24819 END