START -1660 -3744 -20724 -2688 21589 -1236 END
START -3032 -2552 -14764 -3761 27034 2209 END
START -4308 -804 -5180 1797 27933 5760 END
START -3040 -496 9076 11181 24982 11813 END
START -76 -5088 23592 8855 15487 17598 END
START -860 -17512 32064 6168 4430 20604 END
START -1048 -30836 32767 3888 -4027 16892 END
START 1184 -32768 31356 849 -15998 9745 END
START 4820 -29420 16168 -248 -25249 4135 END
START 3928 -27100 -1496 -1395 -27975 -635 END
START 1852 -24580 -13796 -2055 -25067 -4189 END
START 332 -22444 -23728 -298 -19482 -6003 END
START 404 -20836 -27200 422 -11041 -8047 END
START -208 -17920 -26652 1831 -2253 -8393 END
START -720 -12788 -24472 945 4455 -8389 END
START -400 -9584 -20984 -2333 10337 -6986 END
START -1264 -7280 -16232 -1669 15780 -4113 END
START -1824 -3988 -10020 716 19062 807 END
START -1980 -4224 -3808 -778 16867 3488 END
START -1664 -4784 -636 -593 15578 7666 END
START -2476 -3380 2308 -3841 15041 10142 END
START -2600 -1824 4604 -9767 12540 14961 END
START -3744 -5516 8436 -5979 9840 17954 END
START -3872 -6736 13020 3267 6147 18501 END
START -5156 -6524 17928 4466 2490 21127 END
START -5708 -9344 19944 -2173 -2014 25178 END
START -6948 -16892 21236 771 -5987 26704 END
START -7484 -19328 20392 6250 -10466 24475 END
START -8480 -21160 17316 5583 -15425 22775 END
START -9260 -23708 10868 1112 -20093 22282 END
START -11096 -32756 6432 5261 -21930 20601 END
START -12188 -32768 2436 11093 -22665 17004 END
START -11284 -32768 -1928 5009 -25500 9228 END
START -10020 -32768 -8796 2750 -23802 933 END
START -9924 -32768 -13528 4681 -20036 -4105 END
START -9552 -32768 -16052 5543 -16671 -8845 END
START -9892 -31404 -17204 5879 -11434 -12772 END
START -9540 -24980 -18312 -1139 -7853 -13032 END
START -9256 -21392 -20212 -5990 -1715 -12505 END
START -9364 -16416 -18568 -7483 4764 -11260 END
START -9180 -15064 -17016 -4195 10571 -10017 END
START -8616 -14144 -15108 -953 16242 -8091 END
START -8728 -16644 -13660 -1332 21952 -6339 END
START -9236 -19880 -9560 -2973 27203 -9665 END
START -10184 -22700 -5424 -9287 30265 -13310 END
START -11360 -27244 -1312 -9559 32552 -15715 END
START -13108 -28300 2380 -2154 31740 -18491 END
START -12092 -26464 6068 3223 29458 -22409 END
START -11400 -20972 9548 2194 27290 -25590 END
START -9356 -14992 12804 -269 24955 -26020 END