START 6256 -15352 -5088 4725 -1707 2760 END
START 6060 -17568 -11412 529 2152 1785 END
START 5996 -19108 -16036 -1951 7187 -195 END
START 4744 -16744 -19072 -3574 11792 -2087 END
START 4176 -11128 -19308 -4240 16954 -2840 END
START 3276 -5844 -16020 -4480 21189 217 END
START 1120 -1880 -9756 1040 23060 5095 END
START -808 -2528 -2192 7087 20706 10444 END
START -2692 -5276 4124 13384 19782 14547 END
START -4116 -8276 12032 8858 21719 16586 END
START -3564 -15600 25408 -5780 17829 14482 END
START -3920 -24012 32767 -10723 7933 12320 END
START -2832 -29604 32767 1472 -8770 10679 END
START 1064 -26104 30360 4778 -22355 6768 END
START 2556 -24060 16500 -3103 -29835 4134 END
START 1736 -25060 1600 -3860 -32768 1092 END
START 1264 -27024 -13624 -1254 -32768 -2208 END
START 972 -24860 -24648 122 -24790 -5854 END
START 920 -22044 -28372 -3237 -13497 -8886 END
START 1652 -18956 -26740 -3754 -3669 -10132 END
START 1504 -13744 -22776 -1479 3534 -9700 END
START 1428 -8656 -17916 -1852 7835 -8159 END
START 796 -4516 -14036 -4849 11767 -3698 END
START 504 -4264 -9184 -8490 14143 1251 END
START -624 -5384 -5232 -10241 13560 4509 END
START -1672 -7444 -2344 -4585 12407 5019 END
START -2996 -4632 -192 -551 12769 9818 END
START -2672 -4228 3712 -6940 13947 13984 END
START -3876 -5428 7148 -14575 13025 15039 END
START -5708 -9608 13040 -5645 10750 16063 END
START -7008 -8484 18088 9352 6251 20786 END
START -7832 -9088 21096 2969 2318 25406 END
START -10312 -15272 22764 -9831 -3282 23421 END
START -12128 -20584 22436 -6046 -13101 22125 END
START -13124 -27788 18976 10283 -21067 25370 END
START -12040 -32768 16532 17538 -24943 24983 END
START -10568 -32768 10068 5891 -30502 18406 END
START -8504 -32768 -3484 -4566 -32768 8697 END
START -6660 -32768 -18148 -2066 -32768 700 END
START -4976 -32768 -26600 -742 -27381 -4803 END
START -5300 -32768 -27144 -963 -18793 -9246 END
START -6848 -29284 -26272 -79 -11893 -12022 END
START -8224 -26588 -24552 609 -4446 -13033 END
START -8908 -22552 -21484 -745 1951 -13881 END
START -9212 -20872 -17556 -2489 7455 -13303 END
START -8444 -20940 -13604 872 10812 -11823 END
START -7612 -20444 -10672 4303 14078 -12104 END
START -6344 -19352 -8576 -4831 15814 -13011 END
START -5584 -21364 -9368 -15532 21075 -15393 END
START -6028 -22712 -6012 -11889 27041 -17131 END
START -6828 -22440 -2436 -2421 27261 -17799 END
START -7068 -20804 724 -1027 26676 -18829 END
START -6812 -18996 4520 -9636 27970 -21608 END
START -7596 -17536 7844 -15817 28285 -21254 END
START -7376 -13852 10140 -11415 27025 -19456 END