START -2728 -13088 -23512 -5225 15695 1684 END
START -4016 -10184 -22692 1388 18627 3446 END
START -3428 -9492 -21364 4576 24098 6901 END
START -5656 -10400 -14804 5642 31330 7903 END
START -6660 -10956 -5192 -888 31085 7528 END
START -7196 -12052 3472 -9084 28531 9395 END
START -7268 -18832 13140 1048 25538 12442 END
START -5756 -20252 21420 6768 20898 10372 END
START -3340 -23728 26416 -6183 13796 7762 END
START -1116 -25580 29888 -6912 5842 2575 END
START 2892 -19772 26468 -3846 -5887 -1525 END
START 4716 -14392 19392 -4041 -14266 -2560 END
START 3724 -11656 11884 -5730 -17758 -1554 END
START 1892 -12716 7632 -4118 -19081 -985 END
START -432 -14420 6112 1125 -20956 -1564 END
START -1856 -14452 4280 1881 -26105 -1275 END
START -2920 -16912 -932 -1893 -28998 -456 END
START -3552 -20412 -7844 444 -27118 -1110 END
START -4300 -19084 -12076 2924 -24135 -2455 END
START -4216 -18800 -18564 -132 -23492 -3136 END
START -3960 -18016 -23356 -1032 -16742 -4536 END
START -4468 -15292 -23056 2376 -9012 -3572 END
START -4680 -13556 -21540 1182 -6600 -2239 END
START -4944 -12920 -21976 -3222 -5532 -365 END
START -4776 -12560 -25072 -6041 434 1422 END
START -5728 -12504 -24020 -2972 7203 2402 END
START -5720 -11772 -19924 604 10734 2553 END
START -5288 -10220 -16116 313 14890 3144 END
START -5196 -7272 -13020 -4835 18477 5128 END
START -4700 -5548 -9192 -7722 20756 8072 END
START -5184 -5692 -5484 -5119 22044 10520 END
START -5740 -8220 -740 2924 20906 10456 END
START -6248 -8712 4028 6363 18406 8438 END
START -6976 -8788 7156 2970 14932 8423 END
START -7008 -11048 9484 3041 13398 11443 END
START -6908 -16092 14276 7226 10690 15101 END
START -6564 -19640 18176 6542 5499 13830 END
START -5972 -20744 18144 -304 -2094 11687 END
START -5380 -21472 16420 1322 -6842 10399 END
START -5632 -21936 15096 7121 -11438 10799 END
START -5672 -23604 13236 5496 -16718 9187 END
START -6528 -25608 9364 2616 -22057 6759 END
START -6880 -28172 3580 3844 -25676 5333 END
START -6508 -29852 -3184 5128 -25737 2325 END
START -6376 -31692 -10236 2843 -23941 -997 END
START -5644 -32768 -16556 5526 -19346 -5425 END
START -5124 -32144 -18292 10049 -13113 -8439 END
START -5432 -29120 -17292 10207 -9575 -9564 END
START -5972 -26732 -16844 3187 -9998 -10454 END
START -6468 -25336 -19204 -4567 -8893 -10062 END
START -7204 -25128 -19404 -5718 -3579 -10646 END
START -7564 -22864 -16768 -225 1061 -13585 END
START -7008 -21036 -14492 724 3665 -13564 END
START -6392 -20792 -12920 -1730 5443 -11996 END
START -5764 -20016 -11860 -6127 7385 -10896 END
START -5696 -18432 -9504 -11193 9974 -10520 END
START -5764 -16568 -7852 -15642 13626 -8707 END
START -6804 -16196 -6112 -16633 15768 -4467 END
START -6524 -16892 -5756 -12221 17438 -4503 END
START -6408 -13936 -7848 -13612 22026 -3737 END
START -5484 -13860 -6948 -15120 26023 -5254 END
START -4856 -11712 -5784 -11495 30978 -6316 END
START -5252 -9496 -568 -9199 32767 -4911 END