START -1456 -3500 -20788 -3209 16465 -3756 END
START -2356 2940 -15320 1071 26151 1071 END
START -3368 7948 -2992 -2570 25587 6977 END
START -2592 6616 6212 -3389 22915 13776 END
START -2596 2964 19292 -347 18308 20402 END
START -5600 -8176 29908 4761 6981 26454 END
START -6076 -23848 32767 7369 -693 27237 END
START -2736 -32768 32767 3798 -8356 19669 END
START 3536 -32768 21472 5533 -19582 11620 END
START 5652 -32768 3844 4988 -24508 6188 END
START 3104 -32768 -10108 1999 -22533 1146 END
START 900 -30792 -18692 996 -18372 -3136 END
START -412 -27896 -23220 -187 -13778 -6760 END
START -1380 -24168 -25056 -241 -5885 -9283 END
START -2168 -18768 -23056 -583 2675 -10795 END
START -3096 -13496 -19188 620 8112 -10759 END
START -3180 -8832 -14732 1856 12479 -8067 END
START -3408 -4652 -10240 788 16399 -4134 END
START -3500 -2952 -5204 -2950 17404 -474 END
START -2772 -1068 -1032 -5455 15750 3385 END
START -2856 -328 2148 -5781 12633 7003 END
START -3960 2288 4320 -3044 10456 13691 END
START -5344 -1336 9368 197 10180 19913 END
START -6320 -5244 15224 936 8606 21381 END
START -7444 -9780 19524 -847 6030 21201 END
START -8584 -11304 21552 -4250 2106 23836 END
START -9516 -19736 23656 932 -4135 23972 END
START -9000 -24888 25040 14108 -9789 22324 END
START -8864 -26332 21692 8725 -15226 19527 END
START -8856 -30920 14416 4552 -23532 16577 END
START -8276 -32768 2272 9117 -26080 13172 END
START -7288 -32768 -4652 9883 -24258 7709 END
START -8100 -32768 -6260 8044 -24619 2145 END
START -7604 -32768 -16136 6006 -24492 -3175 END
START -7216 -32768 -19164 4160 -16275 -9760 END
START -7640 -32396 -17168 3166 -11295 -13419 END
START -8536 -26372 -13512 1702 -7003 -15202 END
START -8648 -21260 -9388 -189 -3748 -14579 END
START -8396 -17732 -5880 -3658 -1167 -13661 END
START -7464 -15500 -5008 -5428 456 -12564 END
START -6388 -14364 -5384 -6125 2636 -10094 END
START -4844 -15248 -7776 -8288 5864 -6685 END
START -3540 -18524 -11468 -9991 10540 -4645 END
START -2724 -23620 -12992 -8290 16598 -7966 END
START -2900 -23864 -11692 -11739 23320 -10395 END
START -4520 -28300 -7924 -18824 28979 -11880 END
START -6756 -31804 408 -16847 32767 -12765 END