START -1600 -15648 -22136 -2270 6885 4417 END
START -2240 -15352 -23068 -4269 12946 5037 END
START -2032 -15308 -21948 -7547 15959 5572 END
START -1792 -15948 -18572 -5343 20102 6484 END
START -2604 -15268 -11772 267 23519 8320 END
START -2352 -17984 -1500 1901 23086 8695 END
START -2248 -17104 6472 -2683 19778 8260 END
START -1456 -19312 12416 -4321 18165 7017 END
START 116 -19756 16020 -3981 16921 4898 END
START 1920 -17776 19380 -4777 12671 2638 END
START 2492 -16712 22196 -3103 6450 763 END
START 3876 -13672 21140 -102 -565 15 END
START 4424 -11232 18300 -493 -5835 352 END
START 3252 -11464 15172 614 -10386 1345 END
START 1548 -13620 12220 2740 -14596 1550 END
START 1192 -15024 8460 577 -17981 1298 END
START 128 -17040 3128 -1356 -21463 1039 END
START -996 -18444 -3476 791 -22146 986 END
START -944 -20344 -10732 486 -20981 -36 END
START -1640 -21176 -15148 1681 -17287 -1390 END
START -2028 -21604 -18144 4317 -13382 -2719 END
START -1800 -20832 -19972 2493 -10049 -3960 END
START -1104 -18184 -20432 -263 -5572 -4256 END
START -628 -14560 -21984 -2017 505 -2261 END
START -936 -12772 -20556 -3457 5945 -1260 END
START -1832 -10960 -16884 -305 9282 452 END
START -1952 -9564 -11872 1735 11290 1746 END
START -2768 -7780 -7808 359 12952 5502 END
START -2344 -7652 -3384 -1443 13601 7834 END
START -1920 -6112 -560 -3324 12610 9810 END
START -2428 -5992 2480 -1500 11061 11352 END
START -3716 -5524 4292 -171 9333 16150 END
START -4512 -8044 6708 -1032 8108 17220 END
START -4436 -9936 8232 -4509 6406 16380 END
START -6472 -11596 11508 -256 4866 16168 END
START -6364 -12400 14364 2511 1427 20658 END
START -6088 -15964 15416 -321 -2985 22007 END
START -7404 -19288 14236 -4425 -7227 20112 END
START -9560 -23904 13804 1775 -12617 17953 END
START -10396 -27376 10804 5409 -18896 16523 END
START -11532 -28440 7344 2800 -22189 12786 END
START -11916 -31368 4064 1794 -24623 9061 END
START -12084 -31600 -4260 1828 -27197 5204 END
START -11260 -32768 -11884 1913 -24550 1085 END
START -11124 -32768 -13964 3871 -19710 -3036 END
START -11480 -32604 -14784 6360 -15984 -7293 END
START -11452 -29120 -16700 3072 -13805 -10350 END
START -11740 -27444 -17972 -1043 -10638 -13122 END
START -12272 -25420 -18736 -199 -6111 -14420 END
START -12332 -23940 -17832 2083 -1087 -13678 END
START -11328 -20988 -15840 666 4379 -12974 END
START -10800 -19000 -13192 -1862 8997 -14869 END
START -10060 -17308 -9696 -2174 12459 -15993 END
START -8932 -15492 -7940 -3836 13309 -14802 END
START -6852 -15940 -8964 -6669 17437 -13430 END
START -6368 -17644 -8632 -9339 22432 -14752 END
START -6692 -17388 -7732 -11390 25202 -14160 END
START -7236 -17572 -8140 -13865 30006 -13413 END
START -9440 -18212 -3332 -11819 32767 -13325 END
START -10564 -18240 7756 1515 32767 -13369 END