START -8 -4680 -12300 -3434 14330 1045 END
START 448 192 -10532 -8866 19187 6618 END
START -536 -1752 -5156 -4508 21177 11426 END
START -1328 -3752 2288 10982 19008 13276 END
START -1980 -4652 9284 9850 14832 14845 END
START -2696 -9936 14352 415 9873 17352 END
START -4140 -16064 17884 1229 5183 18155 END
START -4148 -19572 19468 4208 -957 16544 END
START -1492 -22648 18176 5364 -7650 14686 END
START 360 -22564 14216 3886 -11089 12756 END
START 1064 -22932 10324 5027 -13191 11077 END
START 1028 -23232 6752 8094 -15117 8689 END
START -64 -25184 4244 8653 -16863 6810 END
START -396 -28084 708 4740 -18614 3757 END
START -1252 -30788 -6972 -438 -19248 107 END
START -1804 -30932 -15316 154 -15298 -3759 END
START -2344 -26336 -18976 2937 -8711 -7980 END
START -2940 -21284 -17724 1806 -4456 -10499 END
START -3720 -16636 -15984 -986 -1633 -10238 END
START -3692 -11836 -14748 -2911 826 -9192 END
START -3248 -8344 -13540 -3665 4449 -5482 END
START -3532 -5948 -11004 -3299 7041 -2015 END
START -3716 -5884 -7184 -4649 7118 -396 END
START -4596 -2172 -6396 -6603 9366 3947 END
START -5788 -4584 -4096 -9855 12204 11114 END
START -4484 -7532 36 -6421 12926 12029 END
START -4444 -9380 4520 -4834 12206 11930 END
START -4328 -10116 9704 -127 9189 9430 END
START -3036 -11660 13072 6822 4568 12168 END
START -3292 -13352 15772 9384 3484 20635 END
START -3732 -20348 18132 -3146 93 22401 END
START -3044 -29272 19704 -1372 -6005 18790 END
START -2560 -31616 19292 10641 -12179 13214 END
START -2672 -29192 16108 10032 -19379 9903 END
START -3716 -30148 12696 3609 -23789 7361 END
START -4716 -30556 7784 5166 -27582 4806 END
START -6872 -29960 2104 4399 -31577 1379 END
START -8928 -32264 -6740 1139 -32768 -3053 END
START -9928 -32768 -13840 -42 -30163 -7867 END
START -10256 -31708 -16164 2413 -23126 -12564 END
START -11976 -25064 -13868 868 -16053 -14838 END
START -12900 -18996 -17816 -18085 -14333 -14087 END