START 3564 -15256 -30088 -5948 16874 379 END
START 3808 -10728 -27080 -7940 24948 6433 END
START 2632 -9356 -20736 -8602 30128 9272 END
START 1420 -10400 -10068 -3036 30620 10902 END
START 496 -10692 432 1964 26803 12197 END
START -444 -12936 7376 1359 21800 12545 END
START -828 -16724 11540 -5381 23960 12216 END
START -2648 -23600 19568 -11975 24472 9343 END
START -1088 -28636 26236 -6937 12217 4842 END
START 2520 -25540 24584 1499 1312 567 END
START 6244 -18360 20716 940 -4552 -2976 END
START 7016 -12816 16904 69 -9743 -3060 END
START 6448 -10844 13444 2242 -15043 -2207 END
START 4344 -9860 10352 4915 -18791 -613 END
START 2976 -11028 8432 5988 -21676 1190 END
START 1504 -12572 5532 5203 -25235 3159 END
START 1744 -15956 -160 5018 -28120 3435 END
START 1080 -16436 -7512 4336 -28737 2249 END
START 868 -18212 -15804 4737 -25704 1766 END
START 1232 -19204 -20700 6924 -19167 338 END
START 816 -18816 -24860 6575 -13584 -693 END
START 1264 -17332 -29504 3220 -7573 -1345 END
START 1092 -14920 -29700 430 181 -1145 END
START 436 -13676 -25436 2708 7214 -327 END
START -124 -12096 -19892 6977 11281 1255 END
START -496 -10960 -14580 6420 12647 3737 END
START -884 -9412 -10504 1652 13848 6160 END
START -508 -8480 -8380 -4968 15612 7796 END
START -1044 -6240 -6588 -10455 18092 9878 END
START -2232 -6500 -3632 -11351 17258 13071 END
START -3400 -9300 804 -266 15970 16321 END
START -4448 -11528 5660 7108 12397 16817 END
START -4720 -11484 7452 505 9955 16199 END
START -5692 -15572 11980 -8651 9856 16543 END
START -4688 -16376 16248 -4355 4246 17389 END
START -4552 -15628 17156 -2429 -3771 17055 END
START -7004 -20204 16244 1362 -9593 19207 END
START -7656 -24748 15616 3994 -13950 18917 END
START -7696 -27164 14608 1892 -20739 14486 END
START -6416 -28952 10872 1699 -25768 10779 END
START -6908 -30384 5792 2725 -30682 7929 END
START -6760 -32768 -3368 1073 -32768 4562 END
START -7580 -32768 -10288 881 -31065 -979 END
START -8536 -32768 -12968 2098 -28839 -5959 END
START -8524 -30756 -16396 3331 -25962 -10498 END
START -8632 -27416 -20448 681 -23149 -12856 END
START -9308 -25388 -25184 -125 -16433 -13979 END
START -8860 -21408 -25220 -1823 -7267 -15492 END
START -9224 -18152 -22068 -1983 -444 -14494 END
START -9280 -15508 -19316 573 5946 -11199 END
START -8956 -15176 -16852 -973 10301 -7253 END
START -8584 -16640 -17116 -4321 14413 -6360 END
START -8552 -19536 -17164 -5850 19846 -6601 END
START -8328 -20308 -15900 -4546 27281 -8411 END
START -8404 -21396 -14560 -5905 32320 -9711 END
START -9684 -20920 -9384 -5712 32767 -12329 END
START -9328 -18756 -2644 -5906 32767 -12217 END
START -7852 -14756 6732 -2891 32767 -11168 END
START -8008 -12256 15964 -459 29093 -7450 END
START -8168 -14676 21492 5488 23310 -6868 END