START 4016 -14800 -5340 -2115 -16822 4243 END
START 2704 -17280 -18132 -4354 -13836 2642 END
START 5120 -21544 -29092 -3828 -2882 246 END
START 2748 -20524 -32468 -93 11496 -3356 END
START 896 -16056 -28660 2498 20423 -7831 END
START -836 -9144 -21148 6209 27992 -8082 END
START -1344 -316 -10288 1911 31884 -4333 END
START -1796 3200 1632 -7691 30528 2046 END
START -2240 604 13000 -3500 19897 9161 END
START -340 -2344 18796 10350 8302 15825 END
START 412 -6128 21300 10816 4169 19044 END
START 364 -13376 25728 -8283 5922 20359 END
START -1448 -28396 32688 -12490 -1865 18745 END
START 2164 -32648 31196 6186 -16987 12965 END
START 5928 -29332 19192 5887 -25432 7779 END
START 5000 -27564 4664 -2458 -26594 2962 END
START 4056 -28000 -7428 -4308 -26089 -1232 END
START 3416 -26932 -16504 1612 -24435 -4151 END
START 2364 -24732 -22260 3728 -18847 -6361 END
START 2544 -22056 -24336 133 -9132 -8645 END
START 1808 -18968 -23156 -3765 173 -9156 END
START 404 -14800 -20604 -3708 5921 -9210 END
START -600 -11216 -16364 -2628 10143 -7065 END
START -792 -8192 -12596 -3045 13664 -4668 END
START -1644 -5996 -9368 -5547 15785 -1086 END
START -2160 -6404 -5736 -4487 15622 2703 END
START -2204 -5816 -2960 -1843 14655 5628 END
START -2168 -4708 -808 -2322 15221 7834 END
START -2928 -2928 1740 -5663 16247 11958 END
START -4704 -3852 6908 -4953 14660 16544 END
START -5220 -5644 12336 -2261 10426 19310 END
START -6104 -6856 16080 400 7767 20625 END
START -8152 -6440 20080 -5215 3930 23582 END
START -8180 -11456 23852 -8606 -1239 28602 END
START -10132 -16732 26756 1963 -8974 28764 END
START -9896 -18936 24920 8940 -18182 28525 END
START -10372 -23564 19224 3905 -23385 27381 END
START -10768 -30952 11776 754 -27358 24431 END
START -10648 -32768 2372 1959 -30685 18499 END
START -11092 -32768 -3452 5662 -28396 9353 END
START -11160 -32768 -7668 2054 -27842 -100 END
START -11068 -32768 -11672 1421 -26985 -7885 END
START -11700 -32768 -12464 4178 -24285 -14736 END
START -12216 -28680 -12536 -1052 -22488 -17608 END
START -12456 -24828 -15252 -7780 -18180 -16089 END