START -3144 -17412 -17560 -4024 2632 4394 END
START -4224 -20796 -22072 -3346 7627 3665 END
START -4184 -20280 -25288 -2067 14142 3005 END
START -4380 -19236 -23144 67 20683 2297 END
START -4332 -17804 -14428 2897 24029 746 END
START -4900 -12976 -4688 1958 23546 2012 END
START -3312 -13888 3484 -7027 22085 7696 END
START -3584 -15768 10568 -9621 18088 7726 END
START -2748 -18824 13840 -4947 16790 5673 END
START -2276 -20280 18264 -3083 14620 3003 END
START 344 -18840 20804 -5455 9053 244 END
START 2928 -15312 21756 -5305 3692 -1588 END
START 4436 -11684 20660 -2275 -1967 -935 END
START 4172 -8564 16760 -2670 -8476 317 END
START 3496 -10708 12020 -1651 -12143 1024 END
START 1952 -12264 9232 1509 -14785 1238 END
START 688 -14516 6472 2060 -18516 2008 END
START 1000 -18524 2468 5078 -20414 1570 END
START 700 -20060 -2540 5143 -20641 18 END
START -1092 -20636 -10264 2437 -19628 130 END
START -1732 -21836 -16124 392 -15359 -1234 END
START -2892 -21196 -18844 352 -10502 -2281 END
START -3940 -19776 -20224 3530 -5940 -3518 END
START -3828 -16644 -18836 2906 -2210 -3323 END
START -3608 -14536 -16352 390 1235 -1568 END
START -3548 -13040 -14832 -1704 4835 220 END
START -3664 -11076 -13412 -3346 7240 2424 END
START -3972 -11656 -10404 -1697 8658 3641 END
START -3948 -10248 -7652 811 10579 4453 END
START -3548 -7204 -5040 -1936 11250 5711 END
START -3668 -4988 -4576 -6073 13220 10105 END
START -4668 -5260 -1180 -4074 15006 12138 END
START -4416 -5588 4080 5157 14688 13834 END
START -4916 -6344 8936 9361 13504 16219 END
START -6696 -7444 13640 3613 11864 18375 END
START -8756 -11748 16132 -4975 6853 20242 END
START -9808 -19360 17036 -1900 1722 21022 END
START -10404 -23980 18856 6026 -1685 19238 END
START -10520 -25276 20724 2894 -10905 15975 END
START -9800 -26428 16496 -2500 -19857 12386 END
START -9272 -27968 10796 -2321 -24278 11355 END
START -9568 -30560 4060 1925 -28488 7584 END
START -9036 -32768 -6368 1632 -30855 3386 END
START -8348 -32768 -13604 2755 -24417 -2575 END
START -8036 -32768 -13848 7680 -17033 -7626 END
START -8460 -31696 -10776 8483 -14951 -11479 END
START -9732 -27868 -9040 3519 -16271 -13942 END
START -10272 -23180 -11360 -4271 -15737 -14866 END
START -10520 -18376 -13112 -9349 -11579 -14655 END
START -10068 -14376 -13528 -8236 -6512 -13133 END
START -9324 -12696 -12412 -4723 -1541 -9323 END
START -8976 -10908 -10680 -3387 3965 -6461 END
START -8272 -10544 -9044 -6316 6486 -4147 END
START -7772 -12972 -8440 -6258 10067 -2327 END
START -7500 -14192 -6708 -1743 12535 -1158 END
START -6524 -15704 -6268 -1988 11318 -414 END
START -5700 -19348 -12668 -6970 14546 -386 END
START -5912 -23604 -15016 -7842 23667 -3136 END
START -7260 -24344 -11500 -2523 28930 -7093 END
START -7736 -23636 -9052 -1201 31177 -8786 END
START -10320 -23168 -3124 2045 32767 -10697 END
START -11300 -19664 7084 4401 32767 -10827 END