START 824 -6992 -14800 699 16784 -5066 END
START 936 -3484 -12804 -2815 22845 -494 END
START -288 -520 -8748 -5946 26510 2633 END
START -1160 1224 -2832 -3549 25893 6898 END
START 376 1652 7040 3384 22898 13111 END
START 2000 -1116 20800 5330 15987 19345 END
START -336 -13224 31992 -869 715 24647 END
START -3864 -31840 32767 6126 -12608 22959 END
START -1400 -32768 28180 7427 -19511 14959 END
START 1476 -32768 14272 -2298 -27043 6738 END
START 3536 -32768 -5256 -3426 -28100 1963 END
START 2664 -29428 -19488 -3492 -20661 -4735 END
START 1608 -25000 -24312 -3492 -12237 -9984 END
START 1760 -20524 -25544 -3567 -4213 -11463 END
START 1548 -14892 -23224 -3677 4316 -11682 END
START 476 -8996 -18940 -3090 10567 -9617 END
START 208 -4788 -14684 -1272 14323 -5897 END
START -96 -2408 -9772 -1202 17491 -1791 END
START -1172 -304 -5476 -3567 18517 2492 END
START -1528 940 -1208 -7347 16488 6606 END
START -3032 -92 1648 -6641 12861 12231 END
START -4092 -2336 4188 612 9753 16502 END
START -3960 -2804 7396 5174 8530 17133 END
START -5592 -2256 11148 -4298 5594 18451 END
START -10208 -7312 15412 -15518 1031 26192 END
START -11532 -22104 19664 -1904 -5580 30516 END
START -11016 -29976 24160 18881 -8244 26599 END
START -9260 -30020 24876 6281 -14606 23015 END
START -7576 -32768 22268 -3589 -20501 18065 END
START -6272 -32768 18380 5067 -27927 13248 END
START -6672 -32452 10140 6458 -32768 8564 END
START -9144 -32768 -3568 -1039 -32768 4778 END
START -9452 -32768 -17480 -1493 -30440 -1778 END
START -8268 -32768 -23072 2782 -21200 -8541 END
START -7908 -31664 -24476 5636 -16097 -10948 END
START -7700 -27988 -25052 4578 -10210 -13883 END
START -8368 -22932 -23224 930 -4002 -13766 END
START -9480 -19248 -18964 1871 2559 -12487 END
START -9404 -15684 -13552 4827 6475 -10298 END
START -7240 -12100 -10752 1340 8307 -5539 END
START -6928 -14496 -12680 -6111 11869 -150 END
START -6808 -20132 -15036 -6205 22601 -1661 END
START -5868 -24928 -12028 -3630 29804 -5483 END
START -7036 -27740 -6756 -2888 32767 -8768 END
START -10132 -31376 2364 -15642 32767 -10839 END
START -11544 -32768 11228 -18082 32767 -19374 END
START -15496 -32344 17768 -4208 32767 -29573 END