START 3120 -19848 -8160 -2017 -4448 -3770 END
START 2644 -19920 -11524 -539 -1982 -3712 END
START 2372 -19712 -14360 1765 1480 -4653 END
START 1612 -19060 -15572 -959 7631 -6192 END
START 456 -17416 -15232 -2522 12853 -8308 END
START 408 -14212 -14360 -3627 16192 -8042 END
START 152 -10792 -11852 -3101 20442 -6906 END
START -476 -7172 -8864 -4522 23466 -4749 END
START -1348 -5152 -4684 -6623 24537 -2026 END
START -2012 -3736 732 -3033 23225 3353 END
START -2084 -4316 8092 3094 21272 9427 END
START -2388 -9124 18164 2040 17570 11955 END
START -2512 -16484 26348 -2739 12003 10780 END
START -2764 -21936 32767 -1424 4822 9492 END
START 920 -23648 32767 2620 -8872 6978 END
START 3444 -21892 25408 3379 -21371 5021 END
START 4124 -20836 11444 1341 -28155 3714 END
START 3124 -22644 -3352 -416 -27626 1491 END
START 2524 -23996 -12496 127 -23642 -2400 END
START 2048 -24100 -19988 1622 -18164 -4356 END
START 2156 -22048 -22956 988 -10026 -6301 END
START 1584 -19304 -22620 -1290 -2837 -7747 END
START 1304 -15512 -19880 -1359 3158 -7750 END
START 312 -12296 -16096 72 7811 -6003 END
START -420 -9580 -11792 527 9905 -3736 END
START -716 -8168 -8656 -1994 11150 992 END
START -1028 -8144 -6204 -3604 11925 3821 END
START -684 -7504 -4076 -3820 13464 5577 END
START -508 -7076 -2180 -7127 13755 5180 END
START -1760 -3648 -892 -11650 14192 6562 END
START -3308 -4660 1920 -12513 14123 12763 END
START -4968 -7888 7376 -640 13337 17064 END
START -5472 -9140 12288 4596 8726 18072 END
START -5868 -10752 14376 1258 4175 16704 END
START -6892 -9920 13672 -3462 2371 14736 END
START -8120 -11148 14796 -5572 -971 19551 END
START -9148 -15944 16468 -871 -3995 26557 END
START -10788 -21444 18408 1765 -9044 27132 END
START -10800 -28548 18008 1049 -15325 22945 END
START -10536 -30684 16048 1658 -20816 17972 END
START -10620 -32028 12352 -1233 -27780 14525 END
START -9760 -32768 1792 -3561 -32768 9897 END
START -8544 -32768 -11344 165 -30651 3108 END
START -7868 -32768 -16296 7212 -23269 -3872 END
START -6956 -32768 -16064 13758 -17827 -7264 END
START -7060 -30432 -17028 10821 -14828 -9104 END
START -7192 -27896 -18672 2365 -12149 -12149 END
START -7608 -24676 -21020 -2875 -7728 -13232 END
START -7536 -22036 -20976 -1323 -293 -13671 END
START -7352 -20728 -20500 -587 6231 -12707 END
START -7372 -21812 -18080 1117 12935 -13500 END
START -7384 -22420 -15688 3006 20117 -14348 END
START -8448 -25180 -10504 1937 25917 -17491 END
START -8968 -25584 -2900 -4234 27724 -21204 END
START -9644 -26356 3136 -14146 27662 -25381 END
START -10720 -26224 8724 -16792 27443 -27435 END
START -10096 -24440 13032 -10616 26241 -26319 END
START -10072 -19912 15188 -3445 23156 -26586 END