START -156 -23176 -16924 -7088 2682 -1531 END
START -4144 -19632 -23156 -5961 7139 118 END
START -3160 -17872 -24152 -2857 14511 1197 END
START -1944 -16156 -20740 -2280 21266 1500 END
START -3580 -14968 -12224 448 25758 1755 END
START -4244 -12908 -1868 -774 26636 3581 END
START -4880 -15312 6960 -4554 27861 4917 END
START -4696 -16812 16848 -6438 24637 4099 END
START -1624 -15868 23856 -6826 17807 3622 END
START 1020 -15728 27032 -4493 8174 3705 END
START 3676 -14840 22936 -3293 4258 2580 END
START 3536 -13580 19792 -5713 -1192 932 END
START 4536 -13180 16372 -3415 -6947 -402 END
START 4320 -12568 11820 -1421 -10853 -115 END
START 2632 -14296 9020 -703 -12278 -215 END
START 1008 -15344 6808 -1373 -14236 -728 END
START 892 -15448 3288 323 -15948 -669 END
START 904 -14276 884 35 -16312 177 END
START -12 -16404 -1996 121 -17097 796 END
START -976 -17048 -4076 2412 -16539 132 END
START -1568 -16184 -7996 184 -14812 12 END
START -1800 -16944 -10712 1483 -11394 -872 END
START -1356 -15340 -11552 2469 -8786 -1660 END
START -1528 -13596 -12912 5278 -5161 -1748 END
START -1684 -12048 -14864 4017 -2288 -998 END
START -1872 -10088 -15408 746 2194 736 END
START -3244 -9512 -12708 2825 6548 4017 END
START -3508 -9572 -7404 7353 7286 5027 END
START -3572 -8372 -2188 7594 6853 7421 END
START -4620 -6252 1440 654 7576 10471 END
START -4104 -8052 4144 -10623 7056 16935 END
START -4548 -9640 5712 -7366 3186 19062 END
START -4636 -10244 6412 -1835 -1684 21968 END
START -6532 -14660 7132 5033 -3138 25193 END
START -7984 -19212 10124 3941 -5443 24366 END
START -7792 -23964 9996 -795 -11668 21019 END
START -8180 -28972 9352 4547 -15222 17383 END
START -9100 -29996 6528 8217 -18426 14691 END
START -8444 -32768 260 442 -19882 9638 END
START -9164 -32768 -3448 -2561 -18798 3150 END
START -9828 -32768 -6260 -179 -18629 -2652 END
START -9788 -32224 -9680 -1158 -16693 -5886 END
START -10212 -29492 -11488 -5114 -13097 -10484 END
START -10600 -25968 -12420 -7151 -9483 -13566 END
START -10768 -21840 -10820 -6137 -6037 -15469 END
START -10372 -18336 -10148 -6900 -3211 -15488 END
START -9564 -14328 -9240 -8306 335 -14494 END
START -9212 -13124 -8740 -8451 3695 -13085 END
START -8732 -11900 -7948 -4985 6099 -11534 END
START -8700 -10536 -8052 -2122 8046 -8508 END
START -8080 -10128 -10688 -3214 11957 -5904 END
START -7900 -10520 -13140 -5021 16817 -5476 END
START -7940 -10704 -15884 -4312 21839 -3932 END
START -8372 -11956 -17664 320 28164 -2871 END
START -8504 -11612 -14124 3841 32767 -2879 END
START -9368 -12488 -8000 3360 32767 -1297 END
START -11612 -16580 1920 4647 32767 795 END
START -13704 -21556 14388 5418 32767 -2597 END