START -5808 -9900 -25192 -4104 7455 48 END
START -5672 -11072 -26904 -2113 12693 1703 END
START -5420 -10328 -23688 -73 20195 2947 END
START -4964 -9804 -15652 438 25780 4466 END
START -2964 -9936 -5848 -3284 26094 6407 END
START -2184 -11408 1748 -7837 24800 9909 END
START -1892 -16188 11824 -608 21854 12713 END
START -1104 -20928 21964 11196 19511 10702 END
START 1336 -21416 32767 4819 14188 5264 END
START 4876 -19352 32767 -7658 4272 1621 END
START 7800 -15336 32624 -4732 -7557 110 END
START 7720 -10588 24044 -2133 -17733 1193 END
START 5072 -10900 14316 -5379 -23110 2064 END
START 2028 -13432 8176 -6319 -25643 1556 END
START -180 -16964 1768 -2178 -28728 292 END
START -2532 -19540 -6024 3058 -28324 -471 END
START -3428 -21104 -15048 580 -25025 -1248 END
START -3104 -21056 -21516 -2966 -18816 -2836 END
START -2992 -19720 -24084 -2599 -12542 -5145 END
START -3972 -17976 -25580 988 -7739 -5109 END
START -4000 -15832 -27044 -133 -1880 -4088 END
START -4212 -14508 -25788 -2192 4553 -3423 END
START -4256 -12780 -21856 -553 8921 -2858 END
START -3828 -9352 -17856 -2154 10734 -623 END
START -2896 -8800 -15632 -4822 14180 3043 END
START -3224 -8468 -13340 -3981 18336 4861 END
START -3524 -8208 -9200 -3367 19922 4729 END
START -2744 -7752 -5504 -4589 18829 2169 END
START -2184 -4712 -1872 -3993 16600 436 END
START -2824 -836 2024 -1719 15551 5239 END
START -2476 -6124 8764 2479 15879 12576 END
START -2976 -11764 16172 -223 12702 12201 END
START -3388 -15708 18060 -4284 6331 11317 END
START -2688 -17820 16680 -356 1244 9715 END
START -1880 -15364 14520 574 -2750 13883 END
START -1288 -17504 13324 -2112 -7815 13089 END
START -1984 -17768 11060 1337 -10755 11017 END
START -3308 -20480 10752 8654 -11599 12091 END
START -4572 -21960 8948 7255 -14985 12129 END
START -5176 -24008 7212 5384 -17616 12250 END
START -5088 -26704 5460 5499 -19282 12322 END
START -5652 -30736 484 3331 -21559 9995 END
START -5624 -32768 -5784 1907 -23420 6189 END
START -4748 -32768 -9584 6457 -18301 1743 END
START -4524 -32768 -7880 11924 -15016 -2642 END
START -4860 -32056 -10792 5986 -18355 -3516 END
START -4408 -32768 -19444 -1039 -15844 -7266 END
START -4792 -32768 -20824 5729 -8511 -13066 END
START -4628 -27592 -18468 7488 -5129 -14840 END
START -4260 -24736 -17776 598 -3241 -12385 END
START -5140 -24304 -16620 -6664 -595 -11901 END
START -5212 -23448 -14272 -7981 1617 -17686 END
START -5448 -16864 -11652 -8478 2986 -18498 END
START -4676 -15200 -12444 -12146 6393 -12678 END
START -5020 -14936 -11224 -12173 10807 -9766 END
START -5100 -14988 -8900 -12772 13756 -11513 END
START -5948 -13340 -8912 -12480 14980 -13320 END
START -5736 -6856 -10548 -15179 18259 -10112 END
START -6068 -4700 -11052 -18426 21509 -4180 END
START -6228 -2004 -10796 -15575 25801 1800 END
START -6472 -1468 -7192 -9646 29938 7482 END
START -6684 -6348 -912 -1928 31162 12619 END