START -2968 4524 -11680 642 23667 5637 END
START -3340 5892 -2340 -1537 25718 12226 END
START -452 3552 12960 -6061 22591 18231 END
START -3164 -9128 32767 -4537 12579 25553 END
START -9668 -31424 32767 12387 -2154 26826 END
START -6112 -32768 32767 5541 -14272 18524 END
START -192 -32768 25956 -4543 -23631 8687 END
START 1428 -32768 1912 3249 -27597 3423 END
START 1228 -31320 -18872 3117 -24831 -2017 END
START 868 -25516 -26412 616 -15601 -7954 END
START 504 -19820 -26788 -1223 -7747 -10433 END
START 704 -15164 -26292 1269 -937 -9693 END
START 652 -10652 -23448 2203 6170 -7621 END
START 504 -6444 -19352 1126 11818 -5080 END
START -324 -4808 -13812 409 16006 -2636 END
START -2656 -2176 -8060 -849 17966 3239 END
START -3596 -2628 -1608 -965 17608 7891 END
START -4336 -4660 3736 -663 16352 11000 END
START -3988 -5676 7836 -3639 14034 12294 END
START -5820 -4668 12008 -6133 10751 15382 END
START -5076 -4996 14080 -8589 6805 20647 END
START -5808 -6848 17320 -7066 2781 22017 END
START -7572 -11392 18432 -4744 -3977 22581 END
START -11048 -12688 16756 -408 -10507 24769 END
START -11760 -18308 15560 -1525 -15927 26807 END
START -12736 -24028 14956 -4904 -21045 25108 END
START -14168 -29520 12680 -3768 -26192 20610 END
START -14296 -32768 10016 1456 -31946 15119 END
START -14900 -32768 1796 -2809 -32768 11857 END
START -12452 -32768 -11792 -8801 -32768 3998 END
START -8868 -32768 -24072 -875 -27951 -6218 END
START -8476 -32768 -22856 9280 -18918 -14702 END
START -8448 -30732 -20516 6474 -13052 -16620 END
START -9600 -26236 -15708 661 -8218 -18187 END
START -11240 -22132 -14908 -1569 -4599 -18035 END
START -10756 -18640 -14500 -612 709 -18320 END
START -10256 -13464 -13636 -4155 5139 -16280 END
START -9456 -11248 -12784 -7068 8948 -12196 END
START -8320 -10320 -10828 -4919 13714 -8248 END
START -7824 -9148 -8704 -3907 15615 -3696 END
START -7036 -12336 -7276 -2383 17993 -1013 END
START -5828 -15628 -7692 -3407 21007 -674 END
START -5760 -20136 -9560 -6328 26537 -897 END
START -6832 -24676 -5928 -5453 30636 -3568 END
START -6104 -28556 -1124 -4605 31236 -8368 END
START -7272 -28736 2912 -8759 31042 -14089 END
START -9376 -31104 7088 -14382 31841 -19076 END
START -8848 -31976 10176 -13927 32767 -23149 END