START 3036 -8984 -21296 1172 10249 1430 END
START 1996 -4744 -21044 3850 17694 3756 END
START 1212 -1736 -17984 4283 25067 6299 END
START 4 -1600 -10192 5992 30067 10789 END
START -676 -3116 2680 11290 29418 14135 END
START 1408 -8360 17812 8247 21560 17365 END
START -84 -20296 26728 1296 7906 18631 END
START -2488 -32768 29924 3685 -2142 14946 END
START -144 -32768 25964 2498 -12760 8449 END
START 4164 -31320 13728 -2845 -19671 1918 END
START 4952 -25548 -292 -3845 -21778 -3368 END
START 4404 -20972 -11744 -3669 -20737 -5109 END
START 4144 -18064 -18752 -3384 -15199 -7567 END
START 3728 -15204 -21952 -1892 -8644 -7964 END
START 3288 -12216 -23440 -1491 -1218 -7169 END
START 2852 -10280 -21544 -1025 5386 -5580 END
START 2108 -6888 -18088 1878 10552 -3527 END
START 1112 -4620 -13192 3990 13970 -1421 END
START 432 -2796 -8420 3241 15385 2102 END
START -824 -1844 -4228 -719 15471 7895 END
START -1640 -3872 -760 -3997 15044 12538 END
START -3540 -6872 3356 -3203 13776 14807 END
START -4188 -9516 7388 -1641 10187 16182 END
START -4384 -7112 8460 -6956 7411 18059 END
START -5328 -8664 8744 -16396 5249 23067 END
START -7428 -14916 12064 -13760 1074 24081 END
START -8044 -21284 15500 4165 -6339 23754 END
START -8444 -23072 15564 13801 -11854 21848 END
START -8296 -22368 14452 2450 -14765 20781 END
START -8304 -28400 12800 -3426 -18846 18742 END
START -7424 -30980 10424 5804 -24828 14407 END
START -7996 -31516 6028 9312 -29104 9821 END
START -7984 -32768 164 6815 -32640 5652 END
START -8188 -32768 -13996 -751 -32768 2481 END
START -7268 -32768 -23936 -1865 -26121 -4019 END
START -6668 -32768 -23372 9072 -18483 -9968 END
START -6188 -29096 -18936 11638 -13441 -13960 END
START -7600 -25448 -13928 5589 -10118 -15549 END
START -8580 -23108 -10820 1097 -7045 -16205 END
START -8776 -19192 -10324 -3528 -3193 -15790 END
START -7412 -16504 -8520 -7852 -435 -15240 END
START -6624 -13708 -9144 -9471 2498 -13169 END
START -5656 -12748 -10308 -9199 7178 -10039 END
START -5384 -14288 -9276 -5355 11650 -7095 END
START -4892 -15028 -9712 -5361 13839 -6145 END
START -3788 -16436 -12244 -8515 17667 -4600 END
START -4496 -20092 -11984 -7791 25732 -6692 END
START -5332 -21132 -6900 -7705 29196 -8320 END
START -5248 -23408 -1792 -9402 29038 -9783 END
START -6040 -22048 1628 -11105 28890 -11010 END
START -5668 -20788 5524 -9755 29354 -11110 END
START -5456 -17180 9800 -7307 28370 -9244 END