START 904 -3552 -18900 -5038 18676 -4632 END
START -236 588 -13460 -3699 23323 872 END
START -2032 1656 -7600 981 25355 7484 END
START -3712 2468 1336 6739 24099 11578 END
START -1516 276 14028 6530 20636 15489 END
START -1664 -7396 27340 4840 12840 20144 END
START -2828 -19368 32767 8193 476 23452 END
START -296 -30392 32767 8962 -10633 19970 END
START 1940 -32124 24844 3511 -21456 14391 END
START 2744 -32768 7700 1865 -28281 8462 END
START 2012 -31988 -9868 1811 -27388 3531 END
START 1700 -30656 -21892 -1586 -19766 -2538 END
START 1128 -28772 -27636 -1597 -11601 -7131 END
START 736 -23956 -28256 2247 -2855 -10501 END
START 316 -16996 -24428 2276 5353 -11374 END
START -96 -10716 -20352 -421 11357 -8599 END
START -1016 -7016 -13548 -456 15138 -5182 END
START -1880 -4560 -8864 -610 16091 -1042 END
START -2384 -4196 -4512 -478 17511 1392 END
START -3224 -2344 -600 -6706 18240 6131 END
START -3940 -3496 3040 -14767 16170 10666 END
START -4992 -6596 6076 -12149 10941 13854 END
START -5696 -8896 9844 1620 7313 16155 END
START -5200 -5728 13416 2374 5084 17434 END
START -5344 -7080 16036 -11773 1530 19060 END
START -6956 -14132 20832 -6398 -4357 20282 END
START -6824 -16176 20992 8746 -9042 20976 END
START -7452 -17560 19712 5321 -11944 21576 END
START -8004 -24112 18704 -1024 -16621 19848 END
START -10100 -29532 16380 1999 -24357 16186 END
START -11292 -32768 8704 3418 -32575 13514 END
START -10232 -32768 -6896 -1716 -32768 9279 END
START -7224 -32768 -17968 -3420 -30170 173 END
START -5352 -32768 -24412 1737 -23236 -6074 END
START -4716 -31024 -25176 4723 -14659 -8635 END
START -5600 -26312 -24632 2477 -7144 -9576 END
START -6488 -23932 -20716 4066 107 -10526 END
START -8016 -18388 -16204 5027 3533 -11151 END
START -7828 -15872 -14032 2302 5603 -9849 END
START -6980 -14816 -13460 -356 10268 -6932 END
START -6284 -15812 -12792 -2374 14663 -5047 END
START -6076 -18184 -11948 -2349 18063 -4061 END
START -5160 -21128 -11036 -1007 20526 -2973 END
START -5100 -24828 -10000 -2470 24552 -3816 END
START -6332 -30016 -4696 -4320 28233 -7382 END
START -9204 -32768 1772 -7812 28290 -12714 END
START -8536 -32768 5452 -9328 23937 -21394 END
START -10224 -32768 6220 -903 22142 -25221 END
START -10412 -26992 9648 3616 22151 -29891 END
START -9576 -20560 12676 -7584 18515 -32723 END