START 68 -8016 -20012 -2671 6296 443 END
START 392 -3380 -21444 -3923 14641 2775 END
START -532 -1524 -19140 -2639 20610 6396 END
START -2796 -3588 -12192 7429 23782 9404 END
START -3068 -7068 704 14796 23703 11536 END
START -248 -10812 14304 10126 20182 13289 END
START 2512 -17652 23728 -614 13382 14862 END
START 5860 -25748 31492 2938 5868 12649 END
START 7108 -28568 32767 9067 -7956 8382 END
START 8216 -27224 20852 4107 -20479 5435 END
START 6488 -27092 2208 -902 -23218 1671 END
START 4208 -26428 -10140 -2559 -20364 -2888 END
START 2104 -23436 -17104 -2546 -16577 -6291 END
START 1364 -21352 -20368 -1785 -11806 -7077 END
START 812 -18756 -21884 -1406 -5539 -8261 END
START 324 -14096 -20668 -2666 99 -7407 END
START -268 -10312 -18452 -3947 5938 -6584 END
START -548 -7556 -14932 -2534 9715 -4774 END
START -380 -5116 -10228 -1878 10791 -1762 END
START -368 -3876 -7452 -4122 11267 2932 END
START -624 -4428 -5096 -3286 11544 6902 END
START -1012 -5152 -2612 -1124 11521 8521 END
START -1044 -5236 640 -842 10241 8575 END
START -1880 -2524 2128 -4287 9106 11138 END
START -3352 -988 2732 -8208 7996 17471 END
START -5268 -4820 4984 -3482 6970 22987 END
START -6336 -8284 8708 6189 5863 23374 END
START -6168 -10244 11528 5824 5190 22344 END
START -6852 -10636 14492 508 4357 22866 END
START -9296 -14552 16256 -2432 -187 27607 END
START -9300 -21104 17676 7470 -6716 27969 END
START -10788 -23652 15824 10588 -10876 26216 END
START -12236 -28576 14808 2290 -16497 23247 END
START -13252 -32768 10444 2742 -23372 19757 END
START -13436 -32768 4748 8335 -26271 14501 END
START -12136 -32768 696 7497 -27522 7583 END
START -10808 -32768 -7364 3599 -28004 1470 END
START -10336 -32768 -14724 4159 -25488 -5481 END
START -9744 -32768 -17752 3942 -20462 -12279 END
START -9688 -32768 -17504 1790 -15637 -15349 END
START -10300 -30156 -16132 -371 -11720 -18236 END
START -10504 -25980 -15388 -2863 -6556 -19377 END
START -10184 -21568 -11196 -5423 -2723 -19310 END
START -9664 -17280 -8932 -7795 -348 -18497 END
START -8552 -14000 -8752 -8575 3441 -15914 END
START -7472 -13916 -7856 -6838 8294 -12974 END
START -6384 -13172 -6720 -6584 11832 -12073 END
START -4644 -13936 -6140 -8166 13629 -10863 END
START -3420 -13476 -8912 -13525 17188 -6933 END
START -3120 -18536 -10832 -14440 24977 -6952 END
START -4012 -20824 -5560 -7031 31534 -9641 END
START -6400 -21852 3544 -7109 32316 -9916 END
START -7008 -23068 11144 -12053 30195 -14475 END
START -6364 -22616 16532 -13504 24472 -19893 END