START -1336 -12644 -11400 -5030 -1943 739 END
START -2300 -14584 -17852 -4200 -183 2322 END
START -4092 -15708 -24332 1047 6277 1320 END
START -6264 -14684 -29868 896 12424 1253 END
START -6076 -15076 -28504 1529 21435 1595 END
START -5396 -13948 -20732 -737 28691 3180 END
START -4780 -13728 -7392 -3630 32012 4773 END
START -5216 -13588 6880 -6660 28863 8018 END
START -3088 -17472 18132 -3579 21487 10663 END
START 552 -20032 23984 -2266 16618 9427 END
START 2652 -22776 30056 -6212 12968 5433 END
START 4844 -20824 30328 -7368 4755 1404 END
START 7372 -17592 26172 -4025 -4254 -332 END
START 8384 -14004 17968 -1798 -11080 -1117 END
START 6588 -12476 10556 -2802 -14421 -1030 END
START 3744 -13888 5376 -2710 -15715 -1556 END
START 1536 -14624 3648 -454 -16890 -2242 END
START 20 -16752 1528 573 -19708 -1990 END
START -808 -15488 -2624 -994 -20769 -1501 END
START -1512 -16552 -8508 -3232 -19234 -2062 END
START -2324 -17256 -14496 -980 -16557 -2515 END
START -2544 -17260 -17592 610 -12928 -3130 END
START -2152 -16052 -19712 -2198 -10439 -3273 END
START -2364 -14812 -25108 -6328 -6253 -1895 END
START -2652 -14540 -28376 -6455 1714 -1885 END
START -3444 -12412 -26372 -805 7456 -1511 END
START -3216 -10512 -20996 1754 12213 -932 END
START -3676 -8240 -15644 294 16469 666 END
START -3828 -6248 -10012 -785 18896 3216 END
START -3964 -5052 -5184 -216 18942 6509 END
START -3484 -4764 -384 960 16411 7798 END
START -2956 -4196 3316 1848 14461 9490 END
START -2788 -4572 6196 -22 12807 11291 END
START -3368 -5124 7896 -5339 11839 13440 END
START -4112 -7524 10136 -9302 9839 14050 END
START -5940 -14784 13700 -424 4832 13815 END
START -6032 -17712 15400 12283 1409 14315 END
START -5952 -18256 17488 2896 -4705 15476 END
START -4996 -19852 15644 -9180 -11282 15062 END
START -4840 -25592 12872 -700 -15124 13597 END
START -5584 -27268 10632 9538 -17031 12153 END
START -5624 -27236 9140 4999 -19353 13119 END
START -5524 -32236 6416 221 -23123 11121 END
START -5464 -32768 -372 1008 -27516 5551 END
START -5240 -32768 -7052 3451 -26114 932 END
START -5560 -32768 -9840 5180 -22425 -2895 END
START -6576 -32768 -12404 4315 -21652 -6572 END
START -7708 -32768 -17632 549 -21700 -12165 END
START -8928 -32768 -21544 -3471 -16956 -16333 END
START -9668 -28556 -22804 -4214 -11587 -17571 END
START -10144 -23488 -23032 -4007 -6563 -16441 END
START -10236 -20244 -22108 -4456 -879 -15590 END
START -10216 -16352 -19660 -3099 6259 -15749 END
START -9628 -10652 -18284 -7467 10800 -10936 END
START -9324 -10004 -17960 -13191 13940 -4515 END
START -9224 -10116 -17412 -9675 15802 -2224 END
START -9516 -9264 -18588 -3912 23528 875 END
START -10280 -11916 -16572 -2892 32578 1255 END
START -10620 -15036 -15664 -4473 32767 -1574 END
START -11632 -16724 -12932 693 32767 -1484 END
START -11652 -16888 -4432 9281 32767 3579 END