START -3756 -16684 -22904 1407 5058 879 END
START -1960 -15408 -25764 -3304 12179 1214 END
START -1760 -14616 -23140 -8424 20102 2250 END
START -2564 -16184 -17096 -3151 25141 2570 END
START -2768 -15688 -7924 4214 25791 2560 END
START -2360 -12352 276 780 23571 4984 END
START -2248 -14672 7484 -3950 20212 6559 END
START -1388 -14952 12036 -6617 18959 7182 END
START -792 -15764 16820 -7920 16487 5962 END
START 104 -17012 20480 -4305 10308 4441 END
START 2244 -13952 20908 -1932 3889 3014 END
START 4872 -12796 19880 -1517 915 2078 END
START 5404 -9788 18512 -1253 -4910 1840 END
START 5740 -10228 16172 135 -10469 2171 END
START 5276 -12024 13132 2761 -15126 3416 END
START 3992 -15928 9956 4278 -18367 3875 END
START 2180 -18524 5252 3398 -22794 3823 END
START 1448 -22748 -3448 -941 -26278 3487 END
START -544 -24876 -13100 -1265 -22749 1097 END
START -2156 -24140 -18172 -1000 -16517 -1638 END
START -3260 -21316 -19480 668 -11248 -3494 END
START -3344 -18276 -18888 -1713 -8687 -4318 END
START -4108 -16544 -17624 1254 -6130 -2933 END
START -4044 -13668 -18928 759 -3194 -1077 END
START -4028 -13192 -19496 -5212 -156 731 END
START -4320 -12860 -19996 -4791 4921 2459 END
START -4660 -10232 -18216 -1939 10671 3433 END
START -4272 -8496 -14324 -2761 14153 4623 END
START -3900 -6688 -11032 -3710 17560 7056 END
START -4656 -5520 -6504 -3681 19610 9365 END
START -5196 -6228 -1996 219 18717 11993 END
START -5348 -7232 2164 4453 17478 13475 END
START -5880 -6652 5564 4506 14149 15051 END
START -6124 -10696 7808 7050 10745 15922 END
START -6272 -12016 8944 10904 10068 14882 END
START -6436 -14332 11916 8020 9370 14511 END
START -7996 -17592 14856 9309 5777 14111 END
START -7132 -19384 17540 10322 443 14378 END
START -6768 -19576 17024 5978 -5295 13300 END
START -6928 -21136 14440 3617 -9601 13265 END
START -6740 -22688 12028 3360 -13933 11943 END
START -7028 -23620 9436 3656 -17686 10562 END
START -7540 -25156 5812 3742 -20948 9220 END
START -8268 -26928 2928 1052 -22519 7345 END
START -8540 -28464 -80 -704 -21817 4697 END
START -7948 -29592 -2600 1980 -21982 1085 END
START -7184 -29080 -4760 3218 -20439 -2949 END
START -7460 -26924 -4636 656 -19042 -5553 END
START -7108 -25600 -6432 -6119 -19553 -7088 END
START -8012 -24224 -8380 -8825 -18717 -9186 END
START -8208 -22076 -10452 -7535 -16135 -10435 END
START -8784 -19760 -11144 -5880 -11933 -11273 END
START -8368 -18116 -11420 -6670 -7823 -11417 END
START -8344 -16688 -12264 -7195 -3193 -11364 END
START -8700 -15424 -11680 -7381 1517 -10262 END
START -8880 -14696 -11404 -7652 4231 -9321 END
START -8652 -14988 -12672 -4706 7294 -6727 END
START -8136 -15820 -13096 -2414 14334 -5888 END
START -8356 -15992 -11792 -6749 17394 -5949 END
START -7400 -18668 -11224 -7606 20243 -5846 END
START -6656 -17692 -10148 -4524 22196 -5411 END
START -7084 -16768 -9148 -6052 26559 -5582 END
START -7228 -16628 -7028 -10192 28875 -4248 END
START -6760 -15148 -4276 -7013 30996 -3747 END
START -5852 -12164 876 -2899 31158 -3118 END
START -5912 -8408 6936 -4953 30576 -395 END
START -8100 -13384 14928 -9426 29565 3652 END
START -9632 -22544 24200 -1882 22613 916 END