START -432 -236 -16852 -2813 18215 -2500 END
START -1332 4984 -12384 -3759 22026 2875 END
START -1584 6952 -6064 -6036 21405 8095 END
START -1960 6840 1308 -1509 20349 16510 END
START -2960 4172 12808 4077 17026 22586 END
START -3712 -7240 27448 3545 10741 27396 END
START -5920 -26784 32767 11126 -2174 27245 END
START -3688 -32768 32767 11304 -14466 21410 END
START 1932 -32768 21076 1528 -21722 12064 END
START 6472 -32768 -284 1206 -24048 3224 END
START 6400 -32300 -16936 1182 -21935 -2993 END
START 3492 -24916 -26804 -343 -14360 -6728 END
START 1428 -20504 -29228 -2249 -7738 -7423 END
START 356 -15216 -26568 1013 -1031 -7398 END
START -140 -9328 -21772 2557 4337 -4351 END
START -1880 -5864 -15892 839 9295 -711 END
START -2584 -4256 -9468 -3247 12235 2579 END
START -3256 -4300 -4740 -7125 12089 5328 END
START -3572 -3704 -1248 -6838 11871 8627 END
START -2844 -3912 2032 -6740 9689 13614 END
START -2572 -4204 5332 -6430 8232 16264 END
START -3532 -8080 10012 -3371 5197 16756 END
START -5044 -9204 14228 142 603 17417 END
START -7076 -12724 15916 -1606 -3783 24237 END
START -6112 -21524 19368 -127 -8249 23035 END
START -6768 -25012 18724 408 -14554 19533 END
START -6272 -28444 17372 2051 -19681 13800 END
START -8244 -30236 14172 2992 -25732 11886 END
START -8216 -32768 8112 -3786 -31304 9059 END
START -11108 -32768 -4732 -8596 -32768 1243 END
START -11232 -32768 -22976 -2971 -31045 -7616 END
START -8236 -32768 -32768 -2241 -22008 -12490 END
START -8024 -28728 -32768 1183 -12118 -14564 END
START -8636 -24848 -32768 4506 -3525 -15172 END
START -10112 -17748 -29460 2759 4521 -14094 END
START -10040 -15028 -24032 2265 12143 -12910 END
START -10692 -11184 -19784 4544 17003 -10337 END
START -9204 -10320 -16836 1892 21235 -6387 END
START -7576 -14328 -14164 -3686 23951 -4176 END
START -7372 -18180 -13088 -3325 28972 -5200 END
START -6516 -22572 -8520 -5035 31473 -6959 END
START -7684 -26696 -4276 -6763 31732 -9515 END
START -8388 -31668 496 -6811 31079 -13723 END
START -9316 -31452 3708 -6352 28454 -18167 END
START -8412 -29236 2112 -5815 28662 -21769 END
START -8072 -24308 -480 -8688 31197 -25428 END
START -8388 -20296 1468 -4718 32767 -27872 END
START -8444 -12112 6400 810 32767 -26020 END