START -612 5576 -13764 1643 19241 8332 END
START -240 5772 -4476 7467 19868 14394 END
START 996 4848 6436 11421 19099 20705 END
START 1064 -2724 20696 12429 13069 25686 END
START -3512 -23580 32767 15491 -519 27641 END
START -4756 -32768 32556 12735 -11169 20831 END
START -380 -32768 20116 2334 -19135 10889 END
START 2848 -32768 1524 -13 -24815 3458 END
START 1904 -32768 -13384 -610 -22632 -2760 END
START 160 -26048 -23572 -3002 -17110 -8007 END
START -180 -19896 -28244 -2976 -9584 -10138 END
START -8 -14804 -27528 -723 -1282 -10652 END
START 572 -8540 -23704 1063 6090 -7890 END
START 316 -4600 -18872 -478 11295 -3908 END
START -680 -2568 -14532 -1635 15539 761 END
START -2360 -2792 -7992 -2393 16656 4796 END
START -3408 -4108 -2108 1197 15046 9676 END
START -4084 -5632 3000 2189 11421 13660 END
START -4288 -6288 2756 -2798 10138 15892 END
START -5220 -6848 3656 -7779 10903 15635 END
START -6968 -8476 6860 -1703 9827 17592 END
START -6860 -7864 9832 8106 8633 19202 END
START -5688 -7064 13992 9123 6390 20174 END
START -6556 -6016 15116 2331 3228 19178 END
START -10168 -9660 17656 1140 -968 24484 END
START -10560 -18908 21008 10867 -6843 28963 END
START -11440 -25796 21712 8299 -12624 27510 END
START -12216 -32768 22072 816 -18397 20462 END
START -10256 -32768 14520 4684 -27953 13268 END
START -7804 -32768 1664 8311 -30369 8564 END
START -6904 -32768 -7884 2493 -28667 533 END
START -8872 -32768 -10348 3435 -26174 -7026 END
START -10132 -32768 -12424 3393 -25562 -10704 END
START -11264 -29648 -15816 -4417 -22562 -12709 END
START -11508 -25420 -17844 -8419 -15658 -14305 END
START -11188 -19248 -17440 -8651 -9428 -14006 END
START -10704 -15956 -16520 -6943 -2939 -11710 END
START -10516 -14312 -14400 -4073 4251 -8832 END
START -9728 -12556 -9424 -5000 9410 -6788 END
START -8252 -12972 -7588 -8647 10998 -4553 END
START -7540 -13828 -7188 -10246 12995 -2507 END
START -6252 -16892 -9524 -9708 17382 -1507 END
START -5360 -18576 -10148 -4421 24933 -2384 END
START -6104 -19512 -9188 -6148 30878 -1962 END
START -6524 -24448 -7444 -11794 32767 -4213 END
START -8136 -25556 -2048 -4995 32767 -6173 END