START -464 1372 -17908 -5409 23407 4494 END
START -2520 6320 -12680 -1286 27406 10875 END
START -2576 4148 -3948 1391 25442 16032 END
START -3448 3264 4844 3785 22410 21686 END
START -2408 -3636 17204 219 16274 24884 END
START -2788 -14724 30496 6046 7721 26394 END
START -6788 -25876 32767 11773 -3546 25782 END
START -5916 -32768 32767 3645 -15230 20874 END
START -1496 -32768 25660 -1703 -24772 11357 END
START 2080 -32768 3800 2862 -29690 3366 END
START 2332 -32512 -16424 2977 -28608 -749 END
START 2108 -29280 -29964 -710 -18968 -5931 END
START 1056 -24492 -31860 -2974 -9464 -9722 END
START 980 -19540 -29652 -807 -2606 -10680 END
START 928 -12944 -26636 1483 4653 -7736 END
START -296 -8848 -21804 2748 10503 -4111 END
START -1164 -5700 -14748 303 12925 -1695 END
START -1940 -4160 -9960 -5896 14278 2176 END
START -3140 -4668 -5388 -11953 16229 5494 END
START -3376 -7164 -424 -10947 15208 9761 END
START -2524 -8392 3792 -3913 13088 12792 END
START -2212 -9156 7808 -634 10327 14090 END
START -1900 -7196 10732 -3084 10182 14441 END
START -3620 -8420 14284 -11422 8141 19721 END
START -3724 -14420 20944 1378 3819 20476 END
START -4180 -16004 24996 7014 -5238 20682 END
START -5244 -17516 22368 996 -12072 17049 END
START -7808 -18444 17480 -7969 -19008 18385 END
START -8832 -24168 14380 1743 -24338 17089 END
START -10664 -28928 9392 4313 -30939 15328 END
START -12796 -32768 -2004 -2318 -32768 10911 END
START -11792 -32768 -13644 -5184 -32768 3712 END
START -9200 -32768 -20880 -1183 -28228 -3105 END
START -8056 -32768 -26096 4392 -21151 -9256 END
START -7760 -32768 -25008 3735 -13703 -14460 END
START -9236 -29364 -20580 -645 -8806 -16942 END
START -9716 -23696 -16244 -5189 -5655 -19145 END
START -10376 -18784 -14932 -7300 -855 -18733 END
START -9420 -13652 -14160 -10346 2184 -14991 END
START -8056 -12396 -15544 -11359 7298 -12271 END
START -7888 -13496 -15964 -8440 13367 -9516 END
START -7816 -12124 -13328 206 18551 -11293 END
START -4748 -12444 -12420 -5484 20719 -8494 END
START -3332 -11364 -10672 -7218 24723 -7435 END
START -2672 -13700 -11004 -8454 29774 -5818 END
START -4248 -16528 -8616 -4807 32767 -5313 END
START -6444 -24480 -3920 -254 32767 -8407 END
START -8668 -30380 2884 3586 32767 -13982 END
START -10276 -29584 7080 2938 32767 -20237 END
START -9260 -24632 10792 -481 32767 -22485 END