START -6300 -12076 -18016 -2472 8215 115 END
START -4960 -13472 -19060 -4164 10615 2455 END
START -4260 -12996 -20048 -4209 14923 3985 END
START -3636 -12152 -21240 -5533 19294 4635 END
START -4040 -11076 -20040 -5740 24704 6713 END
START -4872 -11792 -14016 -3235 29002 8749 END
START -5116 -13616 -5088 1491 27835 8522 END
START -4304 -12560 2972 2327 23181 8107 END
START -3500 -11704 8180 -3165 21482 10663 END
START -3368 -16680 16436 -2795 21659 13242 END
START -2000 -22080 24808 -4279 17351 10993 END
START -576 -24016 30496 -5335 8564 5824 END
START 3104 -20080 29716 -1791 -1999 2132 END
START 6480 -15568 25312 811 -10759 70 END
START 5044 -12132 19688 420 -16989 609 END
START 2612 -11384 14800 -2446 -21305 1457 END
START 380 -14056 9192 -3623 -24999 2190 END
START -2456 -16800 4772 -2158 -29036 1014 END
START -4332 -19632 -3308 -1514 -30664 -520 END
START -5520 -21116 -10600 1662 -29019 -1300 END
START -5896 -21908 -15736 2965 -25076 -2778 END
START -5944 -22660 -21504 693 -20837 -4539 END
START -6512 -22168 -24108 946 -14881 -6514 END
START -6972 -19448 -24852 3317 -9195 -7382 END
START -6088 -16212 -22552 2084 -4272 -5742 END
START -4668 -13492 -20532 -4761 -17 -2552 END
START -4836 -12752 -18616 -7980 2144 -385 END
START -4632 -11744 -18376 -1793 5148 1090 END
START -4896 -9508 -15764 -182 9110 2635 END
START -4996 -8976 -13400 -3078 11140 4871 END
START -4636 -7636 -12156 -3993 15173 6500 END
START -4920 -4732 -9932 -2969 18869 8485 END
START -4824 -4076 -5912 -1940 20549 11722 END
START -5268 -4276 -1572 -582 20265 15796 END
START -6044 -7408 3180 5789 19051 17010 END
START -6108 -7912 7208 8708 16332 16672 END
START -5724 -7188 8220 -1266 13140 17010 END
START -8464 -10296 10020 -5802 11806 20091 END
START -9648 -19224 16128 7466 7385 22148 END
START -8728 -23480 20684 10212 1528 18764 END
START -7652 -24832 20996 3072 -5336 14162 END
START -7504 -23808 19664 2335 -12847 10536 END
START -6464 -22288 15320 3768 -19643 9950 END
START -7888 -22564 10340 2448 -24499 9029 END
START -11168 -24896 5952 439 -27032 8052 END
START -12228 -28392 388 2868 -28295 5049 END
START -12448 -29880 -6680 3308 -29005 1947 END
START -12020 -29656 -12296 2092 -25227 -2192 END
START -12592 -30768 -14888 3528 -21295 -5640 END
START -12432 -30424 -17424 6119 -17009 -9006 END
START -12000 -27920 -18148 4702 -12672 -11531 END
START -11664 -24708 -18000 2263 -7366 -12665 END
START -11336 -22196 -16492 -2717 -4296 -13275 END
START -10792 -20388 -15020 -3367 -781 -14517 END
START -10456 -18268 -14288 -2983 3279 -13061 END
START -10004 -17720 -13540 -2075 7161 -8919 END
START -9424 -18308 -11676 2458 11772 -5662 END
START -8360 -19612 -9956 4599 15934 -5663 END
START -8308 -18700 -7928 -1358 19315 -8215 END
START -7940 -19108 -7116 -9158 23095 -10323 END
START -8000 -19856 -5516 -10157 25716 -10517 END
START -8992 -18980 -4632 -6667 25767 -12338 END
START -8860 -17004 -4264 -3767 27775 -12514 END
START -9412 -14808 4 -946 30871 -13452 END
START -9068 -12740 4880 -25 29635 -12237 END
START -9256 -11180 11668 5562 26674 -10270 END