START 2208 -19820 -14528 -6198 3220 -2755 END
START 1608 -18400 -17556 -5204 7261 -5106 END
START 1124 -14792 -18876 -557 11801 -6371 END
START 364 -9024 -17120 573 17172 -5792 END
START -268 -4764 -13132 -2440 21449 -2898 END
START -1532 -3944 -5268 228 22587 1045 END
START -1396 -3884 4468 8997 19644 5078 END
START 496 -4400 15540 5123 13624 7739 END
START 2092 -8812 22728 -3680 9872 12077 END
START 2896 -17608 31404 838 2552 13118 END
START 4064 -21508 32767 6635 -9096 10627 END
START 6636 -21792 25840 -1451 -17979 9086 END
START 5640 -24320 10008 -6881 -22326 6140 END
START 3376 -25816 -6360 -7222 -23321 2361 END
START 1016 -25908 -19236 -5855 -18569 -1577 END
START -540 -24028 -24464 -4566 -11191 -5068 END
START -1668 -20992 -24740 -1592 -3905 -7180 END
START -1428 -15768 -22872 -251 2357 -7547 END
START -1124 -11588 -18404 -1909 7815 -6859 END
START -1020 -8196 -12580 -1307 11304 -5367 END
START -1116 -4680 -7304 -667 12469 -708 END
START -672 -4548 -2976 -1805 12613 4194 END
START -700 -5236 -844 -2553 13151 8288 END
START -1120 -5136 1392 -3614 12962 9490 END
START -1356 -3916 2528 -3667 11332 13189 END
START -1148 -4568 4328 -3041 10548 17775 END
START -2892 -7716 8168 2180 8480 19937 END
START -3660 -10924 12436 8223 5427 18987 END
START -4012 -10072 15156 4205 3304 17454 END
START -4828 -9920 16412 -6846 335 21906 END
START -5656 -17304 15884 -2791 -4259 24365 END
START -7200 -21140 16432 13036 -8645 23712 END
START -7764 -23644 16984 10556 -13001 20591 END
START -8764 -27224 14836 3942 -16398 18250 END
START -9780 -32768 9612 5692 -20268 17332 END
START -9792 -32768 2496 9542 -23856 11936 END
START -10116 -32768 -4176 8831 -23553 5098 END
START -10816 -32768 -12320 4810 -22402 -1277 END
START -10344 -32768 -17236 3134 -18472 -8126 END
START -10872 -32768 -19340 2121 -13183 -13599 END
START -9980 -30124 -20328 -4503 -7489 -15925 END
START -9788 -26296 -18048 -4964 -416 -17306 END
START -9804 -21980 -14100 -809 5071 -17541 END
START -8844 -18444 -11148 -3333 8864 -17846 END
START -8200 -19728 -11708 -9470 14388 -17438 END
START -7980 -19396 -9456 -11305 20048 -18935 END
START -7572 -18576 -6020 -10618 24335 -20434 END
START -6972 -16604 -176 -10232 28440 -20180 END
START -8240 -16168 7604 -15679 30507 -18636 END