START 908 560 -21832 278 15570 -4632 END
START -948 3824 -18496 2469 22705 1652 END
START -2048 2252 -8036 5599 24418 6617 END
START -1716 2728 3500 7889 22743 11823 END
START -288 -2784 18740 7255 16556 16943 END
START 1576 -12552 32020 4897 5189 20556 END
START 1300 -27488 32767 1701 -5766 19019 END
START 3660 -32768 27696 -2408 -16694 12108 END
START 5708 -32768 9132 -2578 -23577 4298 END
START 4700 -31440 -8036 -3265 -22174 -2207 END
START 3332 -27952 -18216 -2496 -17359 -7607 END
START 2284 -22640 -23724 -1836 -11848 -9639 END
START 1160 -17896 -25028 -1713 -5020 -10454 END
START 556 -13340 -23984 -1569 49 -9281 END
START 400 -8916 -22724 -1239 6219 -6874 END
START -784 -5308 -18840 -2136 12756 -4929 END
START -1724 -2816 -12752 -4517 15956 -1387 END
START -2752 -2028 -6388 -4182 15362 2024 END
START -3300 -1920 -1040 88 12748 5387 END
START -3160 -1028 2628 565 10854 7908 END
START -3276 -132 5764 -6788 9656 10678 END
START -4048 1368 7448 -11972 6972 15705 END
START -5120 -2568 10056 -6457 4104 22118 END
START -5808 -6568 13308 3474 1654 24559 END
START -6264 -11140 19156 6388 -472 24827 END
START -6876 -16972 22588 5459 -4911 25576 END
START -6404 -22792 22604 9967 -9983 24910 END
START -5716 -26804 19188 13204 -14919 23423 END
START -5636 -29648 14912 13821 -16495 19673 END
START -6552 -32768 8920 9143 -20669 17639 END
START -7096 -32768 -1308 6654 -23140 13042 END
START -8728 -32768 -8756 9804 -21229 9036 END
START -9320 -32768 -13772 6821 -16291 3436 END
START -8932 -32768 -14500 4831 -13627 -4139 END
START -7784 -32756 -15416 3728 -11086 -7424 END
START -7716 -27828 -16668 2013 -7673 -8550 END
START -7820 -23584 -17688 -2204 -4242 -7499 END
START -7732 -22612 -18312 -2812 84 -6809 END
START -7580 -21488 -14772 1528 4721 -6930 END
START -7008 -20632 -10404 529 7311 -6082 END
START -6440 -22428 -5928 -1670 9142 -8192 END
START -6192 -23748 -3376 -5030 10622 -8535 END
START -6548 -25224 -4476 -5850 12978 -8136 END
START -6348 -26236 -3676 -4004 14823 -10337 END
START -6800 -26608 -3976 -2829 16700 -13492 END
START -7204 -25156 -2908 -3227 19763 -18840 END
START -7492 -20856 832 -6183 21419 -21668 END
START -7440 -17440 4032 -9454 21550 -21790 END
START -6716 -13480 6896 -7517 21809 -21798 END
START -5856 -9488 10748 -3971 20686 -19688 END
START -4868 -7764 14864 -4722 17135 -16052 END