START 40 2456 -15152 6210 24005 4483 END
START -2112 5484 -8704 3551 28383 13661 END
START -3732 3884 4780 7623 26026 21275 END
START -248 -164 21428 10873 16995 26673 END
START -520 -13380 31920 6889 3825 32192 END
START -6280 -32768 31436 3075 -5556 28459 END
START -5428 -32768 28312 2052 -15508 19563 END
START 180 -32768 13880 4676 -23606 7613 END
START 3128 -32768 -2768 1999 -25370 -444 END
START 2044 -32120 -13948 -141 -22198 -5798 END
START 612 -26952 -20452 408 -17167 -10361 END
START 388 -20792 -22980 -2477 -10788 -12264 END
START -508 -16820 -23328 -5282 -4004 -11870 END
START -1396 -12572 -21844 -3244 2573 -11245 END
START -1548 -7152 -18868 -1531 8237 -7506 END
START -2504 -3860 -13916 -2202 11764 -3653 END
START -2688 -3052 -8880 -2945 14695 -233 END
START -3852 -2944 -3680 -6103 15691 4039 END
START -3612 -4256 332 -7143 14435 8129 END
START -3720 -3524 2296 -5412 13235 12500 END
START -3720 -4372 4960 -4378 12619 15760 END
START -3104 -5440 10456 -7095 10765 16574 END
START -3204 -8128 15640 -7717 5751 16445 END
START -5576 -13600 19032 4527 -495 20534 END
START -5672 -19432 20860 12385 -4703 24431 END
START -5980 -24204 21644 -1242 -10531 21318 END
START -6008 -32768 19836 1448 -17865 16941 END
START -5224 -31992 16336 11750 -22975 12459 END
START -5104 -32144 10356 6480 -28182 10017 END
START -6576 -32768 -2100 3799 -30977 5881 END
START -6748 -32768 -16596 5863 -27807 -87 END
START -5872 -32768 -24084 9381 -20876 -5393 END
START -5272 -29988 -25392 10562 -13611 -8186 END
START -5876 -26640 -23752 11352 -7020 -9387 END
START -7740 -22880 -18608 9895 -1920 -9986 END
START -8720 -17636 -12932 5814 115 -10429 END
START -7148 -15788 -9240 3544 2732 -8227 END
START -6656 -14524 -7272 2661 4981 -4516 END
START -6424 -14372 -6000 -579 8394 -2476 END
START -5632 -15744 -4836 -6828 11141 -2490 END
START -4004 -18060 -5148 -5825 14385 -1149 END
START -2524 -21672 -6848 -7847 17237 778 END
START -3616 -32768 -7224 -13713 22231 -3942 END
START -4724 -32768 -2948 -15832 26360 -10682 END
START -6408 -32768 1296 -9502 29985 -16383 END