START -5504 -12452 -26676 -6542 10676 3924 END
START -5388 -11640 -32112 3055 17457 3937 END
START -5808 -9780 -29728 7793 26300 4180 END
START -7888 -9448 -18064 7773 32767 6067 END
START -7836 -10956 -3280 2301 32767 8037 END
START -6912 -13148 9660 -2943 30952 10578 END
START -5676 -17672 22612 21 25660 11627 END
START -3644 -23056 32068 -83 17440 8873 END
START 320 -24252 32767 -3489 8434 3538 END
START 5148 -19480 31888 -3723 -828 46 END
START 7300 -15304 24412 -2755 -9592 -1662 END
START 6296 -12432 15948 -2658 -15648 -1516 END
START 3480 -12504 10128 -1269 -19553 -1071 END
START 972 -13908 6360 1464 -21157 -546 END
START -20 -17028 3440 2612 -22406 -498 END
START -960 -18284 -1048 -70 -24066 -1398 END
START -1840 -18948 -7624 -2048 -23531 -1630 END
START -2788 -21004 -15292 877 -22357 -2204 END
START -2428 -19968 -21460 744 -15715 -3492 END
START -3344 -19236 -22688 -303 -10575 -3778 END
START -4188 -18624 -23800 1346 -6572 -3708 END
START -4668 -18248 -23576 384 -1670 -3508 END
START -4732 -16468 -22708 -924 3315 -2792 END
START -4076 -14088 -21184 -2745 7575 -1314 END
START -3412 -12456 -19004 -2976 11139 131 END
START -3460 -11948 -16992 -2557 14860 2175 END
START -3532 -10292 -14488 -3598 18746 3585 END
START -2952 -8232 -11144 -4471 21285 4636 END
START -2820 -6260 -7440 -5096 22313 6085 END
START -4220 -6116 -560 -259 20886 10250 END
START -3552 -8272 6476 6173 16468 12317 END
START -3596 -11036 10272 1794 12524 12147 END
START -3504 -12688 12828 -4894 9051 10958 END
START -2840 -12644 11856 -7938 7909 13827 END
START -2160 -17932 13668 -7194 5568 14852 END
START -2456 -19724 15292 -3918 1201 11548 END
START -2524 -19088 16216 777 -3156 7750 END
START -3660 -16060 16760 3165 -7542 7350 END
START -3732 -14980 15264 2874 -13075 8120 END
START -4356 -14920 12464 1302 -17867 9209 END
START -5000 -17612 9452 178 -20761 9174 END
START -6576 -22664 4572 1616 -22659 7381 END
START -7292 -27348 -860 7552 -22521 4598 END
START -6760 -29256 -3768 9679 -21507 2441 END
START -7016 -31592 -6732 7123 -20977 -779 END
START -7900 -32768 -10224 6850 -19081 -5151 END
START -8520 -32524 -14008 8945 -16178 -8732 END
START -8200 -28628 -17152 5164 -14851 -9874 END
START -8532 -25856 -20644 1655 -11673 -10749 END
START -9124 -23572 -25216 -446 -5591 -9876 END
START -8840 -22616 -25160 -352 760 -11402 END
START -8920 -20100 -23008 -355 6102 -11783 END
START -8396 -17564 -20696 -2889 11065 -11341 END
START -8092 -15760 -16960 -5174 16417 -8771 END
START -7184 -16536 -10744 -3096 19109 -7921 END
START -6016 -17284 -6984 -4870 18625 -7159 END
START -5788 -20332 -6108 -7373 21293 -6537 END
START -6192 -22192 -3892 -9964 23408 -6831 END
START -6220 -23592 -3600 -6657 24434 -8485 END
START -5768 -21036 -2048 -4690 26078 -10285 END
START -5108 -17060 3156 -2918 27623 -11438 END
START -3440 -12196 9376 -2200 25739 -10713 END