START 2720 -884 -8956 1611 18145 6494 END
START 2388 -1208 -5752 927 17774 10963 END
START 800 -2728 -2472 3139 17771 16275 END
START -96 -5912 2164 8082 17759 19785 END
START -628 -8716 9872 9173 15622 20826 END
START 104 -13684 16776 1915 8447 21601 END
START -1328 -19456 20012 -4015 -145 22038 END
START -1948 -26772 20716 855 -6974 19634 END
START -3000 -32768 20756 9369 -17220 16439 END
START -1180 -32768 15860 6052 -25404 10764 END
START 544 -32248 5700 -3808 -30763 4020 END
START 1168 -30148 -8700 -4411 -32377 -1591 END
START 584 -24592 -23260 -5271 -26324 -5565 END
START 964 -20488 -29508 -7102 -15929 -8751 END
START 608 -15516 -28572 -5736 -6589 -9720 END
START 488 -11812 -25548 -2192 567 -7661 END
START -492 -7408 -22308 1502 7743 -5343 END
START -360 -4604 -17116 784 12004 -1264 END
START -1192 -3456 -12612 -642 15177 3090 END
START -2264 -4568 -7404 -2181 15766 7282 END
START -3464 -6996 -3592 -2605 15622 10446 END
START -4412 -8468 828 -6490 14300 13248 END
START -4384 -9764 4924 -10624 12252 14817 END
START -5652 -13656 10272 -9051 7034 17557 END
START -5080 -18852 14160 2400 -445 19010 END
START -4184 -20284 14308 3505 -7982 18769 END
START -3860 -24612 11652 -3231 -11326 16135 END
START -3972 -28476 11688 -1507 -15208 11976 END
START -2436 -29644 10336 7569 -21143 7698 END
START -1096 -28128 7656 12170 -26444 3913 END
START -1956 -27432 1172 7817 -27472 751 END
START -2508 -28992 -4444 1885 -28343 -3942 END
START -3468 -28672 -11160 2515 -27962 -9310 END
START -4280 -25768 -16332 3730 -23982 -12525 END
START -4776 -23256 -20660 264 -18351 -13519 END
START -5712 -21344 -23996 -3661 -10251 -14387 END
START -7096 -19668 -25184 -3524 -992 -13643 END
START -8016 -17076 -22984 1851 7681 -12806 END
START -7836 -14840 -20028 5151 13824 -11115 END
START -8324 -14860 -18424 6088 20710 -9489 END
START -8616 -14512 -14604 3789 25635 -9187 END
START -7420 -14604 -12904 -4120 28137 -8295 END
START -6956 -17516 -11160 -10606 32114 -7007 END
START -6952 -20580 -7876 -9500 32767 -7260 END
START -6736 -24068 -2576 -4319 32767 -8905 END
START -6404 -25548 2720 -4828 32767 -10607 END
START -6000 -26400 6088 -13023 32292 -13851 END
START -4876 -24508 8848 -14696 29768 -17146 END
START -3504 -21044 9624 -8764 24522 -18201 END
START -1944 -15664 10064 -4664 20583 -17874 END
START -576 -13252 10516 -5446 18679 -16977 END
START 860 -10500 11572 -6552 16675 -15743 END