START -5084 -14480 -28636 -6486 15743 4991 END
START -4828 -13724 -25968 1051 25116 5403 END
START -3896 -13184 -18016 3720 31538 9023 END
START -5152 -15268 -7940 -4435 32767 8960 END
START -7052 -17184 3972 -11930 30476 9061 END
START -6692 -20080 12600 -5691 24392 11408 END
START -5688 -21112 17184 1341 26713 8982 END
START -5152 -23336 25320 -9476 21572 4574 END
START -2956 -22296 26600 -11017 11381 396 END
START 280 -17948 25496 -1021 1936 -1476 END
START 2708 -12424 21680 1379 -4155 -2064 END
START 2508 -9900 18648 -824 -9041 -1217 END
START 1148 -9800 16012 -661 -14326 -439 END
START -1156 -9708 13660 435 -18347 1127 END
START -3440 -11624 11280 -656 -22275 3088 END
START -5084 -15616 7436 2413 -26557 3972 END
START -5752 -16672 2828 5019 -28700 4390 END
START -6744 -18056 -4068 1919 -31281 4454 END
START -7028 -21760 -13572 2863 -28883 3890 END
START -6828 -23632 -21044 4211 -23243 2622 END
START -6840 -24920 -26952 2953 -17722 1047 END
START -5852 -24556 -32260 2277 -10229 -376 END
START -5500 -21804 -32408 1583 -30 -1836 END
START -5648 -19400 -27268 2227 8453 -2167 END
START -5740 -17104 -21168 412 12874 -1826 END
START -5616 -15128 -15304 -1863 15615 -354 END
START -5440 -12248 -12064 -4956 17203 1354 END
START -5088 -9416 -9752 -8230 20105 3276 END
START -5388 -6776 -6172 -10010 23340 5521 END
START -6088 -7064 -932 -6366 24254 8594 END
START -6064 -6636 3828 -3599 22233 9920 END
START -6400 -7120 8180 -2265 18664 9401 END
START -6548 -4464 11624 -1209 13767 10238 END
START -7216 -8400 14480 349 12905 12250 END
START -8036 -13436 20432 3394 9797 10215 END
START -8208 -13184 21212 -3836 -321 9133 END
START -8660 -17148 18124 -12720 -11137 12350 END
START -8436 -25380 15552 -1070 -14541 12634 END
START -8880 -28132 14912 4750 -18864 9443 END
START -8868 -29452 12332 659 -25195 5951 END
START -8888 -30032 7892 184 -32021 2827 END
START -10596 -30436 -764 167 -32768 304 END
START -10820 -32768 -10572 354 -32768 -3887 END
START -10704 -32768 -17680 6131 -28441 -9713 END
START -10604 -32768 -19416 9894 -21376 -15004 END
START -11584 -31960 -17364 7861 -18542 -18795 END
START -11560 -27724 -19492 1407 -16372 -19383 END
START -10656 -23600 -21016 -2864 -12030 -17364 END
START -10348 -20248 -20384 -2657 -4288 -16961 END
START -9120 -15132 -17940 -3334 441 -15013 END
START -8216 -12856 -17060 -6973 5644 -11026 END
START -7248 -11184 -16284 -9952 10613 -7074 END
START -6972 -10976 -15852 -10843 15813 -3737 END
START -6424 -12200 -14596 -7351 21601 -1770 END
START -6304 -15112 -11012 -5994 27789 -3203 END
START -6224 -14196 -5964 -6859 31292 -4964 END
START -6052 -14100 -1764 -12620 32007 -2819 END
START -5464 -14656 3392 -15013 30519 -2092 END
START -3992 -12972 6428 -8563 29895 -1151 END
START -4148 -14588 12108 -99 29692 889 END