START 1948 -432 -13980 -3288 13607 3146 END
START -732 1488 -10860 -4360 17903 8513 END
START -960 3696 -3056 -1506 19060 13077 END
START -1868 3012 4872 -1369 17631 19920 END
START -3188 -4964 17676 3552 13955 23824 END
START -3392 -19128 32200 12883 4832 26339 END
START -2340 -30804 32767 4543 -6659 22332 END
START -116 -32768 28076 2866 -17558 14202 END
START 3760 -32768 7936 5991 -23588 7364 END
START 3980 -31948 -10284 2631 -21502 1413 END
START 2168 -29048 -20760 838 -16901 -3418 END
START 1072 -24056 -26288 2340 -11827 -6369 END
START 404 -19072 -27368 2854 -4833 -8043 END
START 584 -13732 -24912 3762 2264 -7132 END
START -524 -8772 -19592 2143 8283 -5030 END
START -2072 -5152 -14704 268 13379 -1705 END
START -2856 -1156 -8468 -5023 16299 2212 END
START -4192 -604 -3096 -7815 16054 6816 END
START -5240 -428 1980 -4103 14311 12847 END
START -5096 -1868 8100 1537 11196 16779 END
START -5588 -724 12456 1234 5642 20343 END
START -4364 -2408 14976 -3799 2000 22781 END
START -8044 -8084 16912 -898 1713 23192 END
START -10700 -17060 22384 6346 -2497 27623 END
START -12180 -26720 24452 -235 -10791 25002 END
START -13384 -32768 24572 4283 -18318 21307 END
START -11624 -32768 20668 11598 -24109 18118 END
START -10056 -32768 13248 5280 -29065 13058 END
START -9360 -32768 -2276 5118 -31085 7786 END
START -6824 -32768 -16540 11210 -26549 1271 END
START -6040 -32768 -23836 11526 -20073 -4646 END
START -5288 -32768 -24004 14459 -12403 -8571 END
START -6368 -32768 -19896 17117 -6081 -11885 END
START -9144 -27084 -14864 11084 -4038 -14295 END
START -10776 -20740 -11496 1101 -2227 -14627 END
START -9596 -18828 -10504 -1318 482 -13201 END
START -8840 -17560 -10068 196 5006 -11366 END
START -9672 -15556 -7068 -4945 9946 -11512 END
START -8344 -15492 -4656 -8980 13637 -9724 END
START -5796 -17264 -5568 -10598 16498 -8649 END
START -4344 -21244 -7552 -10378 21101 -9314 END
START -5320 -25424 -3652 -9053 26926 -12689 END
START -6804 -29692 2688 -13582 31131 -14476 END
START -9536 -29444 10504 -13069 31360 -18579 END