START -4656 -11800 -9560 -2151 -3853 -190 END
START -3940 -15940 -15160 32 -2629 730 END
START -4256 -17184 -23116 1598 4328 26 END
START -5484 -19988 -29048 -6475 11299 -723 END
START -6532 -23124 -32616 -7432 17721 -3623 END
START -7652 -20384 -28152 4702 26491 -4896 END
START -8200 -14264 -16436 11504 32767 -5525 END
START -5028 -8352 -2584 1426 32767 -2159 END
START -3784 -7688 12568 -10673 31678 2032 END
START -3868 -10276 24476 -3946 23389 5037 END
START -1708 -10964 30192 281 11946 5923 END
START -108 -12452 29524 -8164 6189 6027 END
START 864 -14172 28356 -9835 150 4367 END
START 1776 -11532 24320 -4182 -9780 2438 END
START 3072 -7724 17432 -2275 -15140 3059 END
START 1860 -7208 14248 -3787 -18174 4578 END
START -832 -8840 11148 -4714 -22259 5501 END
START -3424 -9700 5800 -4105 -27072 6368 END
START -3984 -13016 272 -1458 -27378 7794 END
START -5256 -15668 -3240 2351 -25722 7580 END
START -7760 -18524 -5776 4562 -25712 6797 END
START -8456 -22584 -12816 4202 -24470 5819 END
START -8144 -25148 -19956 2921 -19326 4366 END
START -8580 -25928 -24448 6769 -11630 2123 END
START -9404 -26396 -27588 8466 -6389 -353 END
START -9620 -26384 -28264 6419 -779 -2504 END
START -9260 -25472 -27440 5681 4256 -3881 END
START -8576 -22400 -25052 2582 9043 -4456 END
START -8012 -20096 -21476 -1741 13995 -4617 END
START -7852 -17820 -17408 -3565 16456 -4892 END
START -7816 -15860 -15284 -3426 19747 -3858 END
START -7800 -12540 -13256 -3827 25300 -2708 END
START -7372 -9084 -8720 -8179 27439 -1784 END
START -6256 -5492 -4992 -8498 27958 1105 END
START -7468 -3092 -104 -4071 26163 7092 END
START -6584 -5024 5488 4499 22847 10792 END
START -6452 -3876 9332 684 20770 12809 END
START -7212 -6488 13660 -9865 21096 12722 END
START -8956 -7556 17640 -14256 13909 17384 END
START -9344 -17120 23344 985 6305 18715 END
START -8684 -18008 25980 4781 -2503 17751 END
START -7004 -18356 23568 -6229 -9674 14324 END
START -6584 -17836 21364 -3233 -16235 10865 END
START -6344 -14948 16336 2368 -21512 10834 END
START -7068 -16880 11424 1653 -25035 10698 END
START -10136 -19760 6056 1025 -28463 10140 END
START -10976 -23420 -100 293 -28392 9050 END
START -12608 -26556 -2828 -1254 -27766 5683 END
START -14328 -30940 -6324 548 -28796 1703 END
START -14804 -32768 -16044 2584 -26066 -2522 END
START -14148 -32768 -19772 3493 -18314 -8231 END
START -13228 -32768 -16532 7950 -13014 -13418 END
START -13332 -29060 -14620 5076 -12656 -15973 END
START -13744 -26920 -17620 -4311 -11442 -16810 END
START -13364 -25640 -19396 -7268 -6702 -18455 END
START -11928 -21836 -18180 -6251 -1369 -19942 END
START -11008 -18064 -16052 -6406 2705 -18415 END
START -10168 -16364 -14612 -8227 7028 -16342 END
START -9248 -15152 -12952 -11366 10446 -15446 END
START -8176 -14052 -11000 -11962 13588 -14184 END
START -6968 -12924 -10052 -12146 16685 -11939 END
START -5936 -12160 -9052 -12984 19401 -9211 END
START -4908 -11752 -8660 -13145 23682 -8471 END
START -5184 -10976 -4856 -12721 26784 -7417 END
START -4788 -8888 120 -9405 28168 -5195 END
START -5092 -9104 6784 -8408 26472 -611 END