START 1020 -4856 -25800 -580 10231 2580 END
START 156 -6044 -27652 -1208 16136 4986 END
START -168 -5444 -25656 1129 22252 6845 END
START 380 -5588 -20692 1562 27125 9452 END
START -196 -7376 -11632 -1351 29962 11448 END
START -1468 -13256 -96 -3793 26317 12858 END
START -2336 -19524 8984 4468 18549 14542 END
START -1536 -24928 15416 5095 15113 11789 END
START 364 -26824 21204 -4583 12539 6354 END
START 2872 -27096 23688 -3167 5791 1963 END
START 7124 -20700 22764 -401 -3038 -1186 END
START 8456 -15532 19572 -1245 -10202 -2430 END
START 6760 -12956 14988 -637 -15122 -1490 END
START 4212 -13228 11016 -650 -19565 -1208 END
START 2620 -14324 6444 311 -24209 -1088 END
START 2132 -15380 -916 371 -27095 -1037 END
START 2568 -16504 -9524 -177 -26271 -1421 END
START 2032 -17612 -17400 15 -23418 -1660 END
START 2512 -18616 -25136 1170 -18765 -3229 END
START 2776 -17928 -29700 1430 -11050 -3696 END
START 2344 -17056 -30616 -367 -2190 -4561 END
START 1352 -14940 -28400 -218 4626 -5687 END
START 1036 -12392 -23692 1958 7027 -5355 END
START 1520 -8296 -19084 940 10105 -1893 END
START 1264 -7412 -14156 -1800 12762 1235 END
START 856 -6972 -10636 -1666 13343 3616 END
START 776 -6176 -6760 -133 13157 5617 END
START 376 -4952 -3872 -2310 13510 8081 END
START 248 -4400 -1472 -5973 14363 10416 END
START -776 -3932 844 -7732 14744 13979 END
START -2304 -5836 5720 -3730 11501 15133 END
START -3008 -7020 9108 1177 6852 16083 END
START -4896 -6972 11808 743 3303 20711 END
START -6160 -11644 14240 -5845 1587 24584 END
START -7140 -17620 16052 -2981 -3595 22973 END
START -7748 -21248 17840 7256 -8941 21163 END
START -8828 -24360 19240 5653 -13615 19885 END
START -9000 -28004 15696 2077 -19995 17703 END
START -8164 -31412 8744 5519 -25665 14215 END
START -8392 -32768 1588 8269 -27434 10409 END
START -8532 -32768 -6900 6932 -28538 5262 END
START -7424 -32768 -17148 3943 -27556 -462 END
START -7056 -32768 -24428 5392 -23412 -6701 END
START -6324 -32768 -25840 5662 -16787 -11207 END
START -6680 -30264 -24956 2160 -11904 -14265 END
START -6620 -25648 -25840 -3122 -7672 -16382 END
START -6776 -21556 -26080 -3155 -2022 -16942 END
START -6972 -18108 -22504 382 4352 -17044 END
START -6196 -14792 -17448 -1999 8388 -15644 END
START -5484 -15632 -15252 -5870 11033 -13115 END
START -5212 -16440 -13604 -4254 14028 -11515 END
START -4276 -17076 -11268 -5186 18698 -11399 END
START -2756 -17288 -8080 -12181 19716 -11428 END
START -1976 -18200 -8480 -16905 21488 -10857 END
START -1988 -20460 -9008 -12892 24871 -9695 END
START -2376 -20268 -7452 -9657 27769 -10064 END
START -3456 -17964 -2824 -7267 28385 -10264 END
START -3884 -14852 3360 -7609 26061 -9081 END
START -5184 -13528 5724 -6887 24956 -7770 END
START -6440 -15188 13008 -1555 22962 -8016 END