START -2220 -3504 -19732 -1439 20797 -747 END
START -4476 -8 -15492 3629 25818 3348 END
START -2604 156 -6840 5532 27724 6543 END
START -1188 1848 296 -1895 26636 12669 END
START -996 -1084 10316 -5990 23402 18505 END
START -1520 -8848 23328 -88 13094 24214 END
START -2572 -22232 32356 13315 710 24951 END
START -2204 -32428 32767 6115 -4687 19991 END
START 244 -32768 32767 -5044 -15247 12279 END
START 4020 -32768 20064 803 -26387 4520 END
START 2960 -31196 1388 1220 -30237 236 END
START -276 -29840 -12120 -5466 -28282 -4619 END
START -3068 -26512 -22168 -5126 -23155 -9084 END
START -3588 -22264 -27972 -2773 -15466 -12518 END
START -4000 -16420 -28468 -3243 -7792 -13676 END
START -2792 -13216 -26904 -1730 -331 -12072 END
START -2540 -8900 -23620 99 7496 -10159 END
START -3440 -5636 -17752 -1163 11831 -9076 END
START -3756 -2800 -13400 -3742 14989 -5701 END
START -3540 -1924 -8728 -5360 18169 958 END
START -4280 -3392 -3264 -1950 17680 6177 END
START -3208 -4952 1528 -221 13844 9296 END
START -2612 -5152 3792 -4389 12642 9431 END
START -3816 -1340 6448 -12186 12279 9941 END
START -4232 -4992 11216 -11873 7411 21706 END
START -4964 -14024 18060 11105 3880 26072 END
START -4864 -15128 20388 9694 -1339 25461 END
START -5160 -21384 20528 -8683 -6621 23729 END
START -5620 -27856 20348 702 -13512 21017 END
START -4876 -29504 17716 13690 -17907 17965 END
START -4600 -30304 14024 12087 -21068 14846 END
START -4232 -32624 8620 9265 -25869 10592 END
START -4852 -32768 -1768 9446 -28948 6362 END
START -5820 -32768 -10736 7464 -27428 1711 END
START -5968 -32768 -14696 6599 -23806 -4127 END
START -6532 -32768 -19220 4768 -21066 -9141 END
START -7364 -32768 -22176 2489 -15525 -13014 END
START -8328 -29384 -19812 1940 -8748 -15664 END
START -9384 -23172 -16600 -1160 -5060 -16821 END
START -9104 -19560 -14816 -4050 -709 -14987 END
START -8660 -14544 -13240 -6913 4139 -11944 END
START -8040 -12684 -12568 -10055 8939 -8160 END
START -7556 -13792 -11792 -6845 13590 -4849 END
START -6744 -16052 -10384 105 18967 -4018 END
START -4888 -17532 -9588 -4271 21282 -5298 END
START -3920 -20736 -8836 -12307 24588 -8372 END
START -3932 -23216 -6700 -15910 29279 -9360 END
START -3312 -25812 -3652 -13000 32767 -8855 END