START -1000 -11968 -18044 -2494 5278 -2423 END
START -3692 -12880 -20636 477 9673 -2944 END
START -4948 -11644 -22196 3356 10754 -2111 END
START -4292 -12812 -21744 6067 15899 -1178 END
START -3704 -12716 -17972 7985 20851 -336 END
START -3892 -11716 -11408 2240 21570 908 END
START -3600 -12088 -3908 -4223 23234 4765 END
START -3632 -17416 5192 -2412 23212 6061 END
START -2484 -18536 15696 2119 23099 3597 END
START 1108 -17900 23172 -3503 19496 1452 END
START 3920 -17356 29704 -5688 13515 -369 END
START 7084 -13108 31708 -2030 3476 -1224 END
START 9276 -9224 25988 -1996 -6274 -307 END
START 8808 -7768 18632 -5167 -12499 1737 END
START 6848 -8752 12132 -6536 -16346 3277 END
START 4064 -10684 7244 -6320 -19567 4001 END
START 1660 -12940 3312 -3101 -21457 3594 END
START -1272 -15524 756 1127 -21490 3455 END
START -1692 -19188 -564 3150 -20174 2539 END
START -2844 -20660 -1020 1798 -21536 1320 END
START -1960 -22044 -8440 1570 -22352 655 END
START -1608 -21832 -11964 1313 -18009 -1270 END
START -2280 -19492 -13972 490 -14984 -2510 END
START -1900 -19092 -21212 -2366 -14604 -3399 END
START -2048 -16052 -26828 -2742 -7756 -3307 END
START -2644 -15376 -27776 1843 1430 -2502 END
START -3200 -12616 -25216 4455 7871 -2513 END
START -3008 -10892 -20140 1193 12417 -1619 END
START -3196 -10060 -14380 855 15139 -393 END
START -3788 -8408 -9888 255 17536 2841 END
START -4276 -7404 -5792 -2237 18402 7094 END
START -3284 -7368 -2804 -5240 16488 9844 END
START -2632 -8016 -1136 -5937 15725 11401 END
START -2688 -8308 768 -1887 16288 11256 END
START -2560 -6256 3508 -2627 16463 11222 END
START -3132 -5856 5332 -10222 17906 11060 END
START -4848 -7496 9756 -20339 14666 10984 END
START -6248 -16724 14776 -4243 5929 15782 END
START -6176 -19716 17872 20076 3022 18909 END
START -6120 -18692 18876 2169 -5820 16489 END
START -5956 -22464 15736 -16751 -14843 13390 END
START -5048 -24608 11872 -8405 -20056 11239 END
START -4952 -26832 8596 7325 -22133 14130 END
START -6388 -31764 7188 12129 -22438 12930 END
START -7800 -32768 4396 546 -27499 6702 END
START -7432 -32768 -5232 -5289 -32768 -91 END
START -6192 -32768 -14880 4410 -28118 -6835 END
START -7488 -32768 -17972 8981 -20793 -10127 END
START -7644 -32768 -17904 7039 -16501 -12038 END
START -9320 -30108 -16556 2181 -13964 -13379 END
START -10560 -29188 -18764 -1533 -12934 -16084 END
START -10284 -23988 -21240 -1742 -8076 -17269 END
START -8932 -17940 -20760 -6554 -2157 -12589 END
START -8908 -16360 -20544 -8664 5040 -9662 END
START -8392 -13984 -18308 -7743 11804 -8077 END
START -7644 -12640 -17572 -9028 16834 -658 END
START -8924 -13236 -16436 -7442 23807 2089 END
START -7536 -12184 -12348 -9401 24050 4877 END
START -7448 -11800 -10188 -10053 24212 7378 END
START -5916 -13288 -11568 -8060 32767 6505 END
START -8140 -11420 -7348 -10642 32767 5452 END
START -9144 -20820 680 -1148 32767 2530 END
START -10452 -25404 3424 13303 27255 -1617 END
START -10984 -25660 6240 13296 27165 -8149 END