START -1324 7012 -13404 -1291 19072 7537 END
START -2756 5012 -3472 6777 20775 12517 END
START -1644 524 12920 5357 18235 17115 END
START -1236 -13052 28076 719 10530 19263 END
START -712 -31376 32767 10787 -2266 19899 END
START 8 -32768 32767 12497 -13532 15028 END
START 3744 -32768 16976 6126 -19485 7316 END
START 4000 -32768 -1572 2711 -21575 -137 END
START 2640 -27156 -15276 -1101 -20212 -3468 END
START 1548 -21808 -23476 -988 -14677 -6582 END
START 1412 -17728 -25924 -874 -7371 -7315 END
START 1284 -13904 -25148 -4 -147 -6044 END
START 1016 -10648 -22836 -576 5012 -5175 END
START 1332 -7504 -18728 2153 10569 -3100 END
START -212 -4416 -12160 2597 15730 -458 END
START -1944 -3684 -5904 -1646 16825 4416 END
START -2640 -5332 -64 -5848 15832 8762 END
START -3384 -7628 3664 -6076 13230 11027 END
START -2664 -6620 4568 -4457 11258 13029 END
START -3492 -2056 5252 -7836 10548 17734 END
START -4788 -6792 9448 -9801 8718 21194 END
START -6472 -10344 15328 -4495 4239 22645 END
START -7608 -14540 19584 2623 -2152 22862 END
START -8188 -17776 20984 1101 -7768 23875 END
START -9100 -23244 18604 -5264 -13761 23126 END
START -8792 -29012 16556 476 -19110 19665 END
START -9376 -31372 12312 1881 -22728 16062 END
START -11168 -32768 9444 -2447 -27273 11214 END
START -12072 -32768 1160 -2692 -32704 4624 END
START -11732 -32768 -11100 598 -32768 -1311 END
START -10736 -32768 -20564 -2607 -28912 -5132 END
START -9316 -29656 -24384 -1191 -21787 -10073 END
START -8576 -24572 -22416 1719 -14576 -13139 END
START -9304 -18052 -18020 1901 -8343 -13476 END
START -8956 -15508 -13156 -588 -4571 -12398 END
START -8288 -12284 -9560 -1084 -2427 -10749 END
START -7752 -10744 -7308 406 524 -8067 END
START -7032 -9764 -6020 1521 4626 -5813 END
START -6472 -9264 -4024 142 6407 -4293 END
START -5040 -9348 -4440 -915 7565 -2675 END
START -3436 -10844 -6804 -243 9312 1264 END
START -2876 -14820 -10420 2712 12163 3333 END
START -1632 -19860 -12644 2961 15368 2304 END
START -1372 -26656 -14696 -1592 19062 178 END
START -3492 -32440 -12368 -6183 23886 -3440 END
START -5248 -32768 -8416 -6434 25620 -8995 END
START -6336 -32768 -3080 -3694 25668 -15315 END
START -5892 -32688 1036 -4919 25582 -18919 END
START -6144 -31036 4100 -8640 24964 -20949 END
START -8240 -27540 5544 -6780 23870 -24209 END
START -9508 -23052 6736 -3609 22432 -24895 END
START -9592 -18996 7932 -1808 21188 -25271 END