START 844 -3792 -18884 1329 15453 -1459 END
START 412 -1084 -17536 -195 19565 1809 END
START 108 -8 -13196 1283 23750 7009 END
START -2332 -1420 -6360 8860 26961 12378 END
START -1960 -4232 5804 14595 26290 15410 END
START -232 -9564 16712 6838 18680 17841 END
START 784 -16532 21184 -1509 11031 18994 END
START -72 -26632 27092 2078 5516 17668 END
START 1976 -32768 32696 5067 -7666 10794 END
START 4396 -32768 25276 2590 -19657 3309 END
START 4492 -26600 12016 893 -26013 -1439 END
START 3760 -24092 -2800 -2623 -28879 -2980 END
START 1948 -21776 -15684 -2882 -25444 -6014 END
START 332 -18428 -22756 -4749 -19408 -8355 END
START 172 -15456 -28352 -5914 -11175 -8504 END
START 228 -12644 -28592 -4875 -2055 -7501 END
START -216 -8300 -25116 -1327 6070 -6324 END
START -560 -4432 -19152 1695 12195 -3720 END
START -756 -2240 -12412 1095 15333 515 END
START -1444 -2444 -6384 -344 16328 5900 END
START -2512 -3752 -1412 -477 14810 10315 END
START -2700 -6548 2276 -719 12670 12893 END
START -2968 -8308 4324 -2866 10811 13541 END
START -2968 -7164 6088 -5544 9016 14212 END
START -2936 -6868 6768 -9395 8054 18519 END
START -4792 -10152 8984 -13903 6218 22183 END
START -5996 -16496 10556 -11296 1167 22805 END
START -5980 -21344 12280 3359 -3137 21802 END
START -6048 -22132 13416 7531 -8580 21811 END
START -6288 -23508 12204 109 -14160 22154 END
START -6800 -28768 10760 -637 -19017 20765 END
START -6664 -32768 8412 7969 -24092 16389 END
START -6644 -32768 4152 10653 -28621 11450 END
START -6884 -32768 -1700 2435 -30700 5530 END
START -6948 -32768 -9444 -2340 -32768 -3352 END
START -7428 -32768 -20476 4700 -32184 -12727 END
START -7344 -32768 -28596 11546 -23783 -19092 END
START -6092 -30764 -27740 11702 -12018 -21787 END
START -6216 -27316 -21564 10260 -3077 -23053 END
START -7612 -23904 -14084 6241 1398 -22439 END
START -8744 -20728 -8780 3195 3251 -20899 END
START -8732 -15504 -7204 -4112 4153 -17629 END
START -8064 -13600 -7424 -9789 5451 -13553 END
START -7220 -13720 -9844 -8377 9635 -9036 END
START -6392 -13492 -13244 -9124 16517 -6437 END
START -5556 -13712 -13208 -10289 24024 -7075 END
START -5424 -15024 -11760 -11181 31325 -7086 END
START -5692 -16528 -8696 -13580 32767 -8002 END
START -6584 -19784 -2600 -16354 32767 -8727 END
START -7752 -23196 7504 -12530 32767 -10732 END
START -8420 -23344 15332 -5564 32767 -11140 END
START -9060 -23572 19660 -5400 32307 -12740 END