START -1452 -24676 -21792 -6685 10039 -7246 END
START -2204 -20520 -20904 -162 15963 -8826 END
START -2372 -14048 -17120 2453 21562 -8170 END
START -2612 -10120 -11564 808 24991 -6629 END
START -3148 -8084 -4848 2662 26523 -3702 END
START -3040 -4480 2084 2019 24219 11 END
START -1796 -2284 7740 -4426 20712 4901 END
START -1052 -4464 13772 -4722 17326 9494 END
START 924 -8172 21688 3013 14341 11224 END
START 2148 -10132 32767 3832 8680 12020 END
START 2852 -18648 32767 -4423 -3516 12092 END
START 3988 -21868 32767 -2238 -17757 9717 END
START 4200 -23364 15396 -1901 -26691 7425 END
START 1948 -26664 -2660 -5179 -26665 3428 END
START -552 -28912 -14984 -4693 -21828 -1662 END
START -1204 -27936 -21488 -3704 -16444 -5471 END
START -1272 -25544 -23720 -2067 -8579 -8459 END
START -1424 -21364 -22936 -1996 -1388 -9775 END
START -1160 -15632 -19260 -580 3714 -10223 END
START -476 -10264 -14928 259 7792 -7786 END
START -1100 -6668 -10352 -2814 10093 -3353 END
START -672 -5280 -7716 -4877 12536 1009 END
START -964 -4636 -4968 -4790 14652 3994 END
START -1104 -3388 -2024 -4712 14191 6479 END
START -1700 -2920 536 -4916 13613 9463 END
START -2748 -1700 2524 -4333 13635 12514 END
START -4756 -2936 6172 -2398 13197 16412 END
START -7004 -7252 11996 5302 10168 19712 END
START -6580 -8596 16060 5596 6598 20479 END
START -6752 -9300 18232 -2098 2339 20224 END
START -7584 -12524 19008 -666 169 23070 END
START -8440 -16336 21556 6605 -5151 26549 END
START -9160 -22328 23080 11498 -10948 25515 END
START -9684 -25820 21800 8217 -15180 22876 END
START -9776 -31200 17892 3676 -20675 19755 END
START -9444 -32768 9212 4318 -26193 15795 END
START -9788 -32768 592 2095 -27071 10478 END
START -10804 -32768 -7160 453 -26045 4685 END
START -11204 -32768 -16488 7 -22812 -1677 END
START -11056 -32768 -21196 -754 -17952 -8318 END
START -11096 -32768 -22120 -1308 -12048 -12356 END
START -11096 -30236 -20880 -2399 -4920 -14370 END
START -10932 -24828 -17180 -4108 1748 -16315 END
START -10404 -21212 -13644 -5574 6282 -15632 END
START -10392 -21256 -12948 -7211 10636 -14105 END
START -10564 -22388 -11880 -8481 18072 -15938 END
START -10516 -22524 -7904 -4953 23205 -19278 END
START -9244 -21716 -2988 -5412 24712 -20640 END
START -10456 -21684 1656 -9609 26098 -20882 END
START -11588 -23336 6096 -13670 29117 -22935 END
START -11760 -23040 11012 -9237 28174 -26613 END
START -10656 -16128 12760 -3035 25151 -26483 END
START -8016 -11108 14372 -6968 20876 -26291 END