START -172 2080 -14128 -1704 24131 718 END
START -2000 4164 -5700 1241 25991 7073 END
START -2908 5692 4484 3914 23265 14022 END
START -4540 2252 13788 4394 19619 21815 END
START -6068 -5868 25936 821 12847 25829 END
START -9544 -20968 32767 2280 -478 28380 END
START -9988 -32768 32767 10415 -11933 25572 END
START -4124 -32768 28264 4468 -21197 17282 END
START -236 -32768 13012 376 -27859 9717 END
START 680 -32768 -3424 3264 -30392 4683 END
START 1248 -32768 -18212 3337 -26544 -1006 END
START 940 -29544 -25384 -1402 -17666 -6369 END
START 444 -26180 -27864 -3216 -8161 -9775 END
START 36 -21364 -25728 -917 -605 -11389 END
START -748 -15004 -21980 731 7083 -10598 END
START -2048 -8608 -16468 -1653 12313 -8319 END
START -2868 -6900 -10972 -5692 13855 -3765 END
START -3136 -6148 -6500 -6733 15131 1411 END
START -4040 -9112 -2244 -7206 14428 4685 END
START -4016 -10060 1692 -7757 12517 5721 END
START -3580 -8328 4004 -10400 10044 7380 END
START -3164 -6280 5360 -13967 8248 11425 END
START -3984 -7712 9292 -7163 7774 15369 END
START -4140 -7596 16592 2010 8747 16755 END
START -3056 -7784 22736 -13157 5582 14394 END
START -4844 -13768 23376 -17513 -626 11537 END
START -5624 -18692 21640 960 -8586 12184 END
START -5412 -19952 16100 7429 -15618 12818 END
START -5808 -22116 10456 5064 -18894 10824 END
START -7232 -22676 5288 2539 -23839 8025 END
START -8584 -30404 -5200 5895 -27575 11243 END
START -6692 -32768 -15624 8539 -24116 8796 END
START -5588 -32768 -18808 2962 -18931 2732 END
START -5660 -32768 -21248 7600 -14749 -4994 END
START -4432 -32768 -26628 5234 -10126 -8732 END
START -4936 -32068 -26532 5324 -2941 -10945 END
START -5228 -25804 -22824 4094 2336 -12553 END
START -5648 -19376 -20472 -1279 6673 -12390 END
START -6104 -18384 -16008 -660 11450 -10575 END
START -5864 -17136 -11740 7111 15020 -10110 END
START -5412 -16108 -8752 167 16996 -9344 END
START -4904 -19972 -7328 -5641 17893 -11040 END
START -5212 -21440 -5328 686 20734 -12943 END
START -4764 -20916 -3356 -34 21945 -14798 END
START -4372 -22412 204 -7482 22810 -19102 END
START -5732 -22320 2552 -11638 25199 -21950 END