START -4052 -12156 -19156 -2984 10405 1633 END
START -4444 -12476 -23128 -7845 17326 2868 END
START -5636 -13944 -22864 -2247 22705 3225 END
START -5268 -12428 -19144 10476 27846 3226 END
START -4452 -10596 -12364 12909 31444 4092 END
START -4716 -11960 -3320 9945 32743 5929 END
START -5188 -13728 6452 7721 29907 6871 END
START -3668 -15232 16140 5616 24453 7527 END
START -1688 -18036 21408 1926 19301 7617 END
START -1348 -20896 25920 -1634 14071 5755 END
START -80 -22844 27984 -1275 6197 1613 END
START 2736 -19084 25944 -1135 -2670 -1876 END
START 5076 -14852 21192 -1928 -8580 -3346 END
START 4656 -12052 18216 -3209 -12734 -2385 END
START 2748 -12700 16012 -4428 -18476 -1555 END
START 1196 -14000 12696 -4032 -24117 -1141 END
START -184 -14976 7040 -3124 -27006 -353 END
START -640 -16792 -452 -4874 -27800 296 END
START -1920 -19208 -8836 -5968 -26486 -1030 END
START -2440 -20708 -17132 -5891 -23558 -3158 END
START -2716 -18216 -21404 -1325 -17000 -4801 END
START -3100 -16156 -22008 297 -10775 -5043 END
START -3320 -15036 -21568 -1125 -6119 -4484 END
START -3456 -13388 -21468 -1849 -2326 -2521 END
START -3620 -12024 -20796 -2038 1546 -507 END
START -3884 -11740 -20472 -1495 5801 1378 END
START -3696 -11024 -19020 -2743 10447 3328 END
START -3924 -10676 -18104 -4137 14313 4675 END
START -4168 -9716 -17000 -3840 17758 5420 END
START -4696 -8452 -13264 -2118 21199 6168 END
START -4860 -7620 -9020 -26 22965 9246 END
START -4432 -9712 -1748 2972 22946 10184 END
START -2936 -10048 4364 2644 20004 10481 END
START -3420 -11436 6580 -2546 16802 10510 END
START -5644 -16728 10128 1245 16919 13535 END
START -5244 -21392 14532 1814 12922 13210 END
START -3016 -20908 15328 -4812 7064 9056 END
START -1980 -20752 15600 -4258 2691 6590 END
START -1636 -18180 15372 2822 -862 6618 END
START -1148 -14892 14296 836 -6828 4849 END
START -1988 -13288 12588 139 -10722 5755 END
START -3172 -13604 12112 3055 -13086 5761 END
START -3712 -13560 10524 4090 -16686 7552 END
START -3924 -17016 7448 4364 -19094 8276 END
START -4920 -20264 4908 5333 -18780 7610 END
START -5428 -22200 3540 5709 -20686 7057 END
START -7084 -27596 32 6359 -23679 6927 END
START -7844 -32768 -6288 6888 -23696 4231 END
START -7188 -32768 -8808 8565 -18276 -841 END
START -6660 -32300 -9232 7681 -17919 -4277 END
START -7052 -30952 -15848 2677 -18181 -5830 END
START -7112 -28732 -24332 -4319 -12176 -4800 END
START -7868 -29784 -24472 -5514 -3719 -7128 END
START -8224 -27052 -22316 -2078 1185 -12114 END
START -8144 -21076 -19840 -4524 5321 -12910 END
START -7588 -18584 -18028 -10170 10949 -10922 END
START -7876 -17388 -14624 -9790 16305 -11551 END
START -6572 -15384 -11388 -6216 18414 -11308 END
START -5592 -13600 -10332 -4155 19575 -9751 END
START -4460 -14276 -11316 -5152 23286 -9466 END
START -5000 -16504 -13868 -5936 30982 -11536 END
START -6708 -12896 -12980 -6645 32767 -15089 END
START -5740 -7184 -8588 -8737 32767 -9529 END
START -6948 -7052 5524 -2282 32767 -5072 END