START -1136 -1528 -10504 5616 25459 8083 END
START -2168 -2356 -4132 12332 26774 12067 END
START -36 -2852 4480 14009 25062 15524 END
START 2684 -5624 14504 5454 20825 18501 END
START 3268 -13072 25184 -1438 15531 19292 END
START 704 -25596 32767 698 3785 18401 END
START 1456 -32768 32767 5940 -12532 13237 END
START 4452 -32768 27092 2023 -24379 6567 END
START 7412 -29792 10868 -1820 -28839 2156 END
START 6500 -28216 -3456 -1598 -29751 -869 END
START 5304 -26428 -15520 -1606 -25520 -4956 END
START 4324 -22640 -21920 -3507 -17715 -8224 END
START 2792 -19476 -23880 -5785 -11705 -8966 END
START 1932 -15900 -24848 -6466 -6460 -8947 END
START 1244 -12244 -24192 -3935 -772 -7983 END
START 740 -7736 -21660 -1605 5638 -5249 END
START -76 -5612 -17288 -2873 10119 -3024 END
START -536 -4700 -12664 -4578 12968 -234 END
START -1148 -5628 -7832 -4746 14117 3506 END
START -1292 -5348 -4712 -2818 13897 7485 END
START -1176 -5636 -1964 -1601 13173 10514 END
START -644 -6016 -44 -3634 13109 11829 END
START -1304 -5820 1464 -6060 15024 13096 END
START -2648 -7080 6464 -3931 13872 15418 END
START -2880 -9532 10740 3175 10856 16504 END
START -2644 -9372 13392 4952 7437 17006 END
START -3452 -10896 15256 89 4481 19001 END
START -4748 -14576 18220 364 890 20480 END
START -5000 -17296 18460 2526 -6597 23396 END
START -6200 -21256 17368 4216 -13233 23968 END
START -7960 -27424 13832 2533 -17046 21671 END
START -10068 -32768 13104 8284 -20334 16945 END
START -8820 -32768 10228 12053 -27904 11599 END
START -6736 -32768 -2376 5456 -31536 8874 END
START -4836 -32768 -14136 1476 -27995 3131 END
START -4664 -32768 -16880 6031 -20790 -4678 END
START -5572 -32612 -18332 6438 -18886 -7472 END
START -5464 -29068 -22692 715 -14662 -9737 END
START -6356 -26572 -23756 -2645 -6886 -12069 END
START -7048 -22512 -20980 -3314 -1235 -13712 END
START -5844 -18688 -17920 -3518 2818 -13604 END
START -4840 -14968 -15896 -5326 8118 -11395 END
START -4640 -15068 -13884 -7459 13003 -7572 END
START -4248 -19448 -12476 -3530 16837 -7623 END
START -3764 -20696 -11096 -588 20209 -9169 END
START -3588 -21288 -9524 -5413 22198 -10049 END
START -3820 -23504 -8672 -12720 28033 -12695 END
START -5736 -27004 -5116 -13002 32610 -14154 END
START -7500 -26704 1412 -7711 32583 -17955 END
START -8224 -22120 5280 -6971 29620 -21327 END
START -7356 -17368 6324 -13129 27908 -21389 END
START -6168 -13020 8664 -18263 27911 -18968 END
START -4632 -13240 12208 -15613 28670 -14595 END