START -2176 -16588 -24220 -2337 2539 -12017 END
START -1392 -10812 -21780 -640 10499 -9713 END
START -2160 -5396 -16100 -1797 15129 -7136 END
START -1712 -3536 -10220 -4283 17059 -2799 END
START -3072 -3108 -5012 -4278 18584 2529 END
START -4228 -3536 984 -3671 16320 6178 END
START -3724 -5280 5384 -2974 12711 9427 END
START -3772 -4232 6868 -5142 10546 12364 END
START -4536 -5284 8464 -8641 9240 14790 END
START -5756 -7640 12708 -3154 7136 16548 END
START -4236 -7884 16708 3315 3594 20371 END
START -5188 -8268 20448 1038 -868 22214 END
START -6972 -10900 20828 -4929 -6815 22621 END
START -8880 -15120 17536 -4360 -11574 24810 END
START -9548 -24060 16988 4319 -15284 24078 END
START -10548 -28620 15508 9141 -20520 20109 END
START -10476 -32392 11624 6626 -24691 14945 END
START -9844 -32768 2124 4119 -27577 9910 END
START -8760 -32768 -10040 3333 -26857 6394 END
START -7820 -32768 -19360 5702 -19449 141 END
START -7520 -32768 -20572 6330 -12462 -6379 END
START -8060 -32768 -18608 9053 -7045 -12303 END
START -8944 -28128 -16028 5778 -2630 -14209 END
START -10016 -24132 -13912 2389 561 -14275 END
START -9772 -20188 -11768 1762 3868 -14521 END
START -8940 -17320 -10084 1469 6790 -13553 END
START -8400 -17544 -9464 570 10417 -12320 END
START -7576 -18324 -9672 -2192 14069 -12651 END
START -6528 -21148 -8692 -4974 17415 -14447 END
START -6636 -21528 -7828 -5520 22604 -16614 END
START -7376 -19732 -5792 -8306 27177 -17779 END
START -7264 -20188 -2980 -13214 28468 -17548 END
START -5964 -19868 -1692 -17203 30432 -18057 END
START -7852 -17412 -444 -17188 32767 -18485 END
START -10212 -15312 4704 -9700 32767 -15982 END
START -11200 -14448 12832 -5284 32330 -13337 END
START -10200 -13264 19660 -3367 27113 -11722 END