START -1976 1208 -20064 -10800 16753 -1367 END
START -2352 6672 -17328 -10686 21109 1987 END
START -3260 10236 -11008 1060 25078 7600 END
START -2884 9520 1756 9637 25469 15039 END
START -2132 -432 18108 7288 20769 20476 END
START -3224 -22128 32767 8163 7383 23902 END
START -3344 -32768 32767 14870 -3682 18427 END
START 3408 -32768 32696 1494 -17088 8621 END
START 7968 -32768 10032 -2254 -24718 118 END
START 6160 -29028 -9448 -2699 -24478 -5812 END
START 3284 -20624 -22176 -4980 -17970 -9301 END
START 1944 -15128 -25700 -3727 -10642 -9643 END
START 1588 -12176 -24904 -1704 -4400 -8646 END
START 1336 -8320 -22736 -369 1644 -7185 END
START -412 -4248 -18636 -714 6845 -5057 END
START -2076 -3048 -13436 -1184 10788 -1261 END
START -2184 -2868 -8648 -1374 12308 2810 END
START -2968 -2468 -2428 -3105 12352 4911 END
START -3840 -2676 3604 -7721 7710 7523 END
START -4240 -3228 7112 -8652 3140 8416 END
START -4872 -2664 8712 -2780 2215 12536 END
START -5856 -5452 12776 2075 2750 16491 END
START -5596 -10184 19056 3287 454 22142 END
START -5944 -20168 21852 2469 -7617 26627 END
START -4120 -30240 21516 13310 -13681 23730 END
START -3212 -31608 18344 20136 -16609 20581 END
START -2712 -32768 13264 13019 -20875 19366 END
START -2484 -32768 5016 10314 -25721 15622 END
START -2324 -32768 -6252 12297 -25771 9667 END
START -2720 -32768 -12612 11966 -22055 4137 END
START -3128 -32768 -16540 9303 -18553 -776 END
START -3892 -32768 -21400 4043 -14723 -4403 END
START -4612 -32508 -23100 -1752 -9962 -7294 END
START -5472 -28896 -21140 1344 -3639 -10369 END
START -6340 -23936 -15992 2064 352 -10952 END
START -6108 -21084 -12360 -3602 2129 -9783 END
START -5264 -21460 -10396 -7147 5729 -8645 END
START -4720 -21836 -7768 -4903 8991 -11153 END
START -4352 -20536 -5000 -1478 9876 -12075 END
START -3200 -19988 -4096 -6790 10486 -9928 END
START -2784 -22636 -4452 -13053 12828 -10309 END
START -2956 -23504 -4664 -11786 16246 -13321 END
START -2964 -21132 -3960 -8998 18903 -14803 END
START -2288 -19276 -44 -9191 21083 -16610 END
START -1872 -17240 1364 -15551 22485 -14654 END
START -2988 -18720 3828 -16475 25073 -13446 END