START -5540 -17024 -26012 -3021 12031 -796 END
START -7168 -17240 -26388 -1319 19615 -553 END
START -7100 -17096 -21184 362 26189 -993 END
START -6616 -15480 -11664 -2529 29572 -1161 END
START -6084 -13644 -1312 -5509 29463 1944 END
START -6252 -15908 6376 -5954 25801 4926 END
START -5204 -17068 12484 -4072 22742 6030 END
START -2636 -17200 16860 -8921 19436 6669 END
START -1068 -19232 19740 -8703 16058 5551 END
START 132 -19856 22640 -3576 10867 2796 END
START 2592 -17004 23344 -2943 3882 -54 END
START 4496 -13324 20804 -3724 -3445 -1046 END
START 4968 -11744 16060 -2878 -7755 -815 END
START 3732 -10868 12048 -1112 -10811 30 END
START 2160 -11480 9112 -1678 -13721 860 END
START 704 -13028 7016 -1157 -16731 1349 END
START -1136 -14764 5072 -853 -19203 1756 END
START -2200 -18656 2012 1734 -21447 1119 END
START -2332 -19572 -2996 767 -23169 123 END
START -2784 -18732 -6060 -1654 -20940 -865 END
START -3736 -18568 -10448 -2070 -19543 -1139 END
START -4684 -19704 -15328 870 -18617 -1972 END
START -4900 -18764 -21052 3363 -15401 -2574 END
START -4888 -17100 -25104 685 -6871 -2911 END
START -4596 -14924 -25436 -2000 148 -3076 END
START -4232 -12344 -23652 -682 6395 -2026 END
START -3972 -10244 -21004 3029 11146 17 END
START -4848 -10100 -15280 3969 15488 2091 END
START -5004 -10540 -9996 3629 18437 3620 END
START -4664 -9552 -6016 516 19451 3894 END
START -4328 -6176 -3948 -4222 19753 7010 END
START -3792 -4200 -1464 -10001 19059 12724 END
START -4464 -6940 3252 -6864 16960 15655 END
START -5084 -11656 9132 7238 11463 15141 END
START -5436 -12360 12716 12997 6737 12988 END
START -5456 -12720 12204 18 6022 12538 END
START -6236 -14832 13500 -9898 2428 15890 END
START -5304 -20376 14596 -1089 -2251 15738 END
START -5440 -20448 13292 7688 -6878 12932 END
START -6044 -22136 13136 9232 -9248 10064 END
START -7660 -19320 11216 903 -14095 9759 END
START -7524 -20416 8520 -5511 -18467 11735 END
START -7440 -22552 6284 -866 -20726 11358 END
START -10004 -25372 3492 2896 -24107 10419 END
START -11304 -28540 -716 2452 -26479 6860 END
START -11372 -29196 -4852 -2292 -26577 2870 END
START -12148 -29916 -6728 -2401 -24682 -793 END
START -12736 -31264 -9332 -251 -23545 -4369 END
START -12996 -31060 -13464 -404 -20503 -7937 END
START -13084 -29576 -15604 296 -15150 -12588 END
START -12908 -25808 -16028 -83 -9976 -15500 END
START -11476 -21920 -15152 -1038 -5327 -16079 END
START -10816 -17192 -13940 -2080 -764 -14370 END
START -10396 -13804 -13400 -6668 2182 -10869 END
START -9136 -15228 -13996 -7483 7184 -9320 END
START -9216 -13684 -12388 -3442 12557 -8455 END
START -7656 -13432 -10792 -3325 16125 -7301 END
START -6656 -12828 -9224 -2954 19056 -5676 END
START -6432 -15596 -8664 -2673 22863 -5111 END
START -7020 -18304 -7368 -737 29161 -6316 END
START -9016 -20632 -1216 1764 31520 -7415 END
START -8996 -22748 3864 1788 30150 -10092 END
START -8892 -23536 6732 1279 29133 -12658 END