START 176 6076 -11412 5038 16489 8859 END
START -872 7116 -5456 11237 17378 15414 END
START -2708 6532 5028 13914 15435 21625 END
START -4660 -504 14320 11628 10548 27494 END
START -8556 -13196 21772 8017 4742 29175 END
START -11420 -30144 26444 9295 -1968 28236 END
START -7260 -32768 25060 8007 -9893 23645 END
START 76 -32768 17820 3713 -14796 13105 END
START 3712 -32768 4300 5537 -18236 4726 END
START 3764 -32768 -8188 5644 -17883 -1011 END
START 2596 -31748 -16728 1019 -12836 -6133 END
START 1588 -27072 -20024 3324 -6651 -9279 END
START 328 -21460 -19080 6045 -1920 -10943 END
START -56 -14252 -17660 5684 2802 -10116 END
START -532 -9048 -15048 3700 7984 -8013 END
START -2036 -3556 -11828 1751 13082 -3847 END
START -2948 -1676 -5892 -4258 14856 236 END
START -4480 -1524 -1608 -5030 14371 5438 END
START -5936 -3116 3240 -3562 12486 11231 END
START -6336 -3184 8380 -2528 9293 14299 END
START -7304 -2356 11128 -6148 6592 16845 END
START -9972 -2344 16128 -4277 6022 20710 END
START -11280 -10500 23624 -5510 4081 26647 END
START -10220 -17544 29408 -6776 -5341 26309 END
START -9280 -26436 29032 1574 -13596 23046 END
START -9056 -29900 25408 7974 -20881 18069 END
START -7712 -32768 16240 946 -26618 15494 END
START -6136 -32768 3616 2904 -31064 9185 END
START -5840 -32768 -9572 1445 -30099 3311 END
START -6640 -32768 -15848 404 -24910 -923 END
START -7176 -32768 -18508 1944 -18872 -6412 END
START -7720 -32708 -18432 -723 -13074 -11795 END
START -8388 -25584 -16384 -1368 -8374 -13965 END
START -9228 -19068 -13100 -3627 -3270 -13355 END
START -9008 -15516 -8820 -5232 887 -11085 END
START -8592 -13156 -5428 -4806 3364 -8314 END
START -8328 -12836 -3472 -3551 6419 -7569 END
START -7864 -12412 -3212 -3883 8544 -5649 END
START -6172 -13180 -5588 -4707 10588 -1584 END
START -4700 -15464 -8848 -4785 13967 1324 END
START -2552 -21184 -11208 -5372 16987 -2856 END
START -1756 -27012 -14708 -7993 22576 -5784 END
START -3324 -32508 -8896 -5355 29407 -8218 END
START -7156 -32768 -940 -5353 32767 -12859 END
START -12532 -32768 7488 -5279 32010 -21223 END
START -13252 -31484 13804 -4513 28157 -28943 END
START -12228 -22464 15208 -7301 25165 -32768 END