START -284 -22360 -21508 -7771 5471 -524 END
START -3348 -18956 -26044 -2291 14314 1384 END
START -4388 -17624 -25872 1201 21592 1399 END
START -5824 -15944 -20144 1839 28956 1032 END
START -6584 -15296 -9528 1555 32567 1984 END
START -5708 -13124 3060 -2937 29972 5074 END
START -5740 -16368 13660 -3861 23255 7960 END
START -4696 -20220 22268 506 19963 7088 END
START -3484 -22196 30304 -3404 16311 3102 END
START 192 -21308 32728 -7831 5699 -1443 END
START 4076 -15412 26348 -5861 -4684 -3145 END
START 5584 -10248 18076 -4443 -10905 -2673 END
START 5132 -8476 11352 -5417 -14522 -471 END
START 2812 -10648 6816 -4258 -18289 474 END
START 756 -14212 2656 913 -20654 925 END
START -28 -17048 436 2172 -22188 484 END
START -844 -19636 -3592 -822 -22167 133 END
START -1584 -21712 -9636 -1079 -21814 -1995 END
START -1816 -20092 -15832 -983 -17240 -4010 END
START -2032 -18916 -17756 -2774 -11379 -5098 END
START -1744 -17064 -18444 -1846 -6750 -6045 END
START -2064 -13836 -17916 -1428 -4201 -5521 END
START -1788 -11308 -17496 1518 -654 -3366 END
START -1756 -8732 -16296 2279 3969 -619 END
START -2440 -8224 -13308 353 7379 1665 END
START -3040 -7384 -10480 79 9620 3609 END
START -3616 -6916 -7168 -313 9916 6341 END
START -3668 -6628 -4368 519 10151 8712 END
START -3696 -6880 -1852 1267 10107 10876 END
START -3852 -6252 -304 -39 9842 11991 END
START -4316 -5880 1368 -2235 9397 14541 END
START -4940 -8344 4236 2277 8856 17560 END
START -5400 -11072 8980 5543 6331 18212 END
START -5304 -12336 12020 3841 4415 17750 END
START -6988 -14272 13296 -1174 1858 20820 END
START -8072 -21920 15972 2834 -3104 20404 END
START -7000 -23816 16236 7201 -8959 17650 END
START -7216 -23832 14172 3218 -13139 14761 END
START -7688 -24684 10804 2842 -16332 13210 END
START -7948 -27852 5380 4079 -20839 11335 END
START -8500 -29424 -144 3202 -22880 7007 END
START -8748 -31196 -3148 3937 -21482 3203 END
START -9600 -32768 -4628 3655 -20579 -1247 END
START -10676 -32196 -7672 186 -20293 -4181 END
START -11088 -32224 -11156 -3335 -18463 -7661 END
START -11716 -31000 -12828 -1492 -14390 -12568 END
START -11828 -25924 -12224 -1939 -11546 -15060 END
START -11944 -21600 -12244 -5663 -7671 -15171 END
START -11252 -16868 -11804 -8003 -3341 -13227 END
START -10928 -12828 -11108 -9064 1580 -11284 END
START -10348 -11628 -9912 -9755 4825 -9331 END
START -9920 -12048 -8828 -4780 8709 -9031 END
START -10020 -9860 -8300 -4070 10621 -7008 END
START -9000 -10228 -8744 -2968 13555 -3979 END
START -8292 -9912 -8776 -3952 16048 -1449 END
START -7608 -11208 -9544 -5915 18552 -261 END
START -7060 -13852 -11544 -4088 20619 826 END
START -7488 -15840 -12732 -1240 24851 706 END
START -8628 -17892 -8208 320 29804 532 END
START -9040 -21584 68 -592 31078 -964 END
START -8624 -23260 8912 -3629 29209 -3101 END
START -7708 -22672 14584 -3563 25011 -4023 END
START -6476 -21984 19100 -597 17853 -5823 END