START -5076 -13876 -23916 -6599 7319 1845 END
START -4068 -15076 -26884 -4906 13184 3409 END
START -4392 -13480 -25052 -2245 20352 4980 END
START -5140 -11048 -19904 -2358 27125 7771 END
START -5556 -12696 -10592 -3499 30617 10181 END
START -6448 -13800 -192 743 28037 11887 END
START -5972 -15636 7848 6448 24295 11857 END
START -5128 -16968 15892 2287 27249 11019 END
START -4344 -22912 25416 -8734 23785 9188 END
START -1680 -27244 31096 -4067 12497 3751 END
START 3448 -21940 28736 3142 1655 -1025 END
START 5708 -16592 23592 784 -4616 -2696 END
START 4488 -14260 19692 -385 -10870 -3366 END
START 2608 -13524 15396 2036 -16529 -2813 END
START 668 -12944 10568 1237 -21307 -1555 END
START -496 -14592 5600 -526 -23419 -1034 END
START -2388 -15516 2268 -80 -24144 -801 END
START -3744 -16892 -1720 -419 -26351 255 END
START -4548 -19016 -8268 -1040 -27769 436 END
START -5108 -20524 -15764 -757 -24268 -962 END
START -5916 -21280 -21948 82 -18148 -3102 END
START -5960 -19348 -24368 1172 -11792 -4180 END
START -5568 -17196 -24340 -1833 -6283 -3654 END
START -5420 -16300 -24884 -755 -1704 -2366 END
START -4632 -14480 -24668 -1597 3023 -1278 END
START -4972 -12656 -22400 -3634 8152 758 END
START -5368 -12948 -20128 -2785 13809 3002 END
START -5552 -12292 -16660 -3425 17658 3672 END
START -4552 -11108 -14376 -5806 20012 4319 END
START -4460 -9896 -10432 -5191 21371 5759 END
START -4792 -9348 -7528 117 22289 8196 END
START -4964 -9792 -1912 1355 23113 9086 END
START -4904 -10216 2328 -3077 20733 8302 END
START -6356 -12036 6328 -4180 17894 7102 END
START -6912 -13360 9184 -1296 18467 9486 END
START -7140 -16024 16892 -503 15172 12385 END
START -5128 -18036 19908 -3741 7513 11254 END
START -3376 -17948 20140 -534 419 7704 END
START -2376 -13764 18220 2515 -4747 4976 END
START -3040 -9424 15688 641 -10059 6119 END
START -3992 -10684 13556 981 -13742 9950 END
START -5048 -12148 12252 2678 -18063 11875 END
START -6536 -14780 8448 2555 -21050 11648 END
START -7704 -19004 5012 3702 -22171 10910 END
START -8696 -24060 3016 6436 -22372 10767 END
START -10856 -28636 428 6032 -26375 9785 END
START -11268 -32768 -7916 4210 -27380 6511 END
START -9984 -32768 -12904 6020 -21277 1255 END
START -9884 -32768 -15000 6562 -17535 -4227 END
START -9820 -32104 -17160 3111 -17441 -8073 END
START -10380 -30836 -21292 438 -14723 -8974 END
START -10036 -28596 -22912 -1649 -8634 -10178 END
START -10500 -25540 -21680 -3532 -1746 -11553 END
START -9824 -21332 -18548 -5773 2058 -12864 END
START -9304 -18432 -16408 -6621 6719 -11287 END
START -9524 -19304 -13624 -3645 12950 -10849 END
START -9088 -18488 -8284 -3069 14286 -12280 END
START -8100 -17464 -6776 -8573 13566 -11992 END
START -6660 -16660 -7164 -11093 16507 -11269 END
START -6768 -17236 -7716 -11860 20740 -9439 END
START -6964 -17500 -6976 -8573 23356 -11518 END
START -6336 -14348 -6324 -5712 26335 -11866 END
START -5644 -11868 -4380 -2950 28803 -11484 END
START -4784 -7972 -1736 -1638 31431 -9917 END