START -672 2668 -14704 1720 20985 2835 END
START -536 4792 -9100 6402 22284 9832 END
START -1656 4376 -2088 8003 22693 17105 END
START -2116 -1488 11564 4057 19452 21089 END
START -1672 -13864 22780 2354 12594 23232 END
START -2832 -26508 31780 4965 3060 22693 END
START -1504 -32768 32767 6316 -7727 17660 END
START 2224 -32768 28224 2622 -19667 9684 END
START 4872 -32140 11164 450 -26644 3444 END
START 2152 -28604 -4328 -1701 -27885 -674 END
START 24 -26420 -15080 -2154 -25029 -3618 END
START -708 -24780 -23408 -4245 -18924 -5882 END
START -860 -21944 -26688 -4205 -11896 -8923 END
START -1116 -17228 -26480 -3021 -3531 -9426 END
START -1224 -12672 -23404 -2518 3806 -8567 END
START -1028 -8648 -18204 -3719 9289 -5955 END
START -1468 -6192 -13216 -4946 12854 -2985 END
START -2068 -2860 -9220 -6660 14501 1753 END
START -2444 -3928 -5868 -7056 15381 6521 END
START -3012 -5500 -2092 -4422 15453 9366 END
START -3208 -6492 1524 -3000 13877 10037 END
START -4108 -3920 5232 -3345 11664 10917 END
START -4884 -4164 6276 -5766 10057 19131 END
START -5072 -7560 11052 -843 9370 20065 END
START -4784 -8128 16880 275 6131 19027 END
START -6816 -10240 21744 1015 1254 20129 END
START -9976 -12640 21584 -2529 -5314 27756 END
START -10968 -22724 22352 119 -13821 28214 END
START -10568 -28724 17996 10235 -19509 24903 END
START -9568 -31600 13808 10932 -24396 21131 END
START -9252 -32768 5928 2203 -29040 16173 END
START -9516 -32768 -4660 1135 -30989 9398 END
START -7832 -32768 -16600 4557 -28789 740 END
START -6776 -32768 -21816 4012 -20934 -7212 END
START -7252 -32768 -19352 4174 -15191 -14008 END
START -8472 -30460 -15828 4289 -12074 -16907 END
START -9368 -26184 -14900 -2048 -8858 -17130 END
START -10172 -22236 -14428 -6034 -5246 -17514 END
START -9684 -18608 -14764 -5619 -577 -16455 END
START -8488 -15756 -13156 -5352 4283 -13814 END
START -7300 -15016 -12660 -4942 9157 -11399 END
START -6740 -14816 -12032 -6411 12972 -10424 END
START -5480 -17304 -9636 -3849 16963 -10251 END
START -5084 -18096 -6128 -3668 18138 -10579 END
START -4112 -18580 -4476 -8824 19347 -10828 END
START -4224 -19628 -3224 -13773 22515 -9981 END
START -3772 -22464 -484 -10983 22816 -10904 END
START -2984 -20800 1744 -5665 21400 -13622 END
START -1936 -16300 1956 -6203 21853 -13268 END
START -1472 -16868 3928 -10001 23367 -10786 END