START -500 -17312 -22444 -4194 16527 1497 END
START -2540 -14240 -22864 -4260 21576 5106 END
START -3356 -14912 -17080 1954 28448 6817 END
START -4584 -16248 -6148 5854 31619 7266 END
START -6056 -19004 5220 6389 29896 6335 END
START -5324 -16948 13540 -63 24383 5777 END
START -3732 -17368 17052 -7145 22893 6685 END
START -3428 -20936 24892 -5242 21217 4055 END
START -1320 -18796 31156 -1076 12132 -301 END
START 3144 -12556 31344 -2445 1753 -2262 END
START 5628 -9612 27308 -4057 -6886 -1570 END
START 5020 -7920 21128 -3729 -13661 498 END
START 2808 -9208 15688 -3439 -18726 2077 END
START 912 -12552 11404 -1997 -23948 2631 END
START -820 -16108 5276 -567 -27569 2630 END
START -1644 -19060 -904 -199 -26823 2241 END
START -2652 -21072 -5620 -2704 -25055 851 END
START -2896 -21628 -11292 -4800 -23608 -1460 END
START -3848 -20176 -16792 -3525 -20567 -2556 END
START -4336 -18388 -19420 -2085 -14959 -2494 END
START -4880 -18456 -21216 -1076 -11526 -1812 END
START -4896 -17400 -23788 -3888 -7580 -1712 END
START -5288 -16588 -25564 -5137 -1467 -980 END
START -5556 -15292 -24956 -2661 5946 288 END
START -5640 -14040 -21816 -2837 10748 940 END
START -5476 -12916 -18108 -3145 14802 1955 END
START -4788 -10428 -15184 -4163 18791 3661 END
START -4284 -9548 -12584 -4021 22383 5598 END
START -4284 -7600 -9016 -3719 24350 7476 END
START -5320 -9128 -4332 -347 24362 8156 END
START -5388 -8996 1656 6512 21805 7393 END
START -3944 -6600 5120 2510 17524 8766 END
START -3928 -5124 6296 -5695 17195 11561 END
START -5712 -8368 9044 -8424 16852 15232 END
START -7920 -14700 13684 979 13437 17666 END
START -7356 -18480 16740 2137 8231 16504 END
START -6512 -20516 16560 -3607 2877 13002 END
START -6164 -21132 16972 -2692 -1894 10372 END
START -5608 -21312 17716 3265 -7485 9278 END
START -5376 -19516 16272 3612 -12924 7006 END
START -6320 -16336 13624 2136 -17199 5311 END
START -5368 -16392 10004 1769 -22193 6158 END
START -5756 -18524 5272 2722 -23883 8390 END
START -7772 -22144 2884 3050 -23203 8587 END
START -9128 -26164 1032 4430 -23393 6206 END
START -8448 -30068 -3372 5417 -24945 3455 END
START -8872 -32752 -8000 4933 -23986 -156 END
START -10124 -32768 -12204 3123 -21090 -3687 END
START -9428 -32768 -17412 1307 -18267 -7443 END
START -9028 -32768 -21456 797 -12999 -11247 END
START -9924 -29508 -23688 -2463 -8775 -14064 END
START -9232 -25288 -26036 -7380 -3926 -13425 END
START -9212 -21856 -24196 -7989 3860 -13085 END
START -9516 -17944 -20160 -5486 10193 -10748 END
START -8716 -16828 -15616 -2946 15491 -11141 END
START -7904 -14264 -10504 -2459 18554 -12314 END
START -6824 -13752 -8032 -5817 18709 -11802 END
START -5680 -14412 -7004 -8702 19145 -9681 END
START -6176 -17036 -5544 -7312 21422 -7659 END
START -6400 -18116 -4744 -6056 23795 -8334 END
START -6896 -17496 -3640 -2381 26801 -10452 END
START -6812 -14208 -1800 -253 27909 -9792 END
START -6944 -12428 2232 -37 29889 -9218 END