START 120 5320 -7356 5734 20703 5180 END
START -632 6828 820 -937 20006 12338 END
START -748 3852 9632 -1591 16005 19690 END
START -1196 -352 19628 7939 9429 25154 END
START -1164 -9632 26988 8144 369 29286 END
START -4380 -29456 31332 8131 -7460 28201 END
START -1416 -32768 25212 3962 -17551 19156 END
START 2800 -32768 7860 1989 -23937 10780 END
START 4184 -32768 -7744 2393 -22475 3790 END
START 2232 -32768 -18664 150 -17793 -2667 END
START 1916 -28332 -24528 36 -10364 -7263 END
START 796 -22208 -24932 -837 -4255 -9012 END
START 480 -16004 -22396 1880 1998 -8940 END
START 128 -9944 -18656 2540 7199 -7652 END
START -220 -5700 -13420 1164 11249 -4953 END
START -1052 -2448 -8584 -1426 12906 -1205 END
START -1544 -2312 -3764 -653 13211 3975 END
START -2404 -3500 804 4570 10443 8597 END
START -1812 -4468 2608 4837 9059 10246 END
START -2728 -1636 4544 1733 9799 13469 END
START -2456 -388 6612 -4260 9894 17211 END
START -3060 -664 9600 -6016 7888 19400 END
START -4912 -5148 17120 8612 4232 20278 END
START -7360 -2972 23076 15481 2430 22291 END
START -11760 -7044 26636 -3695 -2428 30161 END
START -15256 -24152 29068 -2359 -11466 29173 END
START -14020 -31960 25452 8623 -19729 23794 END
START -12896 -32768 15292 7115 -24579 18721 END
START -11776 -32768 4124 4136 -26590 14475 END
START -9344 -32768 -4040 4223 -25888 6568 END
START -8180 -32768 -11732 5016 -22865 -234 END
START -8120 -32768 -16044 4684 -18364 -6457 END
START -7180 -32768 -18212 4412 -12742 -9869 END
START -7340 -29604 -15828 5123 -6569 -13760 END
START -7628 -23920 -13996 -763 -3853 -14776 END
START -7256 -21272 -10724 -2664 -225 -14695 END
START -7704 -18320 -6856 -3467 2672 -12770 END
START -7348 -16744 -5060 -5220 4141 -11285 END
START -5972 -16736 -5560 -6956 6753 -10217 END
START -4764 -19312 -7944 -7992 10355 -8145 END
START -3460 -22292 -9340 -7328 14274 -8371 END
START -2844 -24816 -9808 -9405 19804 -12695 END
START -4260 -27656 -7676 -14867 26171 -16893 END
START -5676 -29976 -1200 -16733 32234 -19376 END
START -6992 -28016 5776 -16298 32767 -19502 END