START -296 2268 -10532 -4829 15209 7366 END
START -3052 3876 -6252 -8575 17210 13317 END
START -4472 3236 788 -5776 15901 19575 END
START -5292 452 9392 273 13967 24919 END
START -6760 -6848 21828 3517 8049 29018 END
START -8492 -20036 31080 11589 263 30104 END
START -8068 -31372 32767 9646 -6848 29609 END
START -3280 -32768 31212 -1237 -17287 20513 END
START 796 -32768 12004 2327 -25483 11408 END
START 888 -32768 -5300 5693 -25691 3949 END
START -1144 -32768 -16484 -548 -21156 -3280 END
START -2160 -32768 -23052 -1798 -14694 -9133 END
START -2732 -27700 -23720 -932 -7733 -12943 END
START -3440 -21664 -20812 -1195 -1047 -14314 END
START -4204 -16624 -16812 -1187 2874 -14486 END
START -4264 -11200 -13840 -2802 6648 -12203 END
START -4084 -6932 -10424 -6149 9838 -7565 END
START -4244 -5708 -6072 -7489 10361 -2874 END
START -3704 -6192 -3432 -6394 10176 -54 END
START -3468 -5196 -1636 -6182 11215 2217 END
START -4800 -1692 -848 -9125 11245 6595 END
START -4972 -2064 1232 -12909 10315 12581 END
START -5244 -4500 4312 -6486 9309 17423 END
START -5332 -5360 11620 2033 8033 19595 END
START -3716 -6484 21748 -410 2885 18904 END
START -4172 -13396 24484 -494 -2235 21367 END
START -5832 -22928 27208 7756 -7222 22984 END
START -4924 -30112 26112 7081 -14384 18704 END
START -4076 -30836 19960 5666 -21177 11469 END
START -4936 -30632 10120 6860 -26027 7163 END
START -6028 -32768 1000 8886 -27908 2500 END
START -6468 -32768 -8800 6829 -25986 -774 END
START -6548 -32768 -15096 5452 -22287 -3792 END
START -6972 -32768 -21428 6622 -15625 -7495 END
START -7792 -32768 -20804 9187 -9019 -11382 END
START -8156 -28164 -19300 6673 -4311 -12761 END
START -8492 -24564 -15040 4198 -404 -13706 END
START -9096 -20044 -11384 3484 2069 -12883 END
START -7980 -16696 -8060 -880 3906 -11757 END
START -7068 -15832 -5968 -3648 6340 -8735 END
START -6488 -15432 -3920 -4779 8540 -6917 END
START -4304 -16092 -3992 -6716 9618 -5491 END
START -2848 -17784 -4348 -6018 11931 -4441 END
START -1048 -20768 -5892 -6394 15171 -4320 END
START -1308 -24512 -2640 -7536 18587 -6185 END
START -1384 -28636 1000 -8492 20646 -10283 END
START -2660 -30860 4032 -12042 23142 -12372 END