START -980 -7040 -19664 -5931 19713 -913 END
START -1724 -5052 -14400 84 23608 1531 END
START -2020 -2008 -8552 2833 24239 6348 END
START -1152 -1084 -640 -346 23366 10598 END
START -1552 -3956 10164 -3563 20253 15109 END
START -2156 -12332 20464 1845 13998 18091 END
START -1852 -17896 29536 7433 8141 19095 END
START -1260 -25456 32767 -1810 -2258 16095 END
START 1932 -31396 31184 -96 -13557 10312 END
START 4300 -28968 18920 2988 -21988 5519 END
START 4196 -27048 3716 -1872 -25624 2874 END
START 2252 -27972 -7276 -862 -23949 -1221 END
START -600 -25380 -13484 1587 -22180 -4330 END
START -804 -23496 -19960 -112 -18113 -5730 END
START -884 -21312 -22396 -3227 -10176 -7372 END
START -1536 -17680 -23424 -3241 -3267 -8039 END
START -2272 -12352 -24208 -891 2133 -7509 END
START -1708 -8124 -21796 -1596 8258 -5437 END
START -2216 -5328 -16980 -3270 15112 -2536 END
START -2648 -4244 -10452 -3725 17928 825 END
START -2968 -4204 -4808 -5094 17796 3735 END
START -3352 -3292 -1064 -4666 16083 8903 END
START -3376 -5432 2736 -3273 13539 13638 END
START -4064 -7408 6996 2556 10677 15618 END
START -2988 -7112 8432 774 11949 15199 END
START -2776 -4616 10488 -10845 13549 15220 END
START -5624 -5444 13280 -20278 10700 18964 END
START -7536 -13152 18060 -8633 3509 22511 END
START -9024 -18704 21096 12147 -2277 23928 END
START -9888 -19332 21044 8441 -8113 21935 END
START -11188 -21700 17868 -4648 -15271 20470 END
START -10932 -28268 14228 2415 -21645 19078 END
START -12016 -31264 9756 11179 -27919 18055 END
START -13360 -32768 5152 9338 -31528 14952 END
START -13232 -32768 -3508 2802 -32768 9550 END
START -12632 -32768 -12492 1233 -31166 1816 END
START -11212 -32768 -19180 5111 -27518 -5639 END
START -10812 -32768 -21308 8649 -21340 -11757 END
START -10604 -32572 -22452 3949 -16146 -14832 END
START -11712 -28548 -20676 -64 -11221 -17263 END
START -12036 -21972 -19292 491 -5157 -16445 END
START -11156 -17220 -16844 1705 1799 -14665 END
START -10508 -14040 -14448 1351 7578 -12082 END
START -9344 -12308 -12540 -1421 11562 -9153 END
START -8184 -14284 -13224 -1781 17005 -6554 END
START -7932 -16516 -12288 -555 25031 -7396 END
START -7256 -18728 -8252 -5557 30389 -10628 END
START -7332 -20784 -4556 -15245 32767 -12956 END
START -9052 -25844 180 -14750 32767 -12562 END
START -12576 -30404 7824 -6866 32767 -14770 END