START -1948 4536 -17816 634 26120 3732 END
START -1916 5516 -10620 -3560 28769 11772 END
START -3512 4684 -236 -4128 26922 18023 END
START -1436 2660 12656 251 22457 25232 END
START -2564 -10232 28764 5852 13255 30212 END
START -8056 -31072 32767 6529 -1470 29955 END
START -7808 -32768 32767 -831 -12733 18670 END
START -2748 -32768 22736 -5955 -20946 7164 END
START 1868 -32768 1808 -4115 -25014 -1453 END
START 1760 -30368 -15320 -972 -20618 -7910 END
START 856 -24676 -24188 -560 -14556 -11243 END
START 16 -18508 -27764 -1065 -7503 -13000 END
START 556 -13524 -26244 -73 -358 -12717 END
START 620 -9000 -22776 3373 6347 -9417 END
START 296 -4572 -16204 3710 10301 -6302 END
START -108 -2980 -10940 -394 11772 -2391 END
START -1792 -3024 -6776 -3810 13679 2100 END
START -2836 -4360 -1804 -4855 13019 6643 END
START -3292 -6832 1920 -3302 9854 10545 END
START -3144 -7252 3140 -2127 7901 12131 END
START -2752 -6956 4508 -3788 7555 12861 END
START -3244 -6520 7196 -4010 7583 12466 END
START -4216 -5536 12088 -1495 5356 14259 END
START -5672 -5876 15136 3540 1711 21130 END
START -6272 -8728 18300 5571 -1993 27130 END
START -7716 -13148 20916 4457 -6590 28900 END
START -9608 -21948 22268 6381 -12133 27574 END
START -11556 -30968 21516 5750 -18600 24281 END
START -12200 -32768 18244 4346 -25611 21092 END
START -11864 -32768 9064 1935 -31833 14866 END
START -10920 -32768 -5124 2413 -32672 6558 END
START -9904 -32768 -14860 3380 -29993 -2651 END
START -9160 -32768 -21836 2247 -26166 -8615 END
START -9160 -32768 -27028 -83 -19960 -13400 END
START -9716 -31572 -27080 1197 -11786 -16380 END
START -10440 -25680 -21252 666 -5153 -18684 END
START -10496 -19056 -16704 -2537 -868 -18338 END
START -10020 -12972 -13652 -7622 3922 -15434 END
START -9152 -10380 -11712 -11410 8522 -9410 END
START -9132 -10800 -9008 -7220 12573 -4493 END
START -8512 -11280 -9452 -4361 15976 362 END
START -7648 -15136 -10140 -5589 21237 3523 END
START -6888 -20124 -7828 -3999 24895 1783 END
START -8440 -24148 -5520 -5976 28723 1267 END
START -11876 -30976 4768 -6924 32767 -2510 END
START -12624 -32768 13912 -13541 32767 -12899 END
START -12516 -32768 17316 -11879 32767 -23516 END