START 124 808 -25032 4399 10131 2882 END
START -148 5800 -21708 3885 23459 9870 END
START -692 4968 -13812 -3614 23557 13306 END
START -2516 1884 -5524 379 21928 18312 END
START -3772 -1284 5712 11846 16008 24114 END
START -4296 -10428 15900 19438 8417 27946 END
START -4832 -22096 25624 18367 3675 25722 END
START -2488 -32328 30984 8078 -2767 19100 END
START 2196 -32768 25108 6711 -13134 12931 END
START 5360 -32768 11644 8180 -20140 7012 END
START 4816 -32096 768 6125 -21099 882 END
START 2920 -28528 -5432 57 -21885 -3112 END
START 1792 -26972 -13728 -1711 -21180 -4386 END
START 92 -24176 -21044 -1996 -16459 -5689 END
START -640 -22664 -24496 -2305 -10389 -7407 END
START -1524 -20192 -25208 -1641 -3824 -9088 END
START -2212 -15248 -24136 -3058 2276 -8610 END
START -2656 -11116 -21748 -4155 9120 -7291 END
START -3304 -7708 -16600 -4429 14180 -4957 END
START -3012 -5312 -11536 -4852 16346 -2048 END
START -3216 -3164 -7192 -5576 17924 2344 END
START -3460 -2672 -3172 -7111 17735 7501 END
START -3932 -3688 468 -6196 16327 10671 END
START -3868 -5480 3564 -4710 14367 11295 END
START -3540 -6444 7136 -3271 12067 8851 END
START -4952 -5420 9988 -3014 10659 9401 END
START -4856 -8016 13948 -4763 5525 17555 END
START -5116 -13380 17656 1463 1313 22106 END
START -6856 -19596 19320 8538 -3584 24271 END
START -6464 -24520 19956 6436 -9184 22030 END
START -5680 -26472 17280 33 -16169 17459 END
START -5148 -27476 11104 1927 -21584 15899 END
START -5056 -30104 4996 8336 -23513 13975 END
START -6192 -30784 152 5715 -24601 10343 END
START -5804 -32768 -4904 2175 -25502 4837 END
START -5752 -32768 -12260 -1302 -25693 466 END
START -5700 -32768 -18596 -1504 -21612 -3200 END
START -4816 -32768 -18472 5628 -14562 -6364 END
START -5112 -29152 -14692 6825 -10752 -9032 END
START -6404 -27028 -15964 -3134 -9931 -10751 END
START -6980 -24476 -18464 -8203 -5091 -11391 END
START -7528 -20584 -19348 -7871 1183 -10331 END
START -6060 -18048 -18760 -6905 6916 -8765 END
START -4948 -16192 -17448 -5255 13106 -7681 END
START -4812 -18156 -15416 -3250 18808 -6234 END
START -7396 -18244 -12092 3011 24198 -5777 END
START -7092 -17680 -6472 -27 22160 -7738 END
START -6748 -20100 -2728 -7081 20623 -10923 END
START -5480 -19900 -3084 -10029 20183 -12081 END
START -4952 -19348 -3468 -5669 23708 -12270 END
START -6744 -18336 68 -886 23855 -13033 END
START -4416 -21808 3860 1032 19004 -14652 END
START -4604 -22220 4812 1673 16218 -18089 END
START -4852 -19304 5500 -475 16501 -22685 END
START -4120 -14560 6640 -3458 15989 -23301 END