START 1096 3444 -10096 848 20699 6727 END
START -400 4216 -5020 2606 21613 13472 END
START -1832 4640 1636 1966 19485 18641 END
START -1720 2288 11104 1570 16031 24209 END
START -3276 -7916 26156 6659 6834 29584 END
START -7700 -24656 32767 10758 -4773 31227 END
START -8760 -32768 32767 5619 -10800 22997 END
START -5004 -32768 31164 -911 -20229 12375 END
START -980 -32768 13184 1079 -29349 6173 END
START -632 -32364 -5728 2012 -30945 2338 END
START -2032 -30788 -21392 -67 -23462 -2866 END
START -1636 -28856 -29036 -2310 -14670 -8183 END
START -1068 -25496 -30448 689 -5777 -11679 END
START -1036 -18800 -28276 3140 3081 -12774 END
START -804 -13528 -23308 2093 11248 -11971 END
START -1548 -8340 -16580 72 17780 -9348 END
START -2688 -5600 -10124 -4484 19380 -7045 END
START -3692 -2472 -6420 -5319 21083 -560 END
START -4632 -2368 -844 -4383 21374 5332 END
START -4252 -2496 4272 -6980 18445 8911 END
START -4452 -3896 7288 -10388 14904 11326 END
START -5412 -4300 10520 -7878 11593 13531 END
START -6644 -6300 13916 -2314 8327 17572 END
START -6612 -7604 17172 -6364 4189 19712 END
START -6936 -11976 18504 -13565 -1915 18786 END
START -8532 -20004 18344 127 -8115 18969 END
START -8432 -20112 18112 11487 -11234 19877 END
START -7956 -21148 16944 -874 -16342 17354 END
START -8232 -22712 13800 -6873 -22922 13608 END
START -11264 -30620 8296 3535 -25223 14954 END
START -11600 -32768 1440 3091 -28550 13362 END
START -10084 -32768 -9348 -3036 -29154 6792 END
START -7500 -32768 -21716 1959 -22769 -1607 END
START -5636 -32768 -26560 6641 -15065 -8541 END
START -5212 -32768 -25788 6918 -7046 -12289 END
START -5772 -28508 -20724 6183 -1531 -14343 END
START -7012 -22184 -16780 3818 1921 -15684 END
START -7152 -17520 -13864 -643 4208 -14477 END
START -7032 -14212 -12208 -2281 7673 -11265 END
START -6692 -14988 -11456 -1100 10447 -7311 END
START -6280 -15580 -10080 3414 14136 -7652 END
START -5056 -17496 -9408 -1190 16290 -7881 END
START -4836 -22384 -10728 -2986 21383 -9728 END
START -5252 -25136 -8312 -4415 26834 -12258 END
START -7152 -30548 -2380 -6667 31395 -15921 END
START -11536 -31692 2948 -6313 32767 -19179 END
START -12716 -32768 10116 487 30697 -26241 END
START -12056 -28236 12788 5727 28366 -32768 END