START 576 -18732 -22356 6665 8683 1106 END
START -1756 -12576 -23128 5534 12818 3551 END
START -2288 -14256 -21180 1258 17434 4732 END
START -2796 -13820 -16800 1990 21610 5649 END
START -1916 -14052 -10192 92 22469 6997 END
START -2620 -15772 -3204 1191 21323 8495 END
START -2316 -16348 4608 5043 20871 8482 END
START -1852 -17428 13068 30 20139 7236 END
START -876 -18988 19564 -6834 15776 6809 END
START 1432 -20784 21912 -5770 12542 4003 END
START 3468 -19180 24368 -1855 4834 1318 END
START 5324 -17436 21844 -415 -3998 -1246 END
START 5700 -13600 16080 -2591 -9522 -1351 END
START 5332 -12700 12052 -3558 -11894 -1077 END
START 3608 -13360 8196 -3177 -14950 -286 END
START 2232 -13516 4864 -1979 -17978 -459 END
START 920 -13504 2128 4 -19107 118 END
START -560 -14732 -20 722 -19601 740 END
START -432 -16356 -5548 396 -20441 485 END
START -560 -17628 -9840 1545 -18069 -394 END
START -1880 -17116 -11880 3313 -15996 -1329 END
START -2116 -18452 -14924 2853 -14027 -960 END
START -2484 -18956 -15796 4545 -10220 -1201 END
START -2288 -17824 -17436 3595 -6899 -1297 END
START -1460 -16080 -20396 -328 -2210 -1011 END
START -1556 -13432 -20836 -3353 4290 -479 END
START -1980 -11104 -17680 -822 9192 892 END
START -2012 -9364 -12544 4337 12842 2392 END
START -2608 -7360 -6332 2436 13204 3978 END
START -3228 -7444 -2364 1148 12845 6560 END
START -3688 -7804 1592 2972 11862 9841 END
START -3372 -8132 4468 5723 9217 13526 END
START -2192 -7492 5380 3953 7556 15673 END
START -1944 -6368 3852 -4060 8738 17426 END
START -4528 -6632 5220 -9429 10127 18180 END
START -6420 -10748 9528 646 6461 21989 END
START -6980 -12984 11404 7263 561 24572 END
START -9380 -18288 12548 4663 -2929 24089 END
START -9436 -22504 13212 -31 -5990 21641 END
START -9876 -26516 14088 -655 -11206 18221 END
START -9504 -29384 12532 3490 -17004 15290 END
START -8956 -29236 9324 -874 -20477 14104 END
START -9388 -32768 4620 -5967 -24041 9796 END
START -9180 -32768 -3448 -1991 -25440 3225 END
START -9704 -32768 -8084 -501 -23185 -2737 END
START -10584 -32768 -9780 -4232 -20473 -6806 END
START -11672 -32768 -12676 -4885 -19664 -11162 END
START -12744 -29956 -16276 -3065 -15822 -15051 END
START -13548 -24904 -19784 -3393 -8900 -17350 END
START -13392 -20292 -19900 -8357 -2436 -16896 END
START -13524 -16628 -18752 -9103 3998 -15664 END
START -13072 -13368 -17956 -6973 9355 -12705 END
START -11820 -12408 -16672 -5163 15418 -11282 END
START -11340 -11796 -15536 -3755 21924 -9801 END
START -10800 -13324 -13976 -2428 28084 -10257 END
START -10480 -14724 -10456 2292 30693 -11278 END
START -10768 -14500 -6376 317 29979 -10718 END
START -10540 -15600 -1880 -578 32209 -11460 END
START -9900 -15996 6168 4813 30013 -11374 END
START -9836 -16404 11856 7729 26923 -9973 END