START 180 1108 -17036 -2543 16402 -2790 END
START -1340 7212 -15356 5469 22038 5322 END
START -3176 7512 -10928 13071 25341 11451 END
START -4612 6804 -2120 13630 25549 16951 END
START -5580 -300 11328 7933 21678 20913 END
START -5776 -9852 22220 7236 12204 24974 END
START -4528 -23876 32388 12454 413 25355 END
START -2972 -32768 32767 10930 -12448 20810 END
START 1008 -32768 23288 3272 -20594 12878 END
START 4124 -32768 2476 -117 -24440 5465 END
START 3848 -32768 -14100 1530 -20371 -1372 END
START 2252 -28724 -20420 1624 -13965 -7264 END
START 1028 -23860 -22820 1360 -8429 -9689 END
START 720 -18128 -23160 1262 -2831 -9834 END
START 908 -13352 -21220 1839 2184 -8274 END
START 296 -8872 -17844 2236 6697 -5816 END
START -844 -4948 -14664 686 10455 -2195 END
START -1356 -2440 -10856 -682 13615 2019 END
START -2916 -2004 -6600 -4718 14227 7267 END
START -3580 -3732 -2884 -8318 14091 10706 END
START -4464 -5728 36 -8034 13878 13653 END
START -5284 -6208 2944 -6535 12401 15244 END
START -6292 -6124 6316 -8252 10756 18559 END
START -6916 -8580 10916 -13227 9278 21841 END
START -7440 -14524 17352 -17767 4702 21716 END
START -8944 -24480 23012 -11676 -5524 19100 END
START -8984 -28736 22692 1451 -16461 16027 END
START -8280 -28636 16904 4068 -24227 15043 END
START -8104 -29960 8772 -2536 -27814 11151 END
START -7268 -32768 276 -2449 -30352 5645 END
START -6172 -32768 -5664 8398 -30982 244 END
START -6240 -31324 -10948 10646 -29963 -3095 END
START -5468 -30516 -17360 1410 -25746 -4770 END
START -5528 -30516 -20056 998 -20349 -8662 END
START -6444 -26256 -21388 6566 -13534 -11126 END
START -7852 -21736 -23236 7931 -7599 -11253 END
START -8364 -18320 -22332 7775 476 -9469 END
START -9596 -12980 -18788 7834 7022 -6536 END
START -9896 -10652 -15432 6023 11478 -3604 END
START -7984 -10996 -12320 9562 15057 -539 END
START -6928 -12972 -11252 11180 17061 2333 END
START -7228 -15052 -9728 7345 20879 477 END
START -7400 -17040 -8652 -1792 23437 -404 END
START -7140 -25948 -5792 1023 25034 -1597 END
START -8168 -30748 -68 10366 24052 -4763 END
START -8644 -32768 4988 5544 21549 -11326 END
START -9424 -32768 7840 -8534 21675 -18711 END
START -10340 -32768 9628 -9145 21846 -22950 END