START -2688 -9400 -12116 -1770 -1704 1619 END
START -4176 -13272 -19028 -8045 3405 3098 END
START -6824 -16800 -25916 -7497 10727 1070 END
START -6724 -15684 -28580 -6306 16836 908 END
START -5760 -14128 -26600 -5661 23815 2091 END
START -5224 -11280 -16304 -2213 28583 3877 END
START -4508 -8376 -3160 -4033 28729 7147 END
START -3016 -9608 9600 -9325 23222 10914 END
START -2208 -14916 17896 -8367 16736 14092 END
START -1852 -21892 22744 -6303 18300 15797 END
START -1252 -26744 31912 -10492 13514 8921 END
START 2452 -23228 31884 -7539 2253 2413 END
START 6096 -18748 26904 2092 -6179 -19 END
START 6524 -14644 19612 3507 -13520 -1236 END
START 4332 -15084 10836 1697 -18111 -1674 END
START 2648 -16312 5596 3438 -19940 -1983 END
START 1000 -17724 2316 3363 -22196 -2277 END
START -320 -20732 -4140 4325 -23083 -2482 END
START -960 -21484 -10752 3938 -20314 -3098 END
START -312 -21388 -13988 973 -15421 -4888 END
START -1440 -20700 -17260 961 -13109 -5951 END
START -1268 -19648 -21592 1458 -9720 -6196 END
START -2340 -18008 -23216 1937 -3704 -5979 END
START -2808 -15844 -21528 -864 1140 -5084 END
START -2720 -15004 -19556 -3079 3820 -4569 END
START -2776 -12468 -18488 -1940 7354 -2879 END
START -2412 -11248 -16788 -3603 11451 -127 END
START -2456 -10584 -15160 -3966 14906 1048 END
START -2836 -7476 -14572 -5401 18549 2794 END
START -3464 -4992 -11896 -5805 22591 4801 END
START -4708 -1808 -7728 -7288 25213 7777 END
START -5948 -2564 -1584 -8775 24573 11889 END
START -7348 -6288 5840 903 21482 14633 END
START -7964 -9740 13668 6794 16795 16546 END
START -6696 -10732 17352 -2477 12063 18313 END
START -5304 -13012 19416 -15209 8532 18004 END
START -4144 -17020 20244 -10151 1168 15270 END
START -4000 -17948 20316 5932 -3120 13338 END
START -4704 -17664 20040 3723 -9415 14044 END
START -5028 -20012 16436 -3180 -16994 13932 END
START -5300 -21576 10584 -1109 -20369 10991 END
START -5736 -23124 4656 3732 -20744 9929 END
START -5872 -24312 1412 3472 -21293 10206 END
START -7248 -27672 212 2770 -21833 9003 END
START -7820 -31772 -4652 5158 -22367 6800 END
START -6576 -32768 -8848 6323 -18374 2007 END
START -5608 -32768 -8924 8682 -14871 -1419 END
START -6284 -31436 -7292 9831 -13956 -4199 END
START -6856 -30632 -9432 5269 -14970 -5905 END
START -6856 -30492 -11704 -370 -13937 -7702 END
START -6580 -28276 -15048 -2895 -12616 -10615 END
START -5772 -25556 -16848 -3188 -8959 -11786 END
START -5976 -22524 -16868 -3339 -4385 -11023 END
START -5808 -20660 -15376 -4861 -692 -12415 END
START -5720 -19360 -13104 -4072 2864 -12585 END
START -6492 -17304 -10964 -5710 6382 -11445 END
START -6028 -16576 -8788 -8249 7037 -9749 END
START -5420 -16552 -7112 -7225 7267 -9395 END
START -4952 -17324 -7028 -6350 8438 -10130 END
START -4444 -18096 -9752 -7983 9711 -13352 END
START -4360 -15872 -11204 -12125 13879 -16234 END
START -4232 -10800 -11328 -19015 16296 -12923 END
START -4480 -8312 -12332 -14900 21688 -6365 END
START -4756 -5640 -7736 -4984 27755 -315 END
START -4300 -6532 -2628 572 27574 1434 END