START 480 -1064 -17476 8514 17873 1157 END
START 0 -1052 -13160 1411 22009 4342 END
START -432 -1824 -7316 -1890 22969 8811 END
START -400 -4772 1748 5503 21497 12654 END
START 2192 -9084 14112 10126 13771 16083 END
START 2808 -16796 21560 6160 2855 18581 END
START 1588 -28596 23652 7185 -5309 17708 END
START 3528 -32768 21148 9829 -10924 10768 END
START 6116 -31156 12208 767 -17703 3135 END
START 7188 -28872 -696 -3454 -19894 -2624 END
START 5664 -24988 -10392 281 -18280 -7437 END
START 4236 -19016 -16872 1483 -13732 -8990 END
START 3540 -14896 -20668 -2719 -7588 -8754 END
START 2840 -11576 -22092 -7184 -740 -5923 END
START 2084 -9548 -20808 -4091 3520 -5491 END
START 1564 -5920 -18544 1409 7181 -4266 END
START 436 -2880 -14304 1925 10783 -1170 END
START -956 -1268 -9240 -1290 12621 1727 END
START -1716 -552 -5056 -7552 12513 6858 END
START -2640 -3148 -512 -9529 11259 10575 END
START -3840 -6040 4720 -2805 8131 12065 END
START -3088 -6216 8200 3929 4161 13108 END
START -3108 -6772 10400 3121 2855 14366 END
START -5052 -5172 13136 -4418 440 20805 END
START -7032 -13776 15128 -8075 -3726 27169 END
START -7104 -23052 17708 4905 -7932 26722 END
START -6680 -26396 18580 16248 -11877 23213 END
START -5976 -27736 17588 12793 -16688 21024 END
START -4484 -29368 12872 2552 -22702 20362 END
START -5644 -32768 7340 2382 -27734 16729 END
START -6768 -32768 -1168 7577 -30152 10652 END
START -6336 -32768 -8576 4888 -30139 3846 END
START -7376 -32768 -12096 914 -30260 -3230 END
START -8924 -32768 -18476 -3651 -30945 -7600 END
START -9104 -32768 -27076 -4671 -24219 -12910 END
START -9544 -30724 -27320 -484 -14368 -15979 END
START -10020 -26460 -23756 702 -6600 -16787 END
START -9832 -22316 -20412 -664 28 -16450 END
START -9588 -18884 -17072 -5618 5457 -14965 END
START -9972 -18104 -13532 -7522 10632 -14321 END
START -9140 -16120 -10808 -5567 14789 -14946 END
START -8760 -11684 -10608 -10791 17852 -10477 END
START -7416 -10972 -10396 -13802 21659 -3865 END
START -6300 -13188 -10308 -11056 25215 -2021 END
START -5380 -12136 -8684 -5742 31515 -3361 END
START -5688 -13064 -6404 -4078 32767 -1111 END
START -5760 -18052 -1024 -6184 32767 3070 END
START -8736 -23620 9192 -9511 32767 -688 END