START 1588 -7752 -5392 -9127 -4869 3310 END
START 840 -10580 -11880 -6262 -7973 4438 END
START 1400 -12484 -22020 2090 -4787 5702 END
START 1700 -13996 -28844 1678 3703 4606 END
START 1900 -14072 -30244 -2826 12818 2791 END
START 2760 -12496 -27364 -5135 19827 1549 END
START 2404 -10208 -22184 -5399 22782 1923 END
START 2300 -9416 -14660 -2155 23885 3987 END
START 2056 -9716 -5216 3861 23598 8056 END
START 2060 -11556 5196 4065 20037 9868 END
START 1228 -14792 13948 -2331 17797 11286 END
START 692 -24272 22488 -944 17610 9481 END
START 1752 -28628 32767 1288 7273 3173 END
START 5356 -24548 30444 -1431 -5512 -2200 END
START 8228 -17896 22800 -3556 -13149 -3769 END
START 7544 -13840 12624 -1319 -19977 -4053 END
START 6184 -11900 124 -2458 -23071 -3644 END
START 5352 -13008 -10472 -3457 -22710 -3641 END
START 4436 -15412 -19480 -517 -18814 -4327 END
START 3740 -15936 -23924 462 -13547 -5579 END
START 3636 -14900 -25160 1939 -7046 -6174 END
START 3872 -11484 -23212 667 -1565 -5405 END
START 3620 -9120 -20316 2407 2005 -3769 END
START 3256 -7164 -17808 3459 5027 -1612 END
START 3116 -5156 -14396 1717 7877 440 END
START 3184 -3916 -11052 -792 9149 2299 END
START 3344 -3440 -8064 -2625 9174 5576 END
START 2092 -3328 -5940 -1133 8166 9507 END
START 1372 -4016 -4164 -770 8205 13001 END
START -28 -5576 -1396 -1267 8930 15526 END
START -1168 -8008 984 -532 7206 16235 END
START -2976 -9604 2688 1456 5602 17408 END
START -3772 -10712 5052 3823 4603 17891 END
START -4560 -10892 8436 2685 3326 19428 END
START -4628 -14224 11044 2645 1268 22080 END
START -3848 -15892 15256 5639 -2675 21914 END
START -4248 -17768 17924 5385 -8787 21631 END
START -6484 -22524 18208 6431 -13633 22281 END
START -7120 -29256 15460 7800 -20030 20851 END
START -7032 -32768 10388 8440 -25562 16391 END
START -7328 -32768 -396 6007 -27204 12490 END
START -7116 -32768 -10404 5178 -25500 5993 END
START -6872 -32768 -16188 5376 -22706 -1004 END
START -6304 -32768 -22096 5075 -19912 -6832 END
START -6552 -32768 -24828 3219 -14288 -11658 END
START -6688 -30760 -24968 636 -8702 -14738 END
START -6624 -26924 -23244 -1558 -3881 -16375 END
START -6280 -23300 -20944 -2484 1580 -17254 END
START -6128 -19628 -17084 -4260 7149 -16879 END
START -6128 -17652 -13948 -9214 9090 -14962 END
START -5388 -18576 -14228 -11028 10464 -13696 END
START -4596 -16844 -14404 -13004 15020 -12535 END
START -3272 -16024 -12716 -15187 19928 -11279 END
START -2548 -14868 -10136 -15677 23077 -9323 END
START -1876 -14200 -7792 -17200 26188 -6804 END
START -2172 -14472 -3588 -13599 29197 -4449 END
START -4432 -14596 3320 -4760 28339 -3252 END