START -6876 -19148 -27252 2116 16590 1021 END
START -6844 -16936 -22440 3280 25832 199 END
START -5964 -15048 -12964 2079 31298 1612 END
START -4696 -14332 -3196 557 32479 3374 END
START -4032 -14520 6840 -2456 31020 5704 END
START -3736 -17492 16380 -1475 26406 7107 END
START -1344 -20408 23568 -1410 20111 5674 END
START 1184 -19416 26076 -5231 14310 3043 END
START 2596 -18744 27000 -4775 8409 576 END
START 4364 -14600 24184 -1598 -603 -1108 END
START 5568 -11440 18580 -2505 -7181 -1078 END
START 4732 -10756 13664 -3055 -10686 -278 END
START 2912 -12348 9948 -2066 -13899 650 END
START 2404 -15120 6740 178 -16485 563 END
START 1224 -16932 4704 1424 -18256 146 END
START 516 -18988 2644 2008 -20858 -227 END
START 112 -18896 -3204 -590 -21639 96 END
START -144 -20404 -10540 -4829 -18523 -1182 END
START -1184 -19608 -14640 -4088 -14563 -3040 END
START -1684 -18484 -18388 -1783 -11501 -3591 END
START -1628 -16380 -19992 773 -5607 -3630 END
START -916 -14320 -18376 1350 117 -2607 END
START -1620 -12108 -15408 651 3332 -684 END
START -1800 -11472 -13028 -520 5058 1975 END
START -2424 -11212 -11252 -1575 7791 4067 END
START -2996 -10996 -8528 -1104 10233 4982 END
START -2888 -9912 -5996 -722 11078 6457 END
START -2524 -8764 -4200 -2599 11781 8132 END
START -2404 -9040 -820 -2656 12954 10351 END
START -2956 -10284 2812 1654 11841 10741 END
START -2800 -11504 5764 3783 8671 9404 END
START -3452 -8728 7260 1924 5807 11267 END
START -2220 -8884 7340 -3337 5447 14000 END
START -3248 -9992 8848 -6229 4268 14769 END
START -4452 -12772 12340 2030 102 13575 END
START -4936 -11864 12804 6482 -4398 15722 END
START -5384 -13084 12364 1767 -7117 15918 END
START -6664 -12940 10984 -5195 -9368 15683 END
START -8284 -16044 10580 -5228 -12319 17967 END
START -9944 -22304 10508 2548 -16022 18765 END
START -11136 -25700 10036 3404 -20748 15592 END
START -11744 -30256 5492 -757 -23807 11605 END
START -11792 -32768 80 -1178 -24790 6196 END
START -12288 -32768 -4300 861 -24021 1936 END
START -11376 -32768 -9096 1678 -21574 -2499 END
START -11288 -32768 -11820 1536 -17350 -7456 END
START -12220 -32768 -12848 2525 -14198 -13295 END
START -12228 -28700 -13688 1973 -12006 -16327 END
START -12072 -24024 -15300 -3325 -8614 -16440 END
START -11660 -20784 -15608 -6076 -3044 -15138 END
START -11420 -18260 -14576 -5216 1361 -14990 END
START -10940 -16136 -13896 -4074 5142 -13897 END
START -10144 -14036 -14672 -6591 9859 -9888 END
START -9824 -16180 -13196 -6359 15920 -9229 END
START -8932 -15336 -12524 -3150 19968 -8712 END
START -7848 -15384 -11484 -4990 23661 -6012 END
START -7904 -17360 -10268 -4038 28256 -6311 END
START -8188 -18676 -7192 -2690 32285 -8710 END
START -8688 -18688 -3612 2010 32767 -11117 END
START -9516 -18160 -64 9520 32767 -12236 END