START -420 324 -13880 -5828 14554 1937 END
START -1352 1260 -10880 -669 16071 6975 END
START -1320 1856 -6852 4204 17550 11737 END
START -628 1028 -396 2138 16134 15585 END
START 528 -1020 4556 271 14055 18930 END
START -556 -4680 12100 3060 12871 23583 END
START -2752 -18040 23128 12522 6851 27290 END
START -1732 -30092 31848 9191 245 24228 END
START 1204 -32768 31492 1859 -8927 17326 END
START 5704 -32768 21544 6666 -19396 8467 END
START 5260 -32768 4800 4992 -25251 3103 END
START 2144 -31372 -8956 -2155 -24573 -1629 END
START -244 -29028 -17144 -2781 -19753 -6822 END
START -2268 -25060 -21700 -1036 -15665 -10133 END
START -3036 -20280 -24168 -335 -9855 -10791 END
START -3936 -15872 -23252 -961 -2827 -10208 END
START -4072 -11912 -21676 71 3280 -9223 END
START -4088 -8372 -19228 728 9149 -7179 END
START -4732 -4864 -14348 206 12758 -4545 END
START -4120 -4060 -10264 -2266 14146 365 END
START -4204 -4052 -7172 -2681 15486 4999 END
START -3956 -4564 -3544 -4081 15836 7595 END
START -4544 -5768 1200 -2977 13374 9318 END
START -5244 -4344 3664 -3212 11408 16948 END
START -5004 -8184 7628 -3595 10974 19630 END
START -5420 -10152 11052 -4637 7779 19639 END
START -5164 -12120 13892 448 5135 18392 END
START -5728 -13744 15368 3827 2891 21100 END
START -6180 -17404 18256 6065 -1243 22587 END
START -6372 -21164 19072 5224 -7608 21290 END
START -6036 -25276 17652 5875 -12702 17808 END
START -6192 -27648 14396 7415 -17334 18082 END
START -6952 -32744 12552 9872 -21050 14961 END
START -7368 -32768 7520 8134 -27247 9679 END
START -8048 -32768 -1584 2685 -30411 3928 END
START -7940 -32768 -11432 1979 -28461 -2404 END
START -7996 -32768 -17468 5238 -24082 -9011 END
START -8500 -32768 -19800 4697 -19302 -13073 END
START -9892 -31796 -20388 2540 -14442 -16413 END
START -10564 -28620 -20472 412 -8739 -19532 END
START -10332 -22716 -17792 -539 -1450 -20413 END
START -10816 -17264 -13924 -2761 3255 -18627 END
START -9792 -16584 -11396 -3997 6736 -16267 END
START -9228 -17004 -8660 -4032 11654 -14449 END
START -8324 -17216 -7980 -7768 14641 -14092 END
START -6244 -18136 -8004 -12256 17460 -13588 END
START -5668 -19656 -6856 -13410 21266 -12514 END
START -5604 -22072 -2568 -11207 24965 -14155 END
START -5708 -22972 1856 -14482 25510 -15874 END
START -6308 -23612 6904 -19850 26331 -16757 END
START -6356 -23424 10780 -19096 26801 -16348 END