START -1720 2400 -11708 -1430 22908 -753 END
START -2148 4928 -4988 -2472 23817 7568 END
START -1464 5764 4748 -1230 22449 16415 END
START -1864 4064 16208 2659 18406 23151 END
START -2840 -4964 27840 8547 9673 27920 END
START -7548 -23212 32767 9474 -3373 29482 END
START -7104 -32768 32767 7983 -11100 22058 END
START -2348 -32768 24104 996 -19655 12313 END
START 768 -32768 7224 5423 -25949 4582 END
START 432 -32340 -7428 2559 -25836 24 END
START -128 -31332 -17296 -2559 -20189 -5206 END
START -744 -28636 -22444 -3125 -14083 -9159 END
START -636 -25684 -25476 -645 -5123 -12347 END
START -1876 -21156 -23172 -286 3746 -13295 END
START -3000 -14492 -18020 213 10018 -13170 END
START -3772 -9088 -12968 -2342 14766 -10281 END
START -3876 -6212 -7292 -4583 17771 -6233 END
START -4032 -4308 -2172 -7036 16538 -2454 END
START -4144 -3388 888 -10079 13857 522 END
START -4876 -2004 2324 -11506 13171 6591 END
START -4848 -3272 6792 -6223 11372 12500 END
START -3728 -3252 11708 -2352 8144 17239 END
START -2716 -3612 14660 -6810 5031 19880 END
START -3664 -8388 17848 -6169 3651 20262 END
START -3964 -14796 23280 3323 936 20175 END
START -3588 -17520 24496 1694 -4715 19474 END
START -5092 -20804 22960 -6134 -10608 18853 END
START -5324 -26316 19236 1968 -18101 15040 END
START -7036 -29000 13924 9136 -23774 12305 END
START -7680 -31460 4436 6339 -28561 7176 END
START -7568 -32768 -9964 2810 -27493 4622 END
START -6704 -32768 -20388 5580 -20397 -458 END
START -6112 -32768 -24716 7618 -14064 -5729 END
START -5888 -32768 -25972 7785 -6813 -9207 END
START -6628 -31712 -22348 7573 27 -12457 END
START -7456 -27320 -16892 6139 3417 -13541 END
START -7596 -22912 -11800 4412 6179 -14855 END
START -6920 -18796 -8908 -1678 7898 -13615 END
START -6512 -18024 -6120 -2374 10242 -11279 END
START -6504 -17568 -3300 -780 11874 -10025 END
START -5164 -18096 -2216 -1325 12450 -9565 END
START -4284 -19180 -2500 409 13525 -10039 END
START -3500 -19596 -2008 -331 13762 -10685 END
START -3184 -20432 -332 -2847 14885 -11238 END
START -2924 -22612 528 -6735 17868 -14759 END
START -4004 -24936 5688 -5518 20664 -17175 END
START -4748 -25224 11256 -3607 23134 -18853 END