START -5728 -15140 -26588 -732 12574 1540 END
START -6048 -15256 -29624 133 21377 3027 END
START -6860 -14444 -24428 2798 29355 3620 END
START -5984 -13312 -14776 3087 32767 3940 END
START -6500 -13336 -2812 -22 32767 4924 END
START -5412 -13448 8868 -2431 29210 7850 END
START -3924 -17080 18160 -3905 22854 10052 END
START -1928 -19472 25344 -2815 17984 8657 END
START -420 -20648 30084 -3946 12650 5370 END
START 3012 -17416 29912 -8444 4041 1688 END
START 5236 -12264 24720 -7393 -4676 511 END
START 5852 -9256 18760 -2811 -10704 897 END
START 4056 -7568 14724 -839 -14052 1570 END
START 1904 -8264 12892 -1879 -17221 3418 END
START -232 -9964 9696 -2676 -20807 5543 END
START -1668 -12504 4596 -3010 -23654 5978 END
START -2600 -14480 -512 -895 -24491 6298 END
START -4440 -18808 -5336 4021 -23776 5755 END
START -5416 -21784 -9728 7194 -21649 3932 END
START -5412 -21724 -10732 4061 -18708 2675 END
START -6156 -23596 -13704 1549 -17578 1781 END
START -5504 -23092 -18336 1844 -14551 1086 END
START -5488 -22280 -22656 1465 -8792 1040 END
START -5472 -21224 -26128 -793 -3117 -309 END
START -5420 -18908 -25112 -1368 4059 -872 END
START -5416 -17948 -20920 884 9270 -229 END
START -5348 -16444 -16688 2917 12710 839 END
START -5804 -16616 -14052 -787 13897 1127 END
START -5688 -15076 -13344 -2041 18589 845 END
START -5516 -10208 -12288 -4945 23283 2104 END
START -5216 -6336 -8772 -8586 26647 5481 END
START -5468 -4728 -3900 -7197 27765 8608 END
START -6368 -6292 3048 -1360 24266 10681 END
START -6872 -9192 10200 8794 18828 9997 END
START -7004 -7704 13028 5361 13514 11918 END
START -8004 -9064 15300 -9381 11764 16601 END
START -8036 -17312 18532 -11043 7631 17831 END
START -7752 -21436 20948 766 793 13524 END
START -6448 -20976 20632 2592 -6344 9252 END
START -6048 -19120 20128 1384 -11807 8383 END
START -5312 -18504 18364 1457 -17686 7448 END
START -6584 -18332 15284 1705 -24118 6946 END
START -8260 -19592 10796 1432 -28114 6783 END
START -10068 -21400 5232 -2465 -31623 8296 END
START -12212 -26324 328 -2585 -32768 6678 END
START -14412 -32216 -10988 -1511 -32768 2772 END
START -14412 -32768 -19628 188 -27402 -4314 END
START -13928 -32768 -22856 1509 -19843 -10297 END
START -13152 -30132 -22224 3270 -13916 -14567 END
START -12948 -26832 -19256 1056 -10377 -15696 END
START -12660 -22224 -18576 -2875 -6307 -16221 END
START -11128 -19204 -17928 -9239 -2616 -15963 END
START -10368 -16580 -16468 -8838 3156 -14487 END
START -9836 -15376 -13936 -5267 7964 -12429 END
START -8816 -13944 -11468 -2494 11790 -11328 END
START -7768 -12912 -9412 -6212 13826 -10338 END
START -7192 -11356 -10048 -10015 16165 -8718 END
START -6496 -10888 -11864 -11818 22697 -5956 END
START -6672 -8920 -13444 -11956 27329 -2606 END
START -6640 -10004 -11636 -8160 32526 -1249 END
START -7364 -8960 -7120 1469 32767 862 END
START -6000 -9396 48 6202 32767 2454 END
START -8604 -9380 5372 -5317 32767 1727 END