START 1752 -17424 -16188 3136 -150 5839 END
START 1224 -19628 -22100 1436 6898 4216 END
START 3116 -21668 -23896 406 12352 2548 END
START 4584 -21244 -21408 1084 17523 931 END
START 4996 -20988 -14860 -125 20655 588 END
START 3500 -22644 -8184 -2614 20399 -799 END
START 1960 -23100 -1320 -6813 18577 -2654 END
START 1220 -20624 2900 -6468 15886 -2760 END
START 2012 -17760 6492 -4514 16704 -2171 END
START 2376 -14676 9448 -7343 13928 -2755 END
START 2532 -12052 8736 -8941 10570 -2956 END
START 2632 -9928 9548 -4421 7851 -2683 END
START 3408 -7048 9476 -4075 5198 -1345 END
START 4120 -6360 10932 -5622 2645 433 END
START 4064 -7696 11920 -2918 -293 2021 END
START 4392 -8380 12780 1807 -4179 4101 END
START 4520 -10164 12720 1694 -6753 4365 END
START 3984 -12680 12732 65 -10505 4233 END
START 4356 -14864 10316 1081 -15371 4357 END
START 4060 -16280 5324 414 -19238 4202 END
START 3268 -18000 -624 988 -20592 3865 END
START 2860 -20072 -6160 1903 -20121 2872 END
START 3140 -21008 -12352 561 -19523 1349 END
START 2900 -20688 -17008 1434 -16361 -81 END
START 2880 -20188 -22076 473 -11813 -727 END
START 2764 -18612 -24848 -449 -6205 -2031 END
START 2660 -16420 -25132 2102 -431 -2829 END
START 2400 -12444 -22164 2762 4609 -1503 END
START 1364 -10608 -18232 466 8856 818 END
START 704 -9348 -14440 -1443 10982 2433 END
START -104 -8124 -11028 -2145 14260 4313 END
START -1212 -8216 -6708 -2474 14610 6270 END
START -1308 -7540 -3208 -1931 14059 8581 END
START -2468 -9116 268 -1630 13445 11511 END
START -2540 -10384 4696 -486 12459 12833 END
START -1708 -10508 8716 -2098 9560 12035 END
START -1800 -7384 10704 -6870 6835 13914 END
START -3560 -14052 13952 -4366 3264 17800 END
START -4788 -17540 18096 9087 -4114 18442 END
START -5076 -20112 17552 5115 -9247 16835 END
START -5540 -22500 15652 -1643 -13621 15101 END
START -5092 -26160 11428 3029 -19510 13266 END
START -4916 -29120 7720 9894 -24293 11260 END
START -4356 -30928 732 6930 -25391 8252 END
START -4200 -32768 -7012 3307 -25098 4266 END
START -2964 -32768 -14392 3146 -23235 -507 END
START -2668 -32276 -17888 3112 -19259 -4977 END
START -3496 -29596 -20604 1388 -15825 -8281 END
START -3524 -27080 -24680 -3057 -11435 -10536 END
START -4348 -25304 -25660 -1307 -3280 -13112 END
START -4884 -20736 -22276 -300 2735 -13796 END
START -4664 -18480 -19416 -3005 6442 -12922 END
START -4512 -18052 -17704 -3931 11168 -12059 END
START -3800 -17468 -16680 -5758 14953 -11253 END
START -2796 -17576 -15872 -8038 18309 -10286 END
START -2596 -18016 -15852 -9918 22719 -10181 END
START -3564 -19684 -13724 -11278 27803 -10009 END
START -4060 -19160 -8620 -12066 30157 -9512 END
START -4824 -18876 -5080 -11142 32431 -8118 END
START -7168 -20604 1528 -6330 32767 -6944 END
START -9592 -21780 10296 -6370 31854 -9539 END