START 648 -4112 -25852 -237 11707 2405 END
START 1688 -2888 -25760 -644 17261 4989 END
START 1840 -2284 -20296 1797 23229 8124 END
START 1116 -3992 -10888 2157 27806 11065 END
START 1072 -8660 -572 -1234 25924 13339 END
START 2436 -14712 8584 -3463 19773 13372 END
START 1488 -21496 13320 1386 12675 11924 END
START 1212 -27340 16184 1787 9599 10428 END
START 4340 -26824 18660 -3685 5537 4298 END
START 7896 -22636 19468 -849 -1084 -444 END
START 9572 -15152 16372 400 -6980 -180 END
START 8068 -12536 10860 -2144 -9986 61 END
START 5384 -11992 7184 -1218 -12882 351 END
START 3652 -11764 6508 2456 -15791 843 END
START 2316 -11528 7656 3029 -19900 1937 END
START 1604 -10480 5572 1780 -23236 3613 END
START 920 -13276 -1908 1575 -23490 4635 END
START 1028 -15132 -8368 2633 -23096 5137 END
START 1272 -18480 -15480 2804 -22105 4015 END
START 1532 -21740 -26100 3626 -17485 2319 END
START 2008 -23728 -32768 5272 -8573 14 END
START 2200 -22344 -32768 4751 -204 -2020 END
START 3064 -19572 -30148 883 5524 -3091 END
START 2332 -15984 -26824 1987 10841 -2259 END
START 1144 -11892 -22460 2169 14994 -1372 END
START 104 -8404 -16560 27 17726 1166 END
START -1156 -7032 -9764 258 19575 3830 END
START -1400 -3936 -3832 -1096 20694 6523 END
START -1844 -1980 1084 -4287 19719 9261 END
START -2292 536 4784 -6400 17470 13313 END
START -4828 -3844 10076 -3546 15496 19851 END
START -7300 -9464 17276 3120 9511 22634 END
START -8740 -16224 21012 2868 3711 21201 END
START -10628 -19916 22984 4289 -2222 18122 END
START -9160 -19676 21988 -252 -8954 19208 END
START -7864 -20156 18856 -81 -14972 19101 END
START -6556 -22684 15416 5576 -19511 18460 END
START -6408 -27524 12820 11167 -24095 16583 END
START -6580 -31660 7460 6741 -29231 14384 END
START -5820 -32768 -4060 -692 -32680 9046 END
START -5292 -32768 -14964 -1019 -30350 1810 END
START -5196 -32768 -21984 -568 -26823 -4162 END
START -4976 -32768 -28312 481 -20400 -10793 END
START -4984 -32768 -28464 -539 -12403 -16160 END
START -5484 -27036 -23668 -490 -5057 -19334 END
START -6028 -20796 -18864 -2174 -1102 -19145 END
START -6244 -17232 -15744 -5574 1896 -17258 END
START -5972 -14924 -13332 -6175 5905 -15819 END
START -5044 -14360 -12244 -7890 9644 -14429 END
START -3328 -14920 -14488 -9630 11713 -11694 END
START -2532 -17460 -15644 -7952 16128 -10266 END
START -2416 -18044 -15088 -9226 22409 -10825 END
START -2912 -17980 -12340 -14103 27129 -12223 END
START -3592 -20032 -8904 -16757 30741 -12161 END
START -4240 -18724 -4100 -9630 31423 -11288 END
START -5288 -16280 2132 -3539 30184 -8964 END
START -6724 -16044 6544 -5115 31305 -7827 END
START -8252 -18892 16040 -7264 29419 -10318 END