START -996 4356 -11900 7037 21833 12417 END
START -196 1420 -1528 18038 22017 17864 END
START -520 -1960 9608 18341 18887 22096 END
START -2744 -10452 21144 4400 12954 24647 END
START -6152 -26168 28400 -349 2924 24418 END
START -4648 -32768 30900 9396 -8040 19209 END
START 1608 -32768 22708 6704 -17165 10535 END
START 4472 -32768 7768 403 -22533 1861 END
START 4252 -32432 -5544 -800 -22339 -2602 END
START 3044 -28632 -13212 -3314 -18847 -7515 END
START 1012 -23640 -17808 -3593 -14004 -10712 END
START 316 -18516 -19856 -3313 -9240 -11378 END
START 200 -14788 -20092 -2055 -3835 -9515 END
START 88 -10620 -18228 130 2059 -8391 END
START -388 -6264 -15032 -2808 6060 -6646 END
START -424 -5208 -11652 -5668 9492 -4645 END
START -1124 -2772 -8968 -7158 12725 1013 END
START -1848 -4200 -5080 -5167 14399 6426 END
START -1512 -5392 -1240 -2503 12368 9146 END
START -2424 -7288 1496 -3091 10177 10315 END
START -3040 -4332 1724 -7601 9288 11988 END
START -4052 -7320 3392 -13068 9403 18143 END
START -4880 -12400 8152 2248 8586 17865 END
START -4140 -13268 13768 13804 4622 17065 END
START -4888 -12468 16504 4661 707 18236 END
START -5232 -16064 15688 -6870 -2265 20315 END
START -6012 -21432 16428 3738 -7243 20517 END
START -5112 -24172 15856 14988 -12600 19701 END
START -4916 -25336 12400 8276 -13770 17820 END
START -6044 -32296 8200 2284 -17241 15528 END
START -6092 -32768 1072 12190 -21673 10253 END
START -5848 -32768 -4408 13945 -22202 6351 END
START -5176 -32768 -8456 6616 -20887 2287 END
START -5360 -32768 -11668 7606 -18754 -2336 END
START -6184 -31832 -12264 7372 -16514 -6274 END
START -6184 -29108 -13312 2781 -14291 -8684 END
START -6316 -25944 -14464 259 -9496 -10979 END
START -6948 -23304 -12664 -1881 -3657 -12682 END
START -7396 -18760 -9460 -3384 -148 -13795 END
START -6476 -15668 -6380 -6308 2572 -13253 END
START -6000 -15400 -5284 -6497 5737 -10702 END
START -5844 -16788 -2900 -4985 7343 -9924 END
START -4420 -17276 -3416 -8036 7795 -11383 END
START -3540 -16004 -3440 -12409 9114 -10457 END
START -2144 -16980 -3072 -10440 10406 -8161 END
START -1600 -17512 -3292 -7616 10593 -7541 END
START -964 -17896 -5976 -9417 12782 -8741 END
START -332 -17728 -5308 -11489 15625 -9069 END
START -232 -18780 -6448 -11964 18424 -8467 END
START -808 -20344 -4004 -7630 23077 -9757 END
START -1544 -22452 -900 -5784 23221 -10901 END
START -2396 -23276 2776 -6707 24150 -12133 END
START -3608 -22180 7644 -5673 24099 -13394 END
START -3584 -20616 12644 -3773 17529 -16272 END