START 4160 -14356 -11532 -1443 -538 142 END
START 3960 -14196 -13884 547 1441 871 END
START 4492 -15384 -16372 -2539 3020 672 END
START 4692 -15028 -19712 -5980 6640 596 END
START 4396 -14392 -22588 -6697 12192 838 END
START 4200 -12804 -20352 -5242 16811 1093 END
START 3892 -11280 -15404 -1468 19310 2206 END
START 2780 -10368 -8880 217 19005 4299 END
START 2580 -11128 -4184 -2147 18254 6343 END
START 2016 -11760 784 -7642 21153 6320 END
START 1320 -12500 5752 -13931 19076 6814 END
START 888 -13820 9628 -9655 14876 8640 END
START 888 -13700 13560 -3460 10311 10591 END
START 1796 -16412 17112 -3469 7094 9693 END
START 2312 -17732 19176 -3764 1503 8063 END
START 4200 -16860 17308 -989 -4556 6648 END
START 5096 -15108 13872 321 -8712 5128 END
START 5372 -14004 10476 657 -11953 4532 END
START 4864 -15080 8132 1551 -15839 4459 END
START 4532 -16808 4632 464 -18994 4108 END
START 3712 -19428 512 1055 -19839 3616 END
START 3180 -20412 -1580 2022 -20976 2594 END
START 2524 -22336 -7084 454 -21957 1021 END
START 1844 -21932 -13332 -1713 -19502 -759 END
START 1984 -22256 -19308 -2948 -15334 -2709 END
START 900 -20012 -22356 -1208 -11235 -4082 END
START 972 -17620 -23228 39 -8271 -4206 END
START 916 -15880 -25816 -769 -2011 -4028 END
START 344 -13780 -24492 -4381 4394 -3505 END
START 280 -11816 -21780 -2818 7416 -2423 END
START 512 -9312 -18652 -56 10246 -210 END
START -192 -7880 -14756 -141 12462 2983 END
START -584 -6732 -11724 -1924 16578 5839 END
START -1044 -5592 -8212 -6753 18620 8066 END
START -1428 -5260 -5628 -8724 19559 10277 END
START -2796 -7836 -1944 -1703 19163 12142 END
START -3480 -8212 2464 5550 16055 13411 END
START -3800 -7748 5700 -1775 14590 14464 END
START -6168 -11732 7384 -13450 12514 16587 END
START -7844 -16932 10088 -8352 7470 18123 END
START -8048 -20456 13292 2619 2184 16966 END
START -7028 -20884 15964 3140 -3355 14958 END
START -6504 -19688 15596 -343 -9569 13594 END
START -5876 -20784 13868 2595 -13987 13428 END
START -5868 -22376 12724 8725 -18259 13043 END
START -6516 -24860 10904 11256 -22173 11260 END
START -5256 -27136 7080 10172 -25509 9039 END
START -5520 -30256 796 7053 -27932 6399 END
START -5372 -32200 -5752 6301 -29280 2248 END
START -5948 -32612 -11672 5883 -28722 -1754 END
START -6400 -32556 -16248 3307 -26511 -5505 END
START -7176 -31400 -19808 -716 -23235 -9286 END
START -7540 -28620 -20316 -1723 -19382 -12361 END
START -7748 -25388 -21780 -2916 -14828 -14438 END
START -7716 -22576 -22480 -5462 -7910 -15916 END
START -7520 -18704 -20872 -8475 -1649 -15746 END
START -6992 -17296 -19260 -7893 3610 -14963 END
START -6272 -15908 -17012 -7317 8215 -13411 END
START -5796 -15616 -15220 -7566 11943 -12417 END
START -4984 -15448 -13412 -9457 15669 -11744 END
START -4140 -15164 -11984 -13109 20125 -10479 END
START -3192 -15184 -12092 -17573 22801 -9218 END
START -4032 -17044 -12188 -15697 27770 -9318 END
START -5012 -18048 -10460 -8291 32767 -11296 END
START -5768 -14496 -5268 -6960 32767 -12866 END
START -5580 -9140 -2440 -15983 32767 -8377 END
START -5796 -9548 416 -17840 32767 -1577 END