START -2476 -10964 -3824 -7741 11127 -6384 END
START -2344 -11704 -4552 -15759 12948 -6434 END
START -2356 -17492 -10212 -11233 18438 -6600 END
START -4072 -17580 -10720 -9398 26037 -8007 END
START -2444 -19584 -8208 -8702 28233 -11607 END
START -3172 -19108 -3624 -3545 29469 -13083 END
START -4680 -15184 -1224 -4946 29651 -10542 END
START -5588 -16272 4244 -4857 31057 -10914 END
START -5236 -16604 11724 -5390 26825 -12312 END
START -3528 -14976 15268 -5234 20607 -13175 END
START -1400 -12320 17676 -1830 15005 -10649 END
START 836 -9124 18136 -2315 8760 -7773 END
START 2708 -7568 15788 -3191 5297 -5459 END
START 3876 -6588 14392 -3733 1763 -3217 END
START 3552 -6624 12244 -250 -1499 -512 END