START -2380 -5056 -16600 5551 29502 9166 END
START -3264 -6808 -7556 6508 30536 11293 END
START -2800 -9416 3884 7861 27319 13133 END
START -2656 -11560 12648 4695 19995 14252 END
START -4052 -18096 15512 -2766 13754 16303 END
START -5024 -25124 18892 -7585 11286 12913 END
START -3896 -28400 22292 -3887 4927 8352 END
START -500 -26752 22264 -960 -2718 2492 END
START 1864 -19692 19968 -117 -8682 -62 END
START 3048 -17256 16400 -2563 -13753 -69 END
START 1312 -16168 12244 -1095 -18550 -756 END
START 168 -15516 7888 884 -21356 -766 END
START -1264 -13844 5932 -126 -23184 -272 END
START -1784 -14652 1056 -2316 -26881 864 END
START -3320 -17348 -5960 562 -27575 1470 END
START -3916 -18156 -11188 5942 -23941 611 END
START -3840 -20404 -16604 4839 -20993 -175 END
START -4316 -21928 -20464 3091 -17314 -1580 END
START -4560 -21604 -25532 -112 -13396 -1962 END
START -3964 -21496 -29268 -503 -4504 -2544 END
START -3668 -18172 -28564 -2815 4614 -3119 END
START -3928 -15172 -24268 -5394 10538 -2439 END
START -3808 -12908 -18140 -1981 14601 -1213 END
START -3396 -9604 -12072 -28 15436 1264 END
START -3008 -7884 -8516 -1459 16677 2796 END
START -4120 -4156 -4876 -6041 18581 6532 END
START -4604 -2676 -1348 -9397 18503 11172 END
START -5804 -6200 3424 -3245 16104 14436 END
START -5612 -8696 7692 8064 12792 13551 END
START -6540 -7248 11220 6785 11521 13650 END
START -6824 -7792 13644 -7522 8777 16406 END
START -7116 -15016 16692 -7113 4522 17394 END
START -7148 -16796 17648 5739 -392 14079 END
START -6640 -15948 16292 4764 -4317 13613 END
START -7560 -17676 17020 -1100 -9667 13166 END
START -7788 -21556 14352 2192 -15198 13543 END
START -8956 -24516 11856 4558 -19846 13182 END
START -10620 -27844 9036 1445 -24909 9923 END
START -12288 -31280 1676 -2037 -30244 8228 END
START -11764 -32768 -7704 -2084 -30213 4560 END
START -12044 -32768 -12636 1288 -26650 -3012 END
START -12540 -32768 -15980 3308 -23640 -8342 END
START -12564 -32768 -21384 2550 -20400 -11670 END
START -12296 -28624 -22732 1117 -13766 -14505 END
START -12272 -23836 -21452 476 -7752 -15470 END
START -11460 -18448 -19748 -3091 -3327 -15239 END
START -10700 -15280 -17832 -6720 1753 -12443 END
START -9928 -12756 -15940 -7583 7577 -9108 END
START -9712 -13588 -13172 -5828 12233 -6344 END
START -9576 -14224 -9580 -450 15187 -4540 END
START -8732 -15564 -7088 1561 16057 -1429 END
START -8772 -15680 -6956 1233 18731 -848 END
START -7644 -17356 -6252 -1099 23773 -3752 END
START -8832 -17984 -2888 -1199 27265 -7097 END
START -7836 -17152 284 1812 28483 -10053 END
START -7164 -15196 3852 -2599 28547 -10151 END
START -7408 -17908 8480 -5355 28295 -11115 END
START -8268 -16376 12712 -3736 24833 -11610 END
START -7556 -16468 15888 951 17830 -12980 END
START -6112 -13568 14952 18 11369 -14337 END