START -1488 700 -13172 1437 18784 -694 END
START -1084 2580 -7544 1445 17958 3233 END
START -1488 4028 -4384 716 19080 8910 END
START -3176 1956 2088 -1452 19931 16220 END
START -2400 -3748 13096 2720 16165 20912 END
START -724 -11916 22628 6106 5967 24228 END
START -908 -28588 26172 5379 -3815 23849 END
START 376 -32768 24640 7554 -10619 16368 END
START 3984 -32768 16304 5722 -17856 6483 END
START 5968 -32768 880 3405 -21222 -1066 END
START 4104 -27892 -12228 1595 -18911 -5931 END
START 2024 -22620 -21604 -1301 -13493 -9663 END
START 1036 -16704 -25424 -1109 -5815 -11195 END
START 252 -12088 -24092 662 979 -11005 END
START 320 -6652 -21472 2211 7467 -8237 END
START -532 -2924 -16136 3709 13019 -3831 END
START -1564 -204 -11108 2339 16783 1467 END
START -2708 404 -6048 -907 19075 7945 END
START -4568 -2632 -72 -1856 16827 11601 END
START -4824 -8148 4788 196 12598 14236 END
START -4424 -12500 9008 5014 8674 14305 END
START -3704 -10820 11412 603 4658 13119 END
START -2912 -9880 12312 -9435 1525 17321 END
START -3188 -14488 16568 -5312 -321 20482 END
START -2968 -18916 21028 9039 -7582 21833 END
START -3800 -20100 19796 9628 -14001 22155 END
START -5700 -26640 18276 -533 -16734 21162 END
START -6644 -31480 18448 6286 -22113 17186 END
START -5804 -32768 13592 12930 -29735 13651 END
START -7200 -32768 3300 10772 -32768 7479 END
START -8828 -32768 -8620 7167 -32768 -127 END
START -9720 -32768 -19172 9635 -30256 -8207 END
START -9000 -32768 -22456 8693 -24332 -15361 END