START 3512 -13324 -24760 -5818 8570 1813 END
START 4656 -14332 -27332 -4296 12995 2650 END
START 4980 -12908 -28296 -2530 18370 3695 END
START 3752 -13228 -24960 1362 27089 4455 END
START 1628 -13792 -14404 4810 32545 3863 END
START 196 -14376 -1008 -2771 31961 2493 END
START -952 -14788 11000 -5223 25614 3424 END
START -564 -15744 18380 -244 17703 5187 END
START 468 -17272 23748 -3507 14972 3541 END
START 1140 -18744 27232 -8776 8698 400 END
START 3524 -15260 25056 -5747 -25 -1866 END
START 6348 -9824 20124 -4658 -5805 -2318 END
START 6460 -6416 15800 -2953 -9807 -1849 END
START 5464 -4640 13780 345 -12410 25 END
START 3908 -3816 14320 970 -16698 2763 END
START 1880 -4588 12228 -3328 -22138 6614 END
START -1440 -8664 7500 -1285 -25661 8472 END
START -3632 -11688 1928 5568 -27345 9734 END
START -3576 -13764 -1592 5383 -28046 10496 END
START -4060 -17448 -7660 1974 -28024 10805 END
START -4348 -23680 -18040 5665 -25314 9518 END
START -2288 -24640 -24788 12562 -19162 8582 END
START 76 -25692 -25636 10598 -13512 6276 END
START 1044 -27480 -29324 3826 -10568 5087 END
START 672 -30180 -32768 7291 -4809 2732 END
START 364 -28780 -32768 6874 3762 -1341 END
START -20 -26136 -31132 3149 11552 -4407 END
START -912 -22060 -25668 -597 17677 -5836 END
START -1980 -16184 -19516 -2792 23050 -6197 END
START -1948 -10492 -15260 -6599 27875 -4664 END
START -2936 -5116 -9572 -8216 30818 -2436 END
START -3620 1736 -3476 -7596 31381 4204 END
START -4328 2876 2608 -5613 29053 10511 END
START -5568 216 7388 -2299 24659 15498 END
START -6308 -4004 12532 3026 21191 16143 END
START -9456 -8464 19620 2273 17878 17825 END
START -10668 -16964 24780 486 9688 15598 END
START -9764 -17628 26768 2679 -951 14980 END
START -7424 -16524 25352 2884 -7799 16162 END
START -5944 -16008 21076 -4100 -13558 15615 END
START -5496 -17384 15212 -7816 -19012 13607 END
START -6724 -20888 10952 -885 -23129 11834 END
START -8552 -24612 9116 6396 -27811 12859 END
START -8836 -30880 2756 -927 -30561 13223 END
START -9720 -32768 -2672 -5446 -31203 7221 END
START -8700 -32768 -7968 -1030 -31368 827 END
START -7404 -32768 -15744 -2891 -30933 -5162 END
START -6676 -32768 -25976 -5612 -27357 -9356 END
START -5096 -32768 -32768 -5915 -15503 -13532 END
START -4844 -27772 -32768 -3323 -3524 -17373 END
START -5424 -20568 -32716 -666 5496 -16711 END
START -6020 -16812 -27236 -3119 11352 -13594 END
START -7204 -16384 -22828 -4794 15583 -11355 END
START -7664 -16400 -19120 -3045 22672 -11682 END
START -6740 -15372 -13956 -5727 25608 -11325 END
START -4352 -15708 -8512 -8847 26741 -9516 END
START -4296 -20544 -5640 -6435 29398 -9146 END
START -5956 -23452 780 -4387 28548 -9701 END
START -8528 -27808 6116 -5408 26782 -14153 END
START -8516 -23080 10484 -6171 24650 -18131 END
START -7024 -18388 11936 -5450 21654 -19010 END