START -1528 7640 -13236 1385 21437 10109 END
START -1732 5544 -4392 3029 25389 17404 END
START -2172 4712 4788 9375 24418 25383 END
START -3228 -432 18912 14648 19453 32767 END
START -7488 -20980 32767 12264 5970 32767 END
START -8412 -32768 32767 7815 -5805 30166 END
START -1836 -32768 30316 -2608 -16494 19386 END
START 3164 -32768 14532 1467 -23881 6951 END
START 2952 -32768 -2452 3978 -26313 111 END
START 1684 -31904 -14532 -1094 -22906 -5579 END
START -64 -27296 -21392 -4255 -16497 -9668 END
START -848 -23268 -25012 -4147 -9638 -11939 END
START -1324 -18188 -27120 -2854 -1910 -11593 END
START -1392 -13380 -24092 -1222 5757 -10948 END
START -744 -8336 -20516 -1370 12326 -9088 END
START -1948 -4612 -16028 -4066 17136 -6131 END
START -2256 -2952 -10884 -7076 18651 -3033 END
START -3004 -1504 -7000 -7845 19629 1583 END
START -3652 -1512 -2860 -3128 20579 6416 END
START -4796 148 2368 -3599 18341 12040 END
START -5804 -1748 6068 -5039 15353 16517 END
START -7756 -5688 12076 -1441 11724 19450 END
START -9516 -10000 16252 1766 9600 21196 END
START -11140 -16724 24160 -4777 4780 22522 END
START -8160 -24068 27452 -3414 -5090 20754 END
START -5692 -26268 26280 6527 -12019 16075 END
START -3648 -25208 24344 12691 -16284 13491 END
START -2920 -24396 21184 10947 -21622 12088 END
START -2832 -28140 14264 6868 -28389 11003 END
START -3728 -32768 4776 5521 -30211 7175 END
START -5936 -32768 -3676 2785 -31096 3155 END
START -5976 -32768 -15100 3007 -28103 -2753 END
START -5728 -32768 -19968 3149 -21785 -8435 END
START -6224 -32768 -19824 4643 -15754 -12403 END
START -6852 -28312 -16456 2907 -11458 -14222 END
START -7836 -23056 -14332 -1606 -8214 -14199 END
START -7552 -20044 -15248 -6026 -4652 -12663 END
START -7404 -18036 -13616 -4150 1293 -11672 END
START -6416 -13996 -11528 -3751 5742 -10301 END
START -4736 -12528 -11072 -7923 8432 -6527 END
START -4264 -14064 -12336 -10337 13475 -2712 END
START -3352 -17900 -11856 -8493 19399 -1923 END
START -2324 -20380 -10220 -7567 24579 -5629 END
START -2760 -22064 -6488 -14720 25702 -5223 END
START -2596 -28208 -3292 -17008 28580 -4436 END
START -2632 -32768 3636 -7959 32767 -8250 END
START -5656 -31868 11028 -3809 31254 -13753 END