START -412 1320 -12748 -5871 20919 2076 END
START -1256 4508 -6796 1480 20340 9040 END
START -1064 5332 1220 3472 19797 15917 END
START -1040 4448 10740 -2161 18982 20536 END
START -1212 -6240 23636 -6725 11126 24119 END
START -3384 -23928 32767 14509 -3854 27505 END
START -1624 -32768 28744 23824 -15401 24433 END
START 2392 -32768 18560 3776 -16867 15188 END
START 4064 -32768 6280 -5081 -18869 4845 END
START 3772 -32768 -4676 2078 -20607 -1307 END
START 2972 -28596 -12908 2771 -17720 -5086 END
START 2028 -24240 -21372 -3001 -11068 -6991 END
START 1056 -20088 -22296 -5039 -4207 -8851 END
START 364 -15124 -21016 -790 290 -9513 END
START 940 -9932 -19244 1317 4965 -6862 END
START 300 -5876 -16584 -1009 10510 -3938 END
START -1256 -3136 -12232 -2930 15747 -120 END
START -1968 -1648 -7044 -4189 17287 4179 END
START -2888 -1480 -2688 -4435 17188 9351 END
START -3952 -1844 956 -3685 17106 14812 END
START -4672 -4132 5128 -4739 14411 17938 END
START -4860 -6248 8448 -7963 11465 18664 END
START -6316 -7236 11416 -13042 8638 19357 END
START -6848 -12060 14924 -8126 5568 21735 END
START -6460 -15420 19108 5890 3640 20407 END
START -7688 -16704 20368 -3141 -2206 17862 END
START -9536 -23560 18992 -14041 -8933 16410 END
START -9768 -32768 19000 9433 -14545 18709 END
START -8004 -32768 16280 16002 -23483 17239 END
START -8420 -32768 9232 5113 -29257 13334 END
START -7180 -32768 -4104 -64 -32768 6000 END
START -6064 -32768 -17288 5028 -31888 -2962 END
START -6008 -32768 -21804 7030 -24431 -7938 END
START -6620 -30312 -17952 3458 -19596 -11151 END
START -7264 -24444 -15292 2872 -15106 -12679 END
START -8288 -19048 -12976 1103 -11765 -12923 END
START -8404 -13780 -11876 -1403 -7599 -10072 END
START -8364 -12252 -11292 -2086 -2487 -7562 END
START -7528 -10644 -10004 446 1754 -6151 END
START -6512 -8868 -10344 -673 5579 -2963 END
START -5508 -10400 -10352 -1301 9837 376 END
START -5356 -15032 -12172 476 15262 2831 END
START -4996 -19668 -11088 4646 20414 2825 END
START -3568 -25132 -9216 5130 23424 415 END
START -4280 -31608 -7412 -1454 25035 -3769 END
START -6340 -32768 -4664 -5601 28506 -8520 END
START -8508 -32768 1744 -4568 28101 -16733 END
START -8040 -32768 5544 -2407 24824 -24497 END
START -7196 -31048 7980 -4586 21106 -30150 END
START -9160 -27140 8156 -7345 18883 -32103 END
START -11248 -23128 10280 -4474 17884 -32561 END
START -10040 -16748 13052 -2015 13656 -31191 END