START -5724 -17932 -27584 229 10265 2021 END
START -6000 -16764 -25972 5141 17142 1471 END
START -5836 -13612 -21724 4618 23137 2612 END
START -4960 -14464 -14868 512 26428 3698 END
START -5336 -13608 -6016 115 27066 5250 END
START -3536 -12944 2404 1203 24171 7707 END
START -1976 -14872 10808 8707 26096 7490 END
START -1096 -14876 20956 893 23891 6408 END
START 192 -18964 26868 -5050 16998 4714 END
START 2992 -18600 28296 -2143 8065 2655 END
START 4904 -15332 25900 -536 -421 884 END
START 5960 -12392 21152 -280 -7586 557 END
START 5416 -11716 15272 -1848 -13015 1648 END
START 3996 -12824 10388 -2742 -16304 2300 END
START 2524 -15572 7080 -1221 -18760 2059 END
START 1336 -17520 3032 1276 -21513 1814 END
START 104 -19124 -1372 -630 -23311 1792 END
START -776 -20404 -5936 -1533 -21649 499 END
START -1404 -20792 -8684 -1751 -18502 -1337 END
START -2944 -19964 -10376 -2386 -17875 -1965 END
START -3328 -19712 -15560 -2199 -16229 -2461 END
START -3716 -17636 -20052 -1961 -9599 -3212 END
START -4224 -15196 -20976 -3804 -3674 -2664 END
START -4152 -13664 -20092 -680 501 -2197 END
START -3360 -11832 -17320 2587 4178 -362 END
START -3520 -10108 -14248 977 7662 1832 END
START -3920 -9576 -12252 -3532 9788 4495 END
START -4140 -10108 -9984 -3850 11149 6356 END
START -4320 -10776 -7308 1306 12615 8141 END
START -4232 -9992 -4044 2790 12531 9247 END
START -3340 -9836 -2936 -2311 12811 10826 END
START -3340 -8264 -1600 -6451 15061 13115 END
START -4212 -10248 1960 -3993 14267 14700 END
START -4188 -12436 6168 3010 10738 15417 END
START -4432 -15452 10388 4457 8047 14693 END
START -5228 -16048 13276 -2602 4436 15120 END
START -4072 -18996 16116 -3886 1431 13991 END
START -3180 -16844 16412 -2563 -4090 12414 END
START -3104 -15832 14448 -1420 -9186 10612 END
START -5588 -13344 11824 52 -14297 12677 END
START -6076 -15636 9100 145 -16954 12920 END
START -7628 -18620 8120 3088 -20319 12180 END
START -10128 -21700 4612 3889 -24143 10637 END
START -12136 -27516 -2192 3906 -24801 7931 END
START -11948 -31900 -6556 3396 -22102 4700 END
START -12972 -32768 -7032 3332 -20632 -148 END
START -13468 -32768 -7584 5142 -19740 -5412 END
START -13956 -32768 -9212 3919 -18023 -10624 END
START -13792 -28208 -14392 -1218 -14645 -12820 END
START -13564 -24476 -16880 -4351 -10762 -15379 END
START -12508 -19556 -18084 -5809 -6479 -16136 END
START -11168 -15092 -18340 -4240 -1863 -15329 END
START -10076 -12048 -18564 -4706 4939 -11832 END
START -10368 -11632 -17744 -2180 11494 -9853 END
START -9824 -10808 -17300 -3272 15942 -7380 END
START -8984 -12032 -17920 -5605 21901 -5251 END
START -10352 -14476 -16948 -5359 29799 -4132 END
START -11820 -18092 -10188 -59 32767 -5448 END
START -13216 -18664 -2492 1337 32767 -5733 END
START -13636 -19348 3360 -3290 32767 -6400 END