START -624 -1688 -21044 2307 13202 -2876 END
START -1012 1192 -15556 -805 20249 3090 END
START -2292 5484 -8512 123 21576 7585 END
START -2880 7908 -1376 2169 21057 14202 END
START -3220 3348 8588 4017 20793 21124 END
START -5260 -3440 23464 5210 14063 26303 END
START -7516 -17324 32120 6395 1297 29138 END
START -7556 -32044 32767 6257 -8483 26613 END
START -2784 -32768 27224 5599 -17094 19272 END
START 2208 -32768 11372 6200 -23481 11739 END
START 2604 -32768 -4000 5165 -24467 4194 END
START 580 -32768 -14192 2902 -21417 -1400 END
START -1776 -32768 -22820 211 -16537 -6390 END
START -2456 -28452 -23956 -2309 -9885 -10971 END
START -3076 -22232 -22108 -1972 -1942 -13361 END
START -4124 -15128 -18148 319 3852 -13021 END
START -3864 -8812 -14460 -842 8176 -10228 END
START -3808 -4736 -10156 -2741 11917 -6596 END
START -3884 -2120 -6332 -4627 12696 -1430 END
START -3992 -1936 -3420 -2697 13011 3765 END
START -4308 -2932 72 -3355 14084 6294 END
START -4784 -1440 2992 -9711 12276 10744 END
START -5260 -5864 5732 -10290 7976 14576 END
START -6244 -9464 8232 5101 4693 18243 END
START -4988 -9916 13128 6579 5231 17352 END
START -4280 -11392 18252 -5345 536 16126 END
START -5540 -13796 19352 600 -4379 15574 END
START -5308 -15664 19556 4364 -8691 17873 END
START -5744 -20376 18892 5424 -12530 18712 END
START -5588 -27264 17244 8459 -16363 15271 END
START -7088 -31428 13040 7830 -21282 11725 END
START -8244 -32768 4628 6391 -23819 8601 END
START -7932 -32768 -2012 7468 -23657 4741 END
START -7604 -32768 -10076 5889 -23384 -639 END
START -7380 -32768 -19828 4059 -19000 -6333 END
START -7204 -32768 -20488 7934 -11711 -12083 END
START -7260 -27492 -17496 8335 -6909 -15199 END
START -7868 -23444 -12972 2160 -3775 -14119 END
START -7416 -21220 -9376 850 -1463 -12630 END
START -7344 -17888 -7708 -1313 93 -11405 END
START -6724 -15444 -7256 -7133 1845 -10681 END
START -5608 -17440 -7192 -9081 5493 -8187 END
START -5268 -19280 -7092 -6776 9456 -7294 END
START -3924 -21092 -7960 -8537 12284 -9194 END
START -2388 -22260 -10708 -12740 16554 -10270 END
START -3136 -22460 -11312 -19399 22489 -11213 END
START -4004 -25068 -8908 -19184 28797 -11434 END
START -5184 -26348 -2744 -9047 32767 -12200 END