START -308 -4004 -16680 4306 9440 4846 END
START -1416 -2152 -14672 3256 16032 8016 END
START -2560 -1824 -10752 2861 18687 11771 END
START -4368 -1324 -6376 4213 21338 16017 END
START -5648 -3724 2064 3211 19521 18007 END
START -6824 -6604 11828 3688 15324 19488 END
START -8932 -15892 20924 7781 9377 23886 END
START -7972 -27732 32168 7726 6362 21387 END
START -2416 -32724 32767 1220 -3195 14964 END
START 4000 -31784 30544 3533 -17314 9514 END
START 3632 -28428 15684 5556 -25052 7154 END
START 708 -31700 808 972 -26298 4203 END
START -2552 -32768 -9468 -3680 -24010 -1999 END
START -4324 -30440 -16016 -3550 -21223 -7842 END
START -5560 -25372 -20820 -2835 -16543 -10530 END
START -5012 -21692 -22316 -4781 -9723 -11156 END
START -4864 -17260 -20916 -4717 -1866 -11729 END
START -4392 -12180 -17656 -5807 4596 -12432 END
START -5040 -6336 -14056 -7791 9701 -10843 END
START -4860 -3232 -10272 -9102 12851 -5280 END
START -4056 -2876 -6132 -6266 13564 1110 END
START -3972 -4220 -3088 -2764 14112 4891 END
START -3996 -5140 188 -2072 14689 5597 END
START -5268 -1396 2664 -2600 13969 8928 END
START -4868 -3512 5568 -6722 12363 16183 END
START -5864 -7944 8556 -3082 9967 19225 END
START -7080 -14808 13892 7576 8100 20722 END
START -6200 -17144 19832 11726 4802 18906 END
START -4656 -17404 21208 1949 -1863 17307 END
START -3220 -18764 19384 1726 -6543 18998 END
START -3856 -22176 19232 11137 -9041 18408 END
START -4768 -25124 19472 10748 -16350 16169 END
START -5952 -29744 15788 5831 -21712 12690 END
START -7064 -32768 7560 4431 -25610 9484 END
START -7776 -32768 -2240 5291 -25487 4591 END
START -8056 -32768 -7988 6181 -23399 -1681 END
START -9088 -32768 -12328 4689 -21590 -6380 END
START -9564 -32768 -17192 -632 -18447 -9645 END
START -10228 -32448 -18684 -2349 -11619 -13416 END
START -11044 -26792 -16244 -1762 -6805 -16545 END
START -10248 -20760 -14424 -4967 -3149 -17043 END
START -9208 -17860 -14084 -9822 3000 -15548 END
START -9264 -15664 -13316 -8737 10353 -14316 END
START -7776 -12696 -11832 -8952 14004 -12266 END
START -6580 -12780 -10872 -11647 18219 -10089 END
START -6392 -13608 -9888 -11768 24982 -8199 END
START -6092 -16468 -5168 -12907 29694 -7109 END
START -5844 -21652 1616 -6438 31760 -5299 END